-1.561589 4.400159 3.285350 -2.133031 -3.676436 2.156414 1.185249 0.074536 -1.569804 2.519242 = -0.00005166 @ 399978 248866
-1.561589 4.400159 3.285350 -2.133031 -3.676436 2.156414 1.185249 0.074536 -1.569804 2.519242 = -0.00005167 @ 396638 246652
-1.561589 4.400159 3.285350 -2.133031 -3.676436 2.156414 1.185249 0.074536 -1.570375 2.519242 = -0.00006117 @ 398573 247936
-1.561589 4.400159 3.285350 -2.133031 -3.676436 2.156414 1.185249 0.074536 -1.570417 2.519242 = -0.00006668 @ 387864 241765
-1.561708 4.400159 3.285350 -2.132348 -3.676436 2.156414 1.185249 0.074536 -1.570417 2.519242 = -0.00008547 @ 379193 237078
-1.561962 4.400159 3.285350 -2.132348 -3.676436 2.156414 1.185249 0.074536 -1.570417 2.519242 = -0.00011310 @ 389428 242620
-1.561589 4.400159 3.285350 -2.133031 -3.676436 2.155667 1.185249 0.074536 -1.569804 2.519242 = -0.00012914 @ 398438 247855
-1.561708 4.399939 3.284774 -2.132314 -3.675978 2.156414 1.185357 0.074759 -1.570417 2.519242 = -0.00013220 @ 392394 244337
-1.561708 4.400150 3.284796 -2.132635 -3.676418 2.156412 1.185590 0.074515 -1.570417 2.519242 = -0.00013378 @ 393106 244732
-1.561708 4.399939 3.284796 -2.132345 -3.676436 2.156414 1.185357 0.074759 -1.570417 2.519242 = -0.00013550 @ 397883 247489
-1.561708 4.399939 3.284809 -2.132404 -3.675710 2.156556 1.185423 0.074799 -1.570215 2.519242 = -0.00013969 @ 393578 244982
-1.561610 4.399939 3.284831 -2.132513 -3.675593 2.156439 1.185236 0.074536 -1.569693 2.519085 = -0.00014666 @ 397312 247089
-1.561708 4.400218 3.285350 -2.132297 -3.675729 2.156414 1.185249 0.074536 -1.570417 2.519660 = -0.00014723 @ 384092 239697
-1.561708 4.399939 3.284831 -2.132513 -3.675593 2.156439 1.185357 0.074759 -1.570417 2.519242 = -0.00015151 @ 395257 245882
-1.561708 4.400159 3.285350 -2.133031 -3.676436 2.155667 1.185249 0.074536 -1.569804 2.519579 = -0.00016477 @ 399166 248301
-1.561724 4.400267 3.286095 -2.132635 -3.675978 2.156414 1.184941 0.074536 -1.570417 2.519164 = -0.00018269 @ 398616 247964
-1.561685 4.399407 3.284764 -2.132464 -3.676436 2.156414 1.185305 0.074528 -1.570367 2.519207 = -0.00018439 @ 396532 246588
-1.561708 4.399939 3.284831 -2.132513 -3.676707 2.156414 1.185236 0.075109 -1.570417 2.519085 = -0.00019553 @ 398613 247962
-1.561708 4.399939 3.284809 -2.132404 -3.675710 2.156556 1.185423 0.075109 -1.570417 2.519242 = -0.00019720 @ 391567 243870
-1.561860 4.400453 3.284740 -2.133178 -3.676434 2.156155 1.185225 0.074541 -1.570436 2.519158 = -0.00020070 @ 392709 244513
-1.561724 4.400267 3.286095 -2.132635 -3.675851 2.156545 1.184941 0.074536 -1.570417 2.519179 = -0.00020159 @ 397992 247567
-1.561724 4.400267 3.286095 -2.132635 -3.675851 2.156545 1.184941 0.074536 -1.570417 2.519164 = -0.00020215 @ 396613 246636
-1.561724 4.400267 3.286095 -2.132635 -3.675851 2.156545 1.184941 0.074536 -1.570417 2.519164 = -0.00020217 @ 399634 248620
-1.561708 4.399939 3.285942 -2.132513 -3.675800 2.156414 1.184600 0.074440 -1.570430 2.519085 = -0.00021908 @ 399996 248875
-1.561708 4.400267 3.286151 -2.132464 -3.676418 2.156414 1.185357 0.074781 -1.570417 2.519242 = -0.00021912 @ 397301 247083
-1.561724 4.400267 3.286095 -2.132635 -3.676418 2.156412 1.185355 0.074781 -1.570593 2.519164 = -0.00022182 @ 385711 240626
-1.561687 4.399939 3.285561 -2.133585 -3.676436 2.156414 1.185357 0.074759 -1.570551 2.519242 = -0.00023179 @ 395692 246117
-1.561708 4.400248 3.285350 -2.131980 -3.676436 2.156414 1.185375 0.074168 -1.570519 2.519085 = -0.00023476 @ 399811 248747
-1.561708 4.400123 3.284678 -2.133494 -3.676431 2.156555 1.185361 0.074602 -1.569637 2.519242 = -0.00024951 @ 395730 246138
-1.561761 4.400448 3.285942 -2.132643 -3.675800 2.156550 1.184600 0.074441 -1.570430 2.519479 = -0.00026302 @ 396620 246640
-1.561761 4.400448 3.285942 -2.132643 -3.675800 2.156550 1.184600 0.074440 -1.570430 2.519479 = -0.00026302 @ 399975 248864
-1.561708 4.399180 3.284678 -2.133031 -3.676436 2.156414 1.185249 0.074536 -1.570417 2.519242 = -0.00027350 @ 390942 243450
-1.562024 4.400731 3.285220 -2.132435 -3.675658 2.156479 1.185491 0.074219 -1.569869 2.519358 = -0.00027739 @ 394040 245229
-1.561708 4.400285 3.284774 -2.133494 -3.676070 2.155589 1.185355 0.074781 -1.570417 2.519242 = -0.00031479 @ 398111 247649
-1.561362 4.399939 3.286339 -2.132404 -3.676631 2.156414 1.185249 0.074536 -1.570417 2.519242 = -0.00031504 @ 399450 248489
-1.561362 4.400228 3.286339 -2.132404 -3.676631 2.156414 1.185249 0.074536 -1.570417 2.519242 = -0.00031769 @ 399969 248856
-1.561724 4.399939 3.284678 -2.132348 -3.676436 2.156414 1.184142 0.075047 -1.570417 2.519164 = -0.00039674 @ 387871 241768
-1.561640 4.399842 3.284810 -2.132464 -3.676436 2.155811 1.185408 0.074536 -1.568994 2.518661 = -0.00040919 @ 395480 246002
-1.561082 4.400159 3.285271 -2.133500 -3.676012 2.156414 1.184141 0.075087 -1.569870 2.519016 = -0.00041671 @ 399954 248848
-1.561362 4.399506 3.286510 -2.132404 -3.676631 2.156556 1.185423 0.074536 -1.570215 2.519242 = -0.00044183 @ 397563 247266
-1.561528 4.398883 3.284774 -2.133494 -3.675729 2.156414 1.185249 0.074536 -1.570417 2.519072 = -0.00048708 @ 392530 244412
-1.561761 4.400448 3.283880 -2.132760 -3.675800 2.156550 1.185249 0.074440 -1.570428 2.519242 = -0.00049010 @ 399999 248881
-1.561640 4.399842 3.284810 -2.132404 -3.675363 2.155811 1.185408 0.074536 -1.568994 2.518661 = -0.00053317 @ 390192 243039
-1.561708 4.400159 3.285350 -2.133031 -3.676436 2.155406 1.184163 0.073606 -1.570417 2.519242 = -0.00061496 @ 398196 247705
-1.561082 4.400222 3.284868 -2.133500 -3.676012 2.157214 1.184141 0.075087 -1.569868 2.519016 = -0.00061708 @ 392916 244627
-1.561082 4.400222 3.284868 -2.133500 -3.676012 2.157214 1.184141 0.075087 -1.569868 2.519016 = -0.00061709 @ 386178 240874
-1.561708 4.399939 3.285350 -2.133031 -3.674432 2.156414 1.185423 0.075109 -1.569316 2.519242 = -0.00074274 @ 399785 248724
-1.561708 4.399939 3.284796 -2.132901 -3.674432 2.156414 1.185775 0.075109 -1.570417 2.519242 = -0.00076718 @ 382626 238896
-1.562235 4.400834 3.285271 -2.132571 -3.676300 2.156639 1.185660 0.074547 -1.569870 2.520798 = -0.00080836 @ 396923 246822
-1.562081 4.399482 3.284831 -2.132513 -3.675593 2.156439 1.185564 0.076238 -1.570523 2.519792 = -0.00081497 @ 392217 244240
-1.561708 4.400932 3.284791 -2.132760 -3.676981 2.155269 1.184383 0.075395 -1.570417 2.519242 = -0.00081785 @ 399932 248832
-1.560195 4.400268 3.286501 -2.132122 -3.676381 2.155681 1.185249 0.074562 -1.570418 2.519242 = -0.00081984 @ 396950 246837
-1.559764 4.400261 3.284960 -2.133494 -3.675729 2.156414 1.185249 0.074536 -1.570557 2.519378 = -0.00082103 @ 393615 245003
-1.562583 4.399939 3.285525 -2.132827 -3.676381 2.154700 1.185249 0.073994 -1.570417 2.519242 = -0.00083470 @ 393525 244954
-1.561708 4.399876 3.286284 -2.132404 -3.676436 2.156414 1.185249 0.074536 -1.568303 2.519579 = -0.00084574 @ 392002 244118
-1.562081 4.399963 3.285561 -2.133585 -3.676324 2.156556 1.185775 0.076238 -1.570523 2.519792 = -0.00085288 @ 395242 245874
-1.561589 4.398486 3.283880 -2.132760 -3.676436 2.156414 1.185249 0.074210 -1.570428 2.519242 = -0.00088458 @ 396758 246722
-1.561708 4.399939 3.284796 -2.132901 -3.674432 2.155269 1.185355 0.074781 -1.570593 2.519242 = -0.00090484 @ 399913 248818
-1.561724 4.400267 3.286095 -2.132635 -3.676354 2.157910 1.186212 0.075074 -1.570417 2.519164 = -0.00092475 @ 399228 248340
-1.560502 4.399844 3.284938 -2.134381 -3.676373 2.156378 1.185218 0.073945 -1.570701 2.519381 = -0.00093415 @ 386093 240826
-1.559764 4.400261 3.284960 -2.133494 -3.675729 2.155589 1.185556 0.074536 -1.570557 2.519378 = -0.00094482 @ 399562 248571
-1.562081 4.399482 3.284831 -2.132477 -3.676917 2.156568 1.185241 0.076238 -1.570523 2.520064 = -0.00096054 @ 397565 247268
-1.563465 4.400261 3.284678 -2.132345 -3.676436 2.156411 1.185556 0.074193 -1.570417 2.519716 = -0.00096660 @ 397406 247157
-1.561625 4.400261 3.284796 -2.132262 -3.676436 2.155996 1.185249 0.076649 -1.570594 2.519579 = -0.00099212 @ 393583 244985
-1.562154 4.400261 3.284739 -2.131303 -3.676575 2.155271 1.185924 0.073844 -1.570417 2.519115 = -0.00103559 @ 398516 247900
-1.560195 4.400268 3.283556 -2.132464 -3.676495 2.155740 1.185357 0.074781 -1.570418 2.519260 = -0.00105331 @ 399814 248750
-1.562235 4.400834 3.284868 -2.133500 -3.676300 2.157214 1.185660 0.075087 -1.569870 2.520798 = -0.00106293 @ 399835 248765
-1.561724 4.400267 3.284575 -2.130528 -3.676418 2.156412 1.185355 0.074781 -1.570593 2.519164 = -0.00113106 @ 398708 248018
-1.562024 4.397801 3.285220 -2.132435 -3.675540 2.156479 1.185572 0.074144 -1.569869 2.519358 = -0.00113737 @ 392712 244514
-1.561708 4.400019 3.284796 -2.132262 -3.676707 2.156414 1.185455 0.075109 -1.570417 2.521274 = -0.00113886 @ 396740 246712
-1.561708 4.400285 3.286929 -2.134064 -3.675216 2.157170 1.185612 0.074325 -1.570032 2.519500 = -0.00122598 @ 387673 241663
-1.562433 4.399963 3.285561 -2.133585 -3.676324 2.156556 1.185775 0.076649 -1.570545 2.519830 = -0.00123115 @ 395247 245877
-1.562847 4.401462 3.286339 -2.132288 -3.675776 2.156375 1.185249 0.074540 -1.569972 2.520316 = -0.00125068 @ 395424 245972
1.757652 1.595869 -4.309165 -2.486169 0.361544 -0.063158 4.342803 1.899366 -2.231516 -2.155738 = -0.00126204 @ 399391 248451
1.757641 1.595869 -4.309165 -2.486169 0.361544 -0.063158 4.342803 1.899366 -2.231516 -2.155738 = -0.00126365 @ 399527 248548
-1.561685 4.399407 3.284764 -2.132464 -3.677623 2.157753 1.184008 0.074683 -1.570367 2.519207 = -0.00126847 @ 399598 248597
-1.561708 4.398779 3.284678 -2.133646 -3.676624 2.155589 1.185556 0.074799 -1.570417 2.520884 = -0.00128037 @ 392038 244142
1.757838 1.595869 -4.309334 -2.486169 0.361544 -0.063158 4.342819 1.899366 -2.231516 -2.155738 = -0.00128906 @ 399910 248816
-1.561470 4.399298 3.284781 -2.133504 -3.676096 2.157416 1.185541 0.074038 -1.568856 2.517889 = -0.00132465 @ 397616 247301
-1.562230 4.401547 3.284678 -2.132635 -3.676305 2.156687 1.185556 0.074541 -1.569988 2.521039 = -0.00135883 @ 390908 243431
-1.561558 4.399803 3.287844 -2.132404 -3.675710 2.156556 1.185357 0.074759 -1.570417 2.519735 = -0.00136620 @ 396173 246373
-1.561708 4.400212 3.285735 -2.132046 -3.677967 2.157925 1.185658 0.074210 -1.570181 2.519453 = -0.00136829 @ 398626 247969
-1.562230 4.401547 3.284868 -2.133500 -3.676012 2.156687 1.185556 0.074541 -1.569988 2.521039 = -0.00139959 @ 394550 245501
-1.562847 4.401462 3.286339 -2.131758 -3.675760 2.156375 1.185249 0.074540 -1.569972 2.520316 = -0.00141109 @ 396447 246538
-1.562847 4.401462 3.286339 -2.131758 -3.675759 2.156375 1.185249 0.074540 -1.569972 2.520316 = -0.00141112 @ 399797 248736
-1.559764 4.399298 3.285561 -2.133504 -3.677118 2.156414 1.185200 0.074948 -1.570557 2.517889 = -0.00151127 @ 399724 248684
-1.560801 4.402360 3.285746 -2.133080 -3.676560 2.157091 1.185454 0.075079 -1.570971 2.519669 = -0.00154633 @ 391065 243531
-1.562238 4.402844 3.285350 -2.132345 -3.675725 2.156414 1.185423 0.074294 -1.570365 2.519237 = -0.00173595 @ 394307 245371
-1.564329 4.400280 3.285115 -2.132023 -3.676533 2.157170 1.185378 0.074541 -1.570417 2.519434 = -0.00178266 @ 397593 247286
-1.561625 4.399134 3.284774 -2.133494 -3.677035 2.158101 1.185249 0.074998 -1.570619 2.517760 = -0.00179376 @ 385825 240685
1.757838 1.594093 -4.309334 -2.485999 0.361544 -0.063158 4.342803 1.899366 -2.231516 -2.155738 = -0.00180531 @ 396293 246445
-1.561625 4.399134 3.284774 -2.133494 -3.677035 2.158101 1.184383 0.074210 -1.570428 2.517760 = -0.00184022 @ 397918 247514
-1.561708 4.400494 3.288163 -2.132345 -3.676436 2.156412 1.185590 0.073618 -1.570032 2.519500 = -0.00185790 @ 394989 245738
1.757838 1.594093 -4.309334 -2.486169 0.361544 -0.063158 4.342803 1.899366 -2.231516 -2.155738 = -0.00186841 @ 390495 243205
-1.561362 4.399506 3.286510 -2.132414 -3.676631 2.159101 1.185249 0.074536 -1.569696 2.518738 = -0.00205556 @ 398751 248045
-1.561362 4.399506 3.286510 -2.132414 -3.676631 2.159101 1.185249 0.074536 -1.569693 2.518738 = -0.00205597 @ 393019 244684
-1.558789 4.398486 3.284809 -2.132760 -3.675710 2.156556 1.185660 0.074781 -1.569870 2.519734 = -0.00208097 @ 399874 248789
-1.558777 4.400159 3.285271 -2.132571 -3.676300 2.156414 1.185660 0.074314 -1.569870 2.520798 = -0.00208831 @ 399671 248648
-1.561625 4.399134 3.287630 -2.132414 -3.677035 2.158101 1.185249 0.074210 -1.570428 2.518738 = -0.00215754 @ 399907 248814
-1.561708 4.400241 3.286151 -2.129564 -3.676436 2.156414 1.185357 0.074759 -1.570551 2.519242 = -0.00216100 @ 394067 245243
-1.561708 4.400241 3.286151 -2.129564 -3.676436 2.156414 1.185357 0.074759 -1.570551 2.519242 = -0.00216101 @ 397336 247105
-3.395367 -3.316864 2.346774 2.060984 4.371968 3.119848 0.542600 -4.744110 3.611866 2.474675 = -0.00221530 @ 399084 248253
-3.395367 -3.316864 2.346774 2.060984 4.371968 3.119847 0.542600 -4.744110 3.611866 2.474675 = -0.00221537 @ 397760 247403
-1.561362 4.399506 3.284604 -2.132760 -3.672935 2.156414 1.185775 0.075109 -1.570417 2.519488 = -0.00225405 @ 399913 248818
-1.561610 4.399939 3.284796 -2.132262 -3.676707 2.159591 1.185236 0.075109 -1.570417 2.519085 = -0.00233739 @ 396987 246859
-1.564169 4.399743 3.285967 -2.132083 -3.676689 2.157910 1.186138 0.074267 -1.570428 2.520063 = -0.00234577 @ 395486 246006
-1.559046 4.400161 3.284812 -2.132245 -3.677144 2.156412 1.185621 0.075338 -1.568554 2.520345 = -0.00235322 @ 399528 248549
1.757677 1.594131 -4.309307 -2.486861 0.361544 -0.063158 4.342283 1.899374 -2.231619 -2.155433 = -0.00237716 @ 399218 248334
-1.561362 4.399506 3.284604 -2.132760 -3.672935 2.155269 1.185355 0.074781 -1.570593 2.519488 = -0.00240244 @ 398461 247869
-1.561708 4.400218 3.285350 -2.132297 -3.679635 2.156414 1.185249 0.074536 -1.570417 2.519164 = -0.00240981 @ 394684 245573
-1.561246 4.400280 3.284678 -2.132348 -3.676436 2.156406 1.185364 0.075047 -1.573478 2.519546 = -0.00240983 @ 399997 248876
-1.558623 4.400261 3.284796 -2.132262 -3.676707 2.156414 1.185617 0.075109 -1.568303 2.519119 = -0.00243018 @ 397978 247556
-1.561246 4.400280 3.286149 -2.132602 -3.676416 2.156406 1.185364 0.074901 -1.573478 2.519546 = -0.00243120 @ 386507 241050
-1.564940 4.399939 3.284806 -2.133585 -3.675710 2.156414 1.185249 0.074541 -1.570417 2.519429 = -0.00247244 @ 399050 248233
-1.559679 4.398969 3.283996 -2.132035 -3.677623 2.157753 1.184008 0.074683 -1.570372 2.519789 = -0.00251303 @ 383529 239392
-3.395367 -3.317044 2.347410 2.060984 4.371955 3.119374 0.542431 -4.744110 3.611866 2.474675 = -0.00252366 @ 398312 247781
-3.395536 -3.316864 2.346774 2.060984 4.371968 3.119841 0.542600 -4.743330 3.611866 2.473370 = -0.00256863 @ 397908 247505
-3.395367 -3.317044 2.346464 2.060984 4.371955 3.119547 0.542573 -4.744110 3.611866 2.473385 = -0.00257834 @ 399759 248706
-3.395367 -3.317044 2.347410 2.060984 4.371955 3.119169 0.542431 -4.744110 3.611866 2.474675 = -0.00260470 @ 395811 246181
-3.395367 -3.317044 2.347410 2.060984 4.371955 3.119169 0.542431 -4.744110 3.611866 2.474675 = -0.00260470 @ 398685 248004
1.757652 1.595869 -4.309165 -2.486169 0.361544 -0.065576 4.342819 1.899327 -2.231613 -2.155738 = -0.00260499 @ 399393 248452
-1.564329 4.399784 3.283139 -2.132023 -3.676533 2.157170 1.185378 0.074541 -1.570417 2.519434 = -0.00263411 @ 384311 239817
4.143269 2.475872 2.670165 -4.522708 3.639145 1.853520 -4.342897 0.610200 4.011153 -3.297223 = -0.00273679 @ 399732 248688
-1.561640 4.399013 3.285350 -2.132297 -3.679635 2.156414 1.185249 0.074536 -1.570701 2.518661 = -0.00274488 @ 395381 245949
-3.395991 -3.316864 2.346774 2.060984 4.371968 3.119841 0.542600 -4.743330 3.611866 2.473370 = -0.00276618 @ 396646 246656
-1.562235 4.398486 3.286308 -2.132760 -3.672935 2.156639 1.185660 0.074781 -1.569870 2.519164 = -0.00277921 @ 399554 248566
-1.564940 4.399361 3.286361 -2.133585 -3.675444 2.156631 1.185249 0.074541 -1.570509 2.519429 = -0.00278688 @ 399929 248826
-1.562514 4.400153 3.285561 -2.133585 -3.674752 2.155740 1.188253 0.074838 -1.570306 2.520122 = -0.00280742 @ 380590 237816
4.143324 2.475872 2.670165 -4.522708 3.639146 1.852968 -4.342897 0.610366 4.011153 -3.297223 = -0.00284224 @ 398928 248158
-1.561589 4.396463 3.283946 -2.132404 -3.676575 2.156414 1.185556 0.074193 -1.570417 2.519242 = -0.00285444 @ 397627 247307
-1.561684 4.398572 3.284751 -2.133501 -3.672935 2.156404 1.184383 0.074267 -1.570397 2.518508 = -0.00286755 @ 399893 248803
-1.562973 4.398989 3.284660 -2.131981 -3.676416 2.157141 1.185419 0.074134 -1.569891 2.522313 = -0.00291112 @ 396915 246817
1.757652 1.595869 -4.309404 -2.485838 0.360055 -0.065576 4.342819 1.899327 -2.231613 -2.155738 = -0.00295434 @ 399162 248299
1.758158 1.594093 -4.309334 -2.486169 0.361544 -0.065576 4.342803 1.899099 -2.231516 -2.155738 = -0.00296509 @ 395820 246186
1.758158 1.594093 -4.309334 -2.486169 0.361544 -0.065576 4.342803 1.899099 -2.231516 -2.155738 = -0.00296509 @ 398745 248040
-1.561042 4.399961 3.283703 -2.134848 -3.676918 2.156303 1.185468 0.073588 -1.570567 2.516927 = -0.00302316 @ 395095 245795
-1.561362 4.399506 3.284604 -2.132481 -3.674181 2.159101 1.185622 0.072871 -1.569693 2.519488 = -0.00304048 @ 387653 241653
1.757838 1.594243 -4.309334 -2.486169 0.361544 -0.065576 4.342803 1.899366 -2.231516 -2.155738 = -0.00304589 @ 396383 246498
1.757838 1.595869 -4.309165 -2.486169 0.360055 -0.065576 4.342819 1.899366 -2.231516 -2.155738 = -0.00305662 @ 398467 247872
1.757652 1.595869 -4.309165 -2.486169 0.360055 -0.065576 4.342819 1.899327 -2.231613 -2.155738 = -0.00305724 @ 397980 247557
1.757652 1.595869 -4.309165 -2.486169 0.360055 -0.065576 4.342819 1.899327 -2.231613 -2.155738 = -0.00305724 @ 398482 247881
1.757652 1.595869 -4.309168 -2.486169 0.360055 -0.065576 4.342819 1.899327 -2.231613 -2.155738 = -0.00305752 @ 398962 248180
1.757838 1.594243 -4.309334 -2.486169 0.361544 -0.065587 4.342803 1.899366 -2.231516 -2.155738 = -0.00305846 @ 399448 248489
-1.559778 4.399929 3.287797 -2.131518 -3.676228 2.156992 1.185416 0.074384 -1.569454 2.517237 = -0.00306852 @ 394402 245422
-1.561724 4.399939 3.283880 -2.132760 -3.679765 2.156414 1.184383 0.075047 -1.570417 2.519164 = -0.00306914 @ 399235 248346
-1.561819 4.399180 3.288507 -2.134415 -3.674763 2.155834 1.185437 0.075166 -1.569822 2.519273 = -0.00307434 @ 392559 244428
1.757652 1.595869 -4.309165 -2.486169 0.360055 -0.065576 4.342819 1.899366 -2.231613 -2.155738 = -0.00309016 @ 397300 247082
-1.560764 4.399958 3.288163 -2.130184 -3.675444 2.156631 1.185517 0.074115 -1.569624 2.519027 = -0.00310286 @ 398341 247798
-1.561470 4.399298 3.288481 -2.133504 -3.676096 2.157416 1.185541 0.074004 -1.568856 2.517889 = -0.00319134 @ 398622 247967
-3.395828 -3.317044 2.345366 2.060989 4.371914 3.119547 0.542573 -4.744110 3.611866 2.473767 = -0.00319251 @ 394792 245631
-3.395367 -3.317044 2.345425 2.060984 4.371955 3.119547 0.542573 -4.744110 3.611866 2.473385 = -0.00320972 @ 397054 246904
-1.562514 4.400153 3.283880 -2.133585 -3.674752 2.155740 1.188253 0.075047 -1.570417 2.520122 = -0.00323014 @ 399950 248842
-3.395367 -3.316805 2.348583 2.060984 4.371968 3.119775 0.542597 -4.744110 3.611866 2.474452 = -0.00324463 @ 399973 248859
-1.561709 4.399274 3.288481 -2.135176 -3.676448 2.156405 1.185254 0.074537 -1.570417 2.519862 = -0.00325142 @ 397931 247522
-1.561709 4.399274 3.288481 -2.135176 -3.676448 2.156479 1.185491 0.074219 -1.570417 2.519862 = -0.00331211 @ 394559 245506
-1.563247 4.399447 3.285350 -2.134415 -3.676436 2.156414 1.185408 0.076649 -1.570594 2.521909 = -0.00335008 @ 379628 237307
-1.562469 4.397934 3.282665 -2.130528 -3.675957 2.156550 1.186174 0.074536 -1.570423 2.519397 = -0.00336118 @ 388887 242323
-1.562864 4.399987 3.283776 -2.134953 -3.676424 2.155018 1.185461 0.074944 -1.570583 2.516930 = -0.00336617 @ 386306 240941
-3.395983 -3.317044 2.345425 2.060984 4.371955 3.119547 0.542647 -4.744110 3.611866 2.473385 = -0.00337608 @ 396546 246597
-1.564940 4.399806 3.283039 -2.132109 -3.676533 2.157170 1.185378 0.074541 -1.570417 2.519429 = -0.00341234 @ 396364 246487
-1.561708 4.400159 3.283897 -2.128838 -3.676029 2.155667 1.185249 0.074759 -1.570417 2.519242 = -0.00341248 @ 399225 248338
-1.561962 4.400159 3.283897 -2.128838 -3.676029 2.155667 1.185249 0.074536 -1.570417 2.519242 = -0.00343770 @ 397243 247037
-3.395983 -3.317044 2.345425 2.060984 4.371955 3.119547 0.542573 -4.744110 3.611866 2.473385 = -0.00344457 @ 396536 246590
-1.559679 4.400485 3.283996 -2.132760 -3.672935 2.155269 1.184383 0.074267 -1.570428 2.519789 = -0.00345154 @ 397767 247407
1.758094 1.594093 -4.309334 -2.486169 0.361544 -0.065587 4.342803 1.899367 -2.232155 -2.155383 = -0.00352114 @ 393985 245200
-1.561751 4.399927 3.284793 -2.132628 -3.680434 2.156662 1.185249 0.074537 -1.570669 2.518887 = -0.00368792 @ 399789 248730
-1.564940 4.399806 3.286095 -2.132109 -3.675851 2.153756 1.185348 0.074541 -1.570417 2.519164 = -0.00371268 @ 398994 248197
-1.561708 4.400267 3.286913 -2.132464 -3.676436 2.156414 1.185249 0.074536 -1.570417 2.523173 = -0.00393998 @ 399921 248823
-1.562996 4.400267 3.286095 -2.132635 -3.676725 2.156675 1.185227 0.076485 -1.570555 2.522771 = -0.00394473 @ 398347 247801
-1.561708 4.400261 3.284678 -2.128685 -3.676575 2.156556 1.185437 0.074668 -1.568303 2.519850 = -0.00404088 @ 384343 239834
-1.558789 4.396463 3.284809 -2.132404 -3.675710 2.156556 1.185437 0.074176 -1.570417 2.519734 = -0.00408642 @ 392258 244263
-1.561494 4.401684 3.285280 -2.137009 -3.675680 2.156428 1.185386 0.074101 -1.570171 2.519709 = -0.00415011 @ 394995 245741
-1.561494 4.401684 3.285280 -2.137009 -3.675679 2.156428 1.185386 0.074101 -1.570171 2.519709 = -0.00415038 @ 399825 248755
-3.395367 -3.317044 2.349215 2.061026 4.372327 3.119547 0.542573 -4.744110 3.611866 2.474675 = -0.00423887 @ 399933 248833
-3.395367 -3.317044 2.349215 2.061026 4.372327 3.119547 0.542573 -4.744110 3.611866 2.474675 = -0.00423915 @ 387991 241832
-3.395367 -3.317044 2.349215 2.061026 4.372327 3.119547 0.542573 -4.744110 3.611866 2.474675 = -0.00423917 @ 395570 246051
-1.558777 4.400159 3.285350 -2.133646 -3.676436 2.156414 1.187219 0.074314 -1.566902 2.519242 = -0.00424508 @ 385276 240400
-1.558904 4.396463 3.283946 -2.132404 -3.676575 2.156414 1.185556 0.074193 -1.570417 2.519734 = -0.00427372 @ 397463 247198
-1.561708 4.399939 3.285350 -2.133031 -3.676436 2.156414 1.185423 0.069906 -1.570478 2.519242 = -0.00428091 @ 397060 246907
-3.395366 -3.317044 2.346464 2.060984 4.371955 3.119040 0.542431 -4.741460 3.611866 2.474779 = -0.00429749 @ 397890 247496
-1.558789 4.396463 3.283946 -2.132404 -3.676575 2.156414 1.185556 0.074193 -1.570417 2.519734 = -0.00439384 @ 381903 238512
-1.561708 4.399939 3.286339 -2.132345 -3.676436 2.156414 1.185423 0.069906 -1.570478 2.519242 = -0.00446204 @ 378795 236867
4.143269 2.475872 2.670165 -4.522708 3.639146 1.852968 -4.339512 0.610200 4.011153 -3.297006 = -0.00450096 @ 398539 247914
4.143269 2.475872 2.670165 -4.522708 3.639146 1.852968 -4.339504 0.610200 4.011153 -3.297006 = -0.00451398 @ 391255 243689
-1.562247 4.400670 3.281175 -2.130361 -3.676436 2.155740 1.185423 0.074325 -1.569822 2.519371 = -0.00458157 @ 387816 241740
4.143324 2.476048 2.670165 -4.522708 3.639146 1.852968 -4.339377 0.610366 4.011153 -3.297006 = -0.00459715 @ 398717 248023
4.143324 2.476048 2.670165 -4.522708 3.639146 1.852968 -4.339377 0.610360 4.011153 -3.297006 = -0.00459953 @ 396609 246634
4.143324 2.476048 2.670165 -4.522708 3.639146 1.852968 -4.339377 0.610360 4.011153 -3.297006 = -0.00459953 @ 399638 248623
4.143324 2.476048 2.670165 -4.522708 3.639146 1.852968 -4.339377 0.610360 4.011153 -3.297006 = -0.00459953 @ 398397 247830
-1.561708 4.400115 3.281202 -2.132423 -3.673548 2.156412 1.185355 0.074092 -1.569695 2.519695 = -0.00464756 @ 399947 248840
-3.395367 -3.318516 2.347410 2.060984 4.371955 3.119169 0.542439 -4.741662 3.611866 2.473506 = -0.00465602 @ 391152 243620
-1.561362 4.400267 3.287630 -2.132414 -3.676495 2.156414 1.185249 0.078960 -1.569696 2.518738 = -0.00471227 @ 399640 248624
-3.395367 -3.317044 2.347410 2.060986 4.371999 3.119169 0.542431 -4.741460 3.611866 2.473126 = -0.00479108 @ 396782 246739
-1.561708 4.400267 3.287630 -2.132464 -3.676495 2.156414 1.185355 0.078960 -1.568994 2.519242 = -0.00482119 @ 396023 246294
-1.563384 4.398779 3.284831 -2.132513 -3.675593 2.156439 1.185564 0.074536 -1.569695 2.523504 = -0.00488509 @ 392345 244310
-3.395366 -3.317044 2.345425 2.060984 4.371955 3.119040 0.542431 -4.741460 3.611866 2.474779 = -0.00493362 @ 399759 248706
-1.559899 4.400364 3.284814 -2.133137 -3.674477 2.156556 1.184534 0.074217 -1.574104 2.521239 = -0.00505973 @ 376324 235555
-1.561684 4.398572 3.284751 -2.133501 -3.675554 2.156404 1.180307 0.074642 -1.570397 2.518508 = -0.00525884 @ 396980 246856
-1.561708 4.399939 3.281202 -2.132423 -3.673548 2.157762 1.185309 0.074092 -1.569695 2.517944 = -0.00544219 @ 392735 244526
-1.566522 4.398486 3.285561 -2.133031 -3.677118 2.156414 1.184383 0.074210 -1.570428 2.519128 = -0.00547387 @ 399805 248741
4.144172 2.476237 2.670165 -4.522708 3.639146 1.852968 -4.339504 0.610200 4.011153 -3.297006 = -0.00568142 @ 396832 246769
4.143269 2.475872 2.669608 -4.522708 3.639145 1.853520 -4.342897 0.607810 4.011153 -3.297223 = -0.00570314 @ 394332 245384
4.143269 2.475872 2.669608 -4.522708 3.639145 1.853520 -4.342897 0.607810 4.011153 -3.297223 = -0.00570314 @ 399936 248834
4.143269 2.475872 2.669608 -4.522708 3.639145 1.853520 -4.342897 0.607810 4.011153 -3.297237 = -0.00570334 @ 398257 247749
4.143269 2.475872 2.669608 -4.522708 3.639145 1.852968 -4.342897 0.607810 4.011153 -3.297223 = -0.00580747 @ 396243 246415
4.143269 2.475872 2.669608 -4.522708 3.639145 1.852968 -4.342897 0.607810 4.011153 -3.297223 = -0.00580747 @ 394272 245353
4.143269 2.475872 2.670165 -4.522708 3.639145 1.852968 -4.342897 0.607810 4.011153 -3.297006 = -0.00584501 @ 389564 242695
4.143269 2.475872 2.670165 -4.522708 3.639145 1.852968 -4.342897 0.607810 4.011153 -3.297006 = -0.00584502 @ 386607 241103
-1.563384 4.399939 3.285350 -2.132513 -3.673548 2.156439 1.185309 0.074092 -1.569695 2.523504 = -0.00584608 @ 399982 248868
-3.395367 -3.317103 2.343616 2.060984 4.371955 3.119619 0.542576 -4.744110 3.611866 2.473608 = -0.00587636 @ 399973 248859
4.144172 2.475872 2.670165 -4.522708 3.639145 1.852968 -4.339504 0.610200 4.011153 -3.297006 = -0.00590039 @ 399315 248398
4.143269 2.475872 2.670925 -4.522708 3.639145 1.852968 -4.342897 0.607810 4.011153 -3.297006 = -0.00620241 @ 392837 244583
4.143269 2.475872 2.670925 -4.522708 3.639145 1.852968 -4.342897 0.607810 4.011153 -3.297006 = -0.00620242 @ 392883 244608
1.757838 1.599063 -4.309334 -2.486169 0.362532 -0.060488 4.342819 1.899341 -2.231516 -2.156641 = -0.00622874 @ 396141 246356
-1.562847 4.400101 3.286339 -2.138127 -3.676555 2.156405 1.185254 0.074537 -1.569972 2.520316 = -0.00625898 @ 399923 248824
4.143269 2.475872 2.671043 -4.522708 3.639145 1.852968 -4.342897 0.607810 4.011153 -3.297006 = -0.00629088 @ 387761 241710
-3.395367 -3.317044 2.349215 2.061026 4.372327 3.119547 0.542431 -4.741460 3.611866 2.473126 = -0.00653483 @ 396066 246316
4.144172 2.477837 2.668953 -4.522708 3.639146 1.852968 -4.339473 0.612573 4.011153 -3.297094 = -0.00653789 @ 393767 245084
4.144172 2.477504 2.670165 -4.525253 3.639123 1.852968 -4.342944 0.610200 4.011153 -3.297006 = -0.00654447 @ 388432 242080
4.144172 2.477504 2.670165 -4.525253 3.639123 1.852968 -4.342951 0.610200 4.011153 -3.297006 = -0.00654889 @ 397484 247209
-1.562218 4.400120 3.290577 -2.132288 -3.675776 2.156375 1.185249 0.073056 -1.572226 2.519420 = -0.00664797 @ 398512 247898
-1.562218 4.400120 3.290577 -2.132288 -3.675776 2.156375 1.185249 0.073056 -1.572226 2.519420 = -0.00664797 @ 399989 248871
4.144172 2.477837 2.668953 -4.521647 3.639195 1.852968 -4.339473 0.612573 4.011153 -3.297094 = -0.00664955 @ 387738 241698
4.144172 2.477531 2.670164 -4.522708 3.639146 1.852968 -4.342896 0.607810 4.011153 -3.297006 = -0.00693336 @ 395495 246010
-1.562218 4.400120 3.290861 -2.132288 -3.675776 2.156375 1.185249 0.073056 -1.572226 2.519420 = -0.00721578 @ 389516 242669
-3.395367 -3.317155 2.342972 2.060989 4.371944 3.119547 0.542573 -4.744110 3.611866 2.474675 = -0.00723666 @ 394864 245670
-3.395367 -3.317155 2.342972 2.060989 4.371952 3.119547 0.542573 -4.744110 3.611866 2.474675 = -0.00723864 @ 398786 248066
-3.395367 -3.318516 2.343089 2.060986 4.371944 3.119547 0.542573 -4.744110 3.611866 2.474675 = -0.00739705 @ 394904 245692
-1.561602 4.400228 3.282665 -2.130528 -3.671102 2.156550 1.185421 0.074536 -1.570423 2.518252 = -0.00746528 @ 399946 248840
-1.561708 4.400494 3.288163 -2.137559 -3.674273 2.157782 1.185612 0.073618 -1.570032 2.519500 = -0.00747092 @ 396774 246735
-1.561528 4.398883 3.284774 -2.133494 -3.676070 2.156414 1.185249 0.074536 -1.563825 2.519072 = -0.00766478 @ 388500 242116
-3.395367 -3.317044 2.349214 2.061026 4.373217 3.117288 0.542573 -4.744110 3.611866 2.473155 = -0.00766664 @ 392894 244615
1.757839 1.595755 -4.309165 -2.486169 0.361544 -0.065576 4.342819 1.899366 -2.231516 -2.160792 = -0.00793665 @ 397525 247239
1.757839 1.595755 -4.309165 -2.486169 0.361483 -0.065576 4.342819 1.899366 -2.231516 -2.160792 = -0.00793940 @ 398772 248057
-1.561528 4.398883 3.284774 -2.133494 -3.675729 2.156414 1.185249 0.074536 -1.565266 2.523173 = -0.00820556 @ 399834 248764
-1.561708 4.399939 3.285350 -2.132901 -3.674432 2.156414 1.191476 0.074168 -1.570417 2.519242 = -0.00850853 @ 399953 248847
-1.561708 4.399939 3.284796 -2.132901 -3.674432 2.156414 1.191476 0.075109 -1.570417 2.519242 = -0.00852919 @ 394286 245360
-1.561727 4.400402 3.285978 -2.133062 -3.676283 2.156455 1.185355 0.074848 -1.563242 2.518993 = -0.00892280 @ 399901 248808
4.144172 2.475872 2.670165 -4.521647 3.639195 1.852968 -4.339504 0.607810 4.011153 -3.297006 = -0.00898558 @ 396034 246299
-3.395367 -3.317155 2.342972 2.060989 4.371944 3.119547 0.542431 -4.741460 3.611866 2.474675 = -0.00903766 @ 399382 248442
-1.562096 4.406199 3.284796 -2.132901 -3.674432 2.156414 1.184597 0.073925 -1.572401 2.519412 = -0.00915653 @ 388982 242376
-3.395367 -3.318516 2.343089 2.060986 4.371999 3.119006 0.542439 -4.741662 3.611866 2.473506 = -0.00937717 @ 390803 243374
-3.395367 -3.317580 2.342967 2.060984 4.371955 3.119169 0.542573 -4.741460 3.611866 2.473155 = -0.00954440 @ 396066 246317
-3.395367 -3.317580 2.342967 2.060984 4.371955 3.119169 0.542431 -4.741460 3.611866 2.473155 = -0.00968457 @ 396786 246741
-3.394183 -3.320843 2.345425 2.060984 4.371955 3.119547 0.542573 -4.744110 3.611866 2.471575 = -0.00997910 @ 396964 246847
-1.562081 4.400932 3.284791 -2.136155 -3.670753 2.155470 1.182149 0.075395 -1.570417 2.520064 = -0.01026126 @ 399897 248805
1.757652 1.595869 -4.309165 -2.486169 0.360055 -0.057694 4.342803 1.895487 -2.231613 -2.155383 = -0.01039795 @ 392686 244499
-1.561586 4.400607 3.286785 -2.129587 -3.675696 2.155563 1.185404 0.080475 -1.566953 2.518793 = -0.01088890 @ 395532 246031
1.757231 1.594083 -4.308873 -2.488129 0.362704 -0.060488 4.342819 1.899341 -2.231516 -2.160792 = -0.01120978 @ 384242 239780
1.757231 1.594083 -4.308873 -2.488129 0.362704 -0.060488 4.342819 1.899341 -2.231516 -2.160792 = -0.01120981 @ 389838 242844
1.757839 1.594093 -4.308873 -2.486169 0.365035 -0.060488 4.342819 1.899099 -2.231516 -2.160792 = -0.01142591 @ 393812 245108
1.757839 1.594093 -4.308873 -2.486169 0.365035 -0.060488 4.342819 1.899099 -2.231516 -2.160792 = -0.01142591 @ 399702 248669
4.144089 2.477692 2.670165 -4.522708 3.639146 1.852968 -4.339847 0.607810 4.006335 -3.297006 = -0.01145199 @ 394894 245687
-1.561939 4.399939 3.284796 -2.132901 -3.674432 2.156414 1.184597 0.073925 -1.572401 2.526135 = -0.01175393 @ 398755 248047
1.757838 1.598973 -4.309165 -2.486169 0.360553 -0.057694 4.342819 1.899366 -2.231516 -2.155787 = -0.01182074 @ 394487 245467
1.757838 1.598973 -4.309165 -2.486169 0.360055 -0.057694 4.342819 1.899366 -2.231516 -2.155738 = -0.01209686 @ 383826 239554
-1.562154 4.392052 3.285207 -2.132404 -3.676575 2.156414 1.185249 0.074410 -1.570417 2.519242 = -0.01214787 @ 390453 243182
-1.562847 4.400101 3.286339 -2.138127 -3.675776 2.161798 1.185249 0.074540 -1.569972 2.520316 = -0.01218961 @ 399012 248209
1.757839 1.594083 -4.308873 -2.488334 0.363723 -0.060488 4.342819 1.899099 -2.231516 -2.160792 = -0.01230982 @ 391462 243814
1.757838 1.598973 -4.309165 -2.486169 0.360553 -0.057694 4.342803 1.895487 -2.231516 -2.155383 = -0.01234659 @ 399595 248591
1.757652 1.598973 -4.309165 -2.486169 0.360055 -0.057694 4.342803 1.895487 -2.231613 -2.155383 = -0.01263070 @ 395366 245940
1.757652 1.598973 -4.309165 -2.486169 0.360055 -0.057694 4.342803 1.895487 -2.231613 -2.155383 = -0.01263070 @ 393977 245195
4.144181 2.477837 2.670265 -4.525347 3.639750 1.852968 -4.340324 0.607810 4.007056 -3.297006 = -0.01264636 @ 373655 234139
1.757170 1.594093 -4.308873 -2.488129 0.362704 -0.060488 4.342819 1.899454 -2.231516 -2.161392 = -0.01280792 @ 396606 246632
-1.562077 4.400115 3.284774 -2.124517 -3.675978 2.156414 1.185249 0.074759 -1.570417 2.519242 = -0.01307439 @ 399848 248771
-1.561602 4.400228 3.284974 -2.124517 -3.676555 2.156405 1.185254 0.074537 -1.569972 2.518252 = -0.01312937 @ 399958 248851
4.144181 2.477837 2.670265 -4.525347 3.639750 1.851816 -4.340324 0.607810 4.007056 -3.297006 = -0.01349064 @ 394859 245667
-1.561708 4.399507 3.284796 -2.132901 -3.668965 2.159663 1.182382 0.075109 -1.570417 2.519242 = -0.01371854 @ 394094 245257
4.144089 2.477692 2.668953 -4.525343 3.639195 1.852968 -4.339847 0.607810 4.006335 -3.297006 = -0.01445928 @ 383664 239464
-1.562193 4.391958 3.284709 -2.129577 -3.677394 2.156556 1.185272 0.074438 -1.570417 2.519185 = -0.01457221 @ 399798 248737
-1.562154 4.403199 3.284678 -2.124517 -3.675729 2.156556 1.185254 0.074537 -1.570417 2.519242 = -0.01519902 @ 398638 247977
-1.561362 4.399506 3.284604 -2.124517 -3.677971 2.153492 1.186054 0.074536 -1.569693 2.519488 = -0.01562649 @ 399768 248715
-1.566695 4.399649 3.284810 -2.136056 -3.674273 2.157782 1.185100 0.069906 -1.570478 2.516262 = -0.01570340 @ 392566 244433
-1.566512 4.399649 3.284722 -2.132404 -3.676324 2.155406 1.184163 0.073606 -1.570560 2.512365 = -0.01581152 @ 377437 236144
-1.564154 4.399963 3.285561 -2.133585 -3.676324 2.156556 1.185775 0.081605 -1.564488 2.519806 = -0.01632958 @ 372795 233679
-1.562154 4.399803 3.287844 -2.124517 -3.677971 2.153492 1.186054 0.074536 -1.570417 2.519755 = -0.01697493 @ 386760 241184
-1.562154 4.399803 3.287844 -2.124517 -3.677971 2.153492 1.186054 0.074536 -1.570417 2.519755 = -0.01697493 @ 399780 248721
-1.556882 4.400050 3.290324 -2.132348 -3.676454 2.156414 1.187219 0.068069 -1.570497 2.519242 = -0.01747507 @ 399824 248755
-3.395357 -3.317044 2.342877 2.064675 4.372327 3.114346 0.542431 -4.742404 3.611866 2.473138 = -0.01875647 @ 384346 239835
-1.561708 4.392556 3.292480 -2.132345 -3.676436 2.156414 1.185249 0.074536 -1.570417 2.519242 = -0.02045974 @ 387679 241666
-1.561708 4.400159 3.295763 -2.133585 -3.674752 2.156412 1.185249 0.074536 -1.570417 2.519242 = -0.02075589 @ 395284 245897
-1.561708 4.400267 3.285350 -2.132297 -3.675729 2.166514 1.184941 0.074536 -1.569316 2.518252 = -0.02079263 @ 399896 248804
-1.561708 4.400228 3.285350 -2.132297 -3.675729 2.166514 1.185421 0.074536 -1.569316 2.518252 = -0.02079822 @ 399816 248751
-1.568253 4.400261 3.293353 -2.133952 -3.676495 2.156414 1.185249 0.074536 -1.571503 2.519392 = -0.02130118 @ 391097 243557
-3.394183 -3.320843 2.341853 2.066297 4.371921 3.119515 0.542442 -4.741466 3.611866 2.471575 = -0.02186939 @ 397015 246875
-1.562215 4.401406 3.292671 -2.131419 -3.674720 2.157983 1.192083 0.072979 -1.572267 2.519421 = -0.02250095 @ 387944 241807
-1.561724 4.400267 3.286095 -2.132635 -3.676354 2.155470 1.174449 0.075074 -1.570417 2.519164 = -0.02271391 @ 398409 247837
-1.561528 4.399361 3.284774 -2.130184 -3.675444 2.156631 1.174449 0.074536 -1.570509 2.519242 = -0.02395267 @ 399903 248808
-1.562154 4.399971 3.284238 -2.130184 -3.675444 2.156631 1.174449 0.073484 -1.570509 2.519242 = -0.02432372 @ 399966 248855
-1.561709 4.399361 3.286361 -2.130184 -3.675444 2.156631 1.174449 0.073484 -1.570509 2.519242 = -0.02445591 @ 399853 248774
-1.561709 4.399361 3.286361 -2.130184 -3.675444 2.156631 1.174449 0.073484 -1.570509 2.519242 = -0.02445703 @ 398429 247850
-1.562890 4.398486 3.286308 -2.132760 -3.672935 2.156631 1.174449 0.075109 -1.570417 2.519897 = -0.02521308 @ 396454 246542
-1.561860 4.400455 3.295481 -2.132721 -3.672027 2.160271 1.183600 0.074915 -1.570382 2.519384 = -0.02621969 @ 399766 248709
-1.561860 4.400455 3.295481 -2.132721 -3.672027 2.160271 1.183600 0.074915 -1.570382 2.519385 = -0.02622031 @ 399688 248658
-1.561959 4.400012 3.283817 -2.133014 -3.674353 2.156393 1.184323 0.073932 -1.574704 2.529787 = -0.02868369 @ 399660 248639
-1.560764 4.396463 3.284809 -2.120756 -3.676666 2.156556 1.185517 0.074176 -1.570417 2.519027 = -0.02983166 @ 399955 248849
-1.561708 4.400267 3.284806 -2.132847 -3.676495 2.156414 1.185249 0.074536 -1.582726 2.519242 = -0.03052632 @ 396708 246692
-1.561708 4.400267 3.284806 -2.132847 -3.676495 2.156414 1.185249 0.074536 -1.582726 2.519242 = -0.03052632 @ 399807 248741
-1.561727 4.400050 3.286401 -2.132354 -3.676454 2.156472 1.172312 0.075069 -1.570497 2.519164 = -0.03249281 @ 399868 248786
-1.565867 4.399508 3.272748 -2.132100 -3.676305 2.156687 1.185269 0.074541 -1.568573 2.519378 = -0.03364876 @ 393972 245193
-1.562230 4.401547 3.284238 -2.146399 -3.676012 2.156687 1.185556 0.075328 -1.570594 2.521039 = -0.03732564 @ 398811 248086
-1.562154 4.399971 3.284238 -2.146399 -3.674273 2.155003 1.185417 0.075328 -1.570594 2.519242 = -0.03770709 @ 397107 246943
-1.561709 4.399361 3.286361 -2.146399 -3.674273 2.155003 1.185417 0.075328 -1.570594 2.519242 = -0.03772693 @ 399966 248855
-1.561724 4.414131 3.284912 -2.132513 -3.676981 2.155269 1.184383 0.075047 -1.570417 2.519164 = -0.03873146 @ 399632 248619
-1.547445 4.403199 3.284874 -2.132794 -3.676555 2.156405 1.185254 0.074537 -1.570351 2.519246 = -0.03944875 @ 396876 246795
-1.562154 4.399961 3.284238 -2.146399 -3.674273 2.156414 1.185249 0.075328 -1.570594 2.516927 = -0.03961762 @ 399990 248872
-1.562154 4.399971 3.284238 -2.146399 -3.674273 2.152206 1.185075 0.076649 -1.570594 2.519242 = -0.04086513 @ 397658 247332
-1.562154 4.399971 3.284238 -2.146399 -3.674273 2.152206 1.185075 0.076649 -1.570594 2.519242 = -0.04086513 @ 397934 247523
-1.546958 4.400090 3.282390 -2.132505 -3.676166 2.155216 1.184917 0.075136 -1.570437 2.519737 = -0.04216436 @ 397157 246976
-1.546958 4.400090 3.282390 -2.132505 -3.676166 2.155216 1.184917 0.075136 -1.570437 2.519737 = -0.04216436 @ 399979 248866
4.133104 2.477837 2.669220 -4.525343 3.639195 1.852968 -4.339847 0.607810 4.011153 -3.304261 = -0.04479399 @ 392594 244449
-1.556801 4.400352 3.284806 -2.133585 -3.676436 2.156414 1.185347 0.074032 -1.570617 2.505469 = -0.04612894 @ 392015 244124
4.133104 2.478422 2.666184 -4.522708 3.639146 1.852968 -4.339473 0.607810 4.011153 -3.304261 = -0.04705952 @ 382875 239030
4.133104 2.479216 2.670181 -4.525343 3.639146 1.852968 -4.342897 0.607810 4.011153 -3.305113 = -0.04907782 @ 399151 248292
4.152485 2.475872 2.670165 -4.522708 3.639146 1.852964 -4.339473 0.607810 4.004226 -3.297006 = -0.05548851 @ 386829 241220
-1.561692 4.401680 3.286132 -2.132304 -3.675926 2.156439 1.202005 0.074090 -1.571219 2.520497 = -0.05668459 @ 399586 248587
-1.561692 4.401680 3.286132 -2.132304 -3.675926 2.156439 1.202005 0.074090 -1.571219 2.520497 = -0.05668459 @ 399767 248714
-1.561692 4.401680 3.286132 -2.132304 -3.675926 2.156439 1.202005 0.074210 -1.570428 2.517760 = -0.05760131 @ 399828 248757
-1.561884 4.404605 3.284743 -2.133001 -3.676430 2.155624 1.185225 0.074541 -1.552658 2.519484 = -0.06250006 @ 399553 248566
-1.542601 4.401547 3.284868 -2.132550 -3.676436 2.156414 1.185249 0.074536 -1.570417 2.521369 = -0.06995473 @ 397814 247441
-1.542601 4.400123 3.284678 -2.133494 -3.676431 2.156566 1.185100 0.074134 -1.570478 2.516262 = -0.07010742 @ 399672 248649
-1.561505 4.399911 3.282964 -2.132544 -3.680506 2.156402 1.185282 0.094366 -1.570771 2.519175 = -0.07752991 @ 399809 248747
1.757174 1.599582 -4.308935 -2.488272 0.361544 -0.078628 4.342796 1.899366 -2.231516 -2.160792 = -0.07812204 @ 349029 220874
-1.558272 4.400171 3.285238 -2.133741 -3.659334 2.156430 1.186588 0.064795 -1.566913 2.519242 = -0.07879372 @ 399026 248219
-1.562109 4.392556 3.292480 -2.132345 -3.676436 2.173747 1.185249 0.074032 -1.570215 2.519242 = -0.08109084 @ 399631 248618
-1.561705 4.399803 3.284928 -2.131976 -3.675499 2.155768 1.185407 0.074468 -1.549347 2.519413 = -0.08207063 @ 399901 248808
-1.562523 4.399959 3.304870 -2.139898 -3.676564 2.156422 1.185295 0.074413 -1.569933 2.520507 = -0.08261901 @ 399962 248853
-1.562020 4.401462 3.284828 -2.133529 -3.675364 2.156674 1.185550 0.070067 -1.549718 2.519261 = -0.08421487 @ 395784 246167
-1.561558 4.401661 3.286151 -2.132464 -3.676436 2.158193 1.185339 0.095771 -1.568150 2.519735 = -0.08535788 @ 399679 248653
-1.561558 4.401661 3.286151 -2.131303 -3.676575 2.158193 1.185339 0.095771 -1.568150 2.519735 = -0.08595467 @ 395609 246072
-1.562154 4.400568 3.307556 -2.131980 -3.676436 2.156414 1.185375 0.074410 -1.570417 2.519242 = -0.09411835 @ 399750 248701
-1.560076 4.415239 3.283556 -2.133500 -3.676012 2.155740 1.185423 0.074541 -1.569988 2.534448 = -0.09728915 @ 399678 248652
4.133087 2.468584 2.666184 -4.532712 3.639544 1.852968 -4.339504 0.610200 4.011153 -3.304261 = -0.09907007 @ 395544 246037
-1.562277 4.400511 3.261688 -2.130840 -3.676417 2.155200 1.184963 0.074242 -1.566365 2.519288 = -0.10672120 @ 399940 248837
-1.560076 4.415239 3.283556 -2.136155 -3.676436 2.155740 1.185423 0.074799 -1.587596 2.534448 = -0.14931006 @ 369051 231693
-1.560076 4.415239 3.283556 -2.136155 -3.676436 2.155740 1.185357 0.074781 -1.587596 2.534448 = -0.14935550 @ 399444 248487
-1.561708 4.399939 3.284809 -2.132464 -3.676436 2.156556 1.185423 0.074799 -1.541996 2.519242 = -0.15098729 @ 399867 248785
-1.561708 4.399939 3.284809 -2.132464 -3.676436 2.156556 1.185423 0.074799 -1.541996 2.519242 = -0.15098729 @ 399988 248871
-1.561708 4.399939 3.284810 -2.132404 -3.675363 2.155811 1.185408 0.074536 -1.541996 2.519242 = -0.15136495 @ 399674 248651
-1.561727 4.400050 3.285229 -2.132438 -3.676454 2.156695 1.184409 0.072196 -1.570497 2.545611 = -0.15290495 @ 399916 248819
-1.558964 4.399939 3.286151 -2.132438 -3.676436 2.156695 1.185339 0.072196 -1.571923 2.545611 = -0.15373531 @ 399972 248858
-1.558964 4.399939 3.285229 -2.132438 -3.676436 2.156695 1.184409 0.072196 -1.571923 2.545610 = -0.15454112 @ 399532 248551
-1.558964 4.399939 3.285229 -2.132438 -3.676436 2.156695 1.184409 0.072196 -1.571923 2.545611 = -0.15454909 @ 399701 248668
-1.558964 4.399939 3.287405 -2.133585 -3.676004 2.156414 1.184409 0.072196 -1.571923 2.545610 = -0.15481043 @ 396931 246826
-1.561708 4.399939 3.286339 -2.132464 -3.676436 2.156463 1.185712 0.080527 -1.541996 2.519242 = -0.15607246 @ 399311 248392
-1.562186 4.401565 3.312158 -2.130940 -3.674740 2.158523 1.192543 0.073062 -1.575723 2.519504 = -0.15623896 @ 399940 248837
-1.562109 4.392556 3.284810 -2.132404 -3.676436 2.155811 1.185408 0.074032 -1.541996 2.519242 = -0.15994245 @ 399840 248767
-1.560219 4.399389 3.287843 -2.130694 -3.675400 2.156594 1.185568 0.074189 -1.535973 2.518909 = -0.22572376 @ 399948 248841
-1.560764 4.436670 3.284602 -2.132438 -3.676436 2.157154 1.184409 0.074115 -1.569624 2.519027 = -0.25466423 @ 399829 248758
-1.560764 4.436670 3.284602 -2.120756 -3.676666 2.157154 1.185517 0.074115 -1.569624 2.519027 = -0.28170160 @ 397055 246905
-1.560644 4.438475 3.284575 -2.130528 -3.676418 2.156551 1.185556 0.074129 -1.569637 2.518253 = -0.28358007 @ 396271 246432
-1.522458 4.400235 3.283039 -2.132109 -3.676597 2.153756 1.185348 0.074536 -1.570417 2.518346 = -0.29381982 @ 399970 248857
-1.522458 4.400235 3.283039 -2.132109 -3.676597 2.153756 1.185348 0.078754 -1.571839 2.518346 = -0.30081272 @ 398771 248056
-1.561708 4.400159 3.285350 -2.131917 -3.675818 2.196176 1.185249 0.074536 -1.570417 2.519242 = -0.30839073 @ 399745 248699
-1.561708 4.400159 3.285350 -2.131917 -3.676436 2.196176 1.187219 0.073606 -1.570417 2.519242 = -0.31005940 @ 398563 247929
-1.561708 4.399939 3.285350 -2.131917 -3.673548 2.196176 1.185309 0.074092 -1.569695 2.519242 = -0.31031236 @ 399833 248764
-1.558557 4.400282 3.285395 -2.133622 -3.675722 2.156415 1.187361 0.033860 -1.565737 2.519128 = -0.32321586 @ 399641 248625
-1.556882 4.400159 3.290324 -2.131917 -3.675818 2.196176 1.187219 0.068069 -1.566902 2.519242 = -0.32913723 @ 398976 248187
-1.561362 4.399506 3.286121 -2.132250 -3.675964 2.155269 1.185355 0.074772 -1.570593 2.480668 = -0.33234739 @ 399951 248843
-1.561859 4.399939 3.285350 -2.133031 -3.677271 2.156414 1.185576 0.074330 -1.570088 2.480668 = -0.33414860 @ 399998 248880
-1.561602 4.400228 3.284796 -2.132464 -3.674765 2.113867 1.191476 0.075109 -1.570417 2.518252 = -0.36531213 @ 399791 248731
1.757231 1.565593 -4.308873 -2.506293 0.364642 -0.057839 4.350059 1.899341 -2.231516 -2.160792 = -0.36952964 @ 397915 247509
1.757231 1.565593 -4.308873 -2.506293 0.364642 -0.057839 4.350059 1.899341 -2.231516 -2.160792 = -0.36953041 @ 399770 248715
-1.561708 4.400267 3.286913 -2.132464 -3.674765 2.113867 1.185371 0.078960 -1.568994 2.523173 = -0.36994362 @ 399871 248788
1.751947 1.632333 -4.315955 -2.486169 0.361544 -0.065576 4.342819 1.899366 -2.224735 -2.164267 = -0.37338209 @ 398386 247823
-1.561833 4.399971 3.284162 -2.132404 -3.676314 2.157205 1.185196 0.029988 -1.570598 2.519973 = -0.38008491 @ 394640 245549
1.757839 1.598817 -4.280962 -2.493051 0.361990 -0.066957 4.348922 1.900832 -2.228104 -2.162550 = -0.39018227 @ 377436 236143
-1.519345 4.415210 3.293793 -2.132414 -3.676631 2.155466 1.185319 0.074536 -1.569696 2.520090 = -0.39447092 @ 399891 248802
-1.519345 4.415210 3.293793 -2.132413 -3.671702 2.155466 1.185319 0.075355 -1.571573 2.520090 = -0.39914050 @ 392411 244347
-1.562154 4.401547 3.284868 -2.134064 -3.675216 2.108636 1.185556 0.074410 -1.570417 2.519242 = -0.45232868 @ 399451 248490
-1.561795 4.400072 3.285105 -2.132135 -3.674889 2.108487 1.185556 0.074437 -1.570403 2.519855 = -0.45563866 @ 399862 248783
-1.561708 4.400227 3.285525 -2.132628 -3.680434 2.156662 1.185249 0.074536 -1.521164 2.519755 = -0.45878765 @ 395362 245939
-1.556882 4.400050 3.290324 -2.132643 -3.676436 2.155406 1.187219 0.125448 -1.570497 2.518001 = -0.49260705 @ 399944 248839
-1.556882 4.400050 3.290324 -2.132643 -3.676454 2.156550 1.187219 0.125448 -1.570497 2.518001 = -0.49305443 @ 399875 248790
-1.562580 4.400303 3.285828 -2.122006 -3.674494 2.159564 1.185336 0.074846 -1.621294 2.519736 = -0.50268448 @ 397773 247414
-1.542601 4.401547 3.284868 -2.134064 -3.675216 2.108636 1.185556 0.074410 -1.570417 2.521369 = -0.52609310 @ 399517 248539
-1.560219 4.399506 3.287843 -2.130694 -3.675400 2.155269 1.185568 0.074189 -1.535973 2.480668 = -0.54024546 @ 399981 248867
-1.562218 4.400120 3.290577 -2.132635 -3.676436 2.156414 1.185357 0.074536 -1.624880 2.519420 = -0.56407271 @ 399821 248754
-1.562218 4.400120 3.290577 -2.132288 -3.676436 2.155667 1.185249 0.068069 -1.624880 2.519420 = -0.56820973 @ 399293 248382
-1.562154 4.396794 3.286856 -2.158854 -3.673951 2.108636 1.185556 0.074410 -1.570417 2.519242 = -0.57855341 @ 399064 248241
-1.561708 4.396794 3.286856 -2.158854 -3.673951 2.108636 1.185356 0.074616 -1.567672 2.519580 = -0.57937309 @ 399173 248304
-1.562689 4.400807 3.285151 -2.132002 -3.675637 2.156476 1.185873 0.073770 -1.514216 2.519233 = -0.59656332 @ 399948 248841
-1.566695 4.399649 3.284810 -2.136155 -3.674273 2.211400 1.185576 0.074611 -1.570354 2.521932 = -0.59973145 @ 396611 246635
-1.561641 4.400568 3.285525 -2.132404 -3.676498 2.156402 1.185375 0.074776 -1.627802 2.519737 = -0.61760860 @ 399277 248370
-1.558091 4.400393 3.284610 -2.076488 -3.677731 2.154205 1.185477 0.070145 -1.569312 2.519528 = -0.61889936 @ 399868 248786
-1.558091 4.400393 3.284610 -2.076488 -3.677731 2.154205 1.172312 0.075069 -1.569312 2.519528 = -0.65377250 @ 399793 248735
-1.561610 4.399939 3.283996 -2.132760 -3.676707 2.098732 1.184383 0.074267 -1.570417 2.519085 = -0.65703632 @ 399762 248707
-1.554448 4.400362 3.286339 -2.133494 -3.672088 2.098732 1.185349 0.074649 -1.569858 2.520431 = -0.67544194 @ 399479 248509
-1.558964 4.399983 3.285229 -2.132438 -3.676436 2.211400 1.185556 0.074611 -1.571923 2.545610 = -0.69216771 @ 399321 248401
-1.562709 4.402043 3.287354 -2.132487 -3.676426 2.153560 1.185440 0.135946 -1.569712 2.519467 = -0.70358265 @ 399809 248747
-1.562709 4.400494 3.288163 -2.132487 -3.674273 2.153560 1.185440 0.135946 -1.569712 2.519467 = -0.70607552 @ 399843 248769
-1.561641 4.400568 3.307556 -2.131980 -3.675776 2.156402 1.185375 0.074541 -1.627802 2.519737 = -0.71210526 @ 399984 248869
-1.561641 4.400568 3.307556 -2.131980 -3.675125 2.156402 1.185375 0.074776 -1.627802 2.519737 = -0.71236794 @ 398835 248100
-1.562230 4.401547 3.307556 -2.132635 -3.675125 2.156402 1.185375 0.074541 -1.627802 2.519737 = -0.71381531 @ 399614 248605
-1.562230 4.401547 3.307556 -2.132635 -3.675776 2.156375 1.185375 0.074541 -1.627802 2.519737 = -0.71555121 @ 399813 248749
-1.558777 4.392052 3.284831 -2.071842 -3.677465 2.160811 1.185339 0.074115 -1.567886 2.519242 = -0.72545317 @ 398857 248113
-1.558777 4.392052 3.284831 -2.071842 -3.677465 2.160811 1.185308 0.074115 -1.567886 2.519242 = -0.72546286 @ 398541 247915
-1.558777 4.392052 3.284831 -2.071842 -3.677465 2.160811 1.185308 0.074115 -1.567886 2.519242 = -0.72546286 @ 399650 248633
-1.562109 4.400249 3.285807 -2.156358 -3.623786 2.173747 1.185407 0.074295 -1.570514 2.519844 = -0.73110618 @ 399579 248583
-1.560037 4.400261 3.284796 -2.132262 -3.675192 2.155996 1.185249 0.137614 -1.576101 2.519663 = -0.74700894 @ 399894 248803
-1.560037 4.402963 3.285244 -2.132361 -3.675192 2.156661 1.185389 0.137614 -1.576101 2.519663 = -0.74848220 @ 394134 245279
-1.559764 4.399939 3.286121 -2.132250 -3.675964 2.156414 1.246570 0.074772 -1.570354 2.519378 = -0.74952519 @ 399939 248836
-1.561708 4.399939 3.286121 -2.132250 -3.674765 2.156414 1.246570 0.078960 -1.570354 2.523173 = -0.75278694 @ 399942 248838
-1.562094 4.401735 3.348551 -2.132366 -3.676917 2.156568 1.185241 0.074541 -1.571232 2.521932 = -0.77400647 @ 399585 248586
-1.561684 4.397267 3.287405 -2.133585 -3.676004 2.156414 1.180307 0.140369 -1.570397 2.518508 = -0.81274794 @ 399609 248602
-1.562235 4.398486 3.284678 -2.132760 -3.672935 2.156695 1.185249 0.140369 -1.577167 2.519164 = -0.81691070 @ 399925 248824
-1.561708 4.397267 3.284678 -2.132438 -3.676436 2.156695 1.185249 0.140369 -1.577167 2.519242 = -0.81854075 @ 399854 248775
-1.562812 4.397971 3.278198 -2.132159 -3.676015 2.154663 1.195837 0.009747 -1.572542 2.519928 = -0.83828110 @ 399495 248521
-1.543677 4.401767 3.347879 -2.132353 -3.676775 2.156571 1.185571 0.075154 -1.565640 2.522641 = -0.84205147 @ 399376 248438
-1.562081 4.400159 3.286927 -2.133031 -3.676436 2.091103 1.185241 0.074314 -1.569804 2.519242 = -0.84362988 @ 399415 248467
-1.558219 4.400050 3.290324 -2.131917 -3.676454 2.196176 1.187219 0.068069 -1.624880 2.519242 = -0.89958549 @ 398998 248202
-1.558777 4.436670 3.284602 -2.071842 -3.676436 2.160811 1.185308 0.074115 -1.569624 2.519242 = -0.95814852 @ 399983 248868
-1.562078 4.400218 3.285838 -2.120765 -3.675363 2.155811 1.185385 0.074536 -1.641884 2.518661 = -0.97026844 @ 398529 247907
-1.562078 4.400218 3.285838 -2.120765 -3.675363 2.156412 1.185355 0.074536 -1.641884 2.519164 = -0.97054380 @ 399915 248818
-1.562081 4.399482 3.286913 -2.136155 -3.676354 2.155470 1.174449 0.075074 -1.499596 2.520064 = -0.99753251 @ 399214 248330
-1.561859 4.399983 3.283261 -2.132944 -3.677271 2.211400 1.185576 0.074330 -1.570088 2.480668 = -1.01693875 @ 394450 245448
-1.562437 4.402054 3.210670 -2.132635 -3.676418 2.156412 1.185590 0.074515 -1.570417 2.519613 = -1.02908798 @ 399109 248268
-1.561751 4.402054 3.210670 -2.133083 -3.676520 2.156514 1.185536 0.074623 -1.569598 2.518887 = -1.02997033 @ 399751 248702
-1.561990 4.397267 3.285229 -2.132438 -3.675562 2.156939 1.151060 0.140369 -1.577167 2.520020 = -1.06129670 @ 399411 248465
-1.561990 4.397267 3.283261 -2.132366 -3.677271 2.156695 1.151060 0.140369 -1.577167 2.520020 = -1.06194323 @ 399321 248401
-1.561990 4.397267 3.285229 -2.132438 -3.676436 2.156695 1.151060 0.140369 -1.577167 2.520020 = -1.06344321 @ 399259 248359
-1.636355 4.400159 3.285350 -2.132464 -3.676436 2.156463 1.185712 0.074536 -1.570417 2.519242 = -1.09994967 @ 398691 248007
-1.567131 4.400121 3.284796 -2.132404 -3.676631 2.197090 1.248822 0.078996 -1.568567 2.519031 = -1.15266821 @ 398258 247750
-1.562469 4.399963 3.362113 -2.132550 -3.675957 2.156550 1.185380 0.078245 -1.570594 2.519397 = -1.15580556 @ 399873 248789
-1.562094 4.399939 3.286121 -2.132250 -3.675964 2.156414 1.246570 0.074772 -1.570354 2.480668 = -1.17939931 @ 399625 248615
-1.562094 4.399939 3.286121 -2.132250 -3.675964 2.156414 1.246570 0.074772 -1.570354 2.480668 = -1.17940083 @ 399682 248655
-1.563130 4.399963 3.362113 -2.132550 -3.674432 2.166514 1.185380 0.078245 -1.570594 2.517284 = -1.19363571 @ 399596 248593
-1.562463 4.402027 3.285525 -2.132404 -3.676498 2.153300 1.185472 0.155775 -1.569813 2.519755 = -1.23127418 @ 398750 248044
-1.561246 4.399506 3.286510 -2.051405 -3.677721 2.159101 1.185249 0.074536 -1.569696 2.518738 = -1.24681266 @ 399858 248781
-1.564154 4.399961 3.284604 -2.051405 -3.676918 2.156414 1.185249 0.074536 -1.569804 2.516927 = -1.24943597 @ 399403 248457
-1.557024 4.400494 3.284604 -2.051405 -3.677721 2.153434 1.185672 0.073618 -1.570032 2.519500 = -1.25732856 @ 399350 248420
-1.557024 4.400494 3.284604 -2.051405 -3.677721 2.153434 1.185672 0.073618 -1.570032 2.519500 = -1.25732856 @ 398787 248066
-1.561246 4.400494 3.284604 -2.051405 -3.677721 2.153434 1.185672 0.073618 -1.570032 2.519546 = -1.25891845 @ 399928 248826
-1.561246 4.400494 3.284604 -2.051405 -3.677721 2.153434 1.185672 0.073618 -1.570032 2.519546 = -1.25891950 @ 399571 248576
-1.562709 4.400050 3.287354 -2.131917 -3.676426 2.153560 1.185440 0.135946 -1.624880 2.519242 = -1.26540739 @ 399820 248753
-1.560869 4.398969 3.283996 -2.049467 -3.671102 2.166514 1.184008 0.074683 -1.571495 2.519789 = -1.30005160 @ 398866 248118
-1.561602 4.400228 3.284604 -2.049467 -3.676533 2.157170 1.185371 0.074537 -1.570417 2.519789 = -1.30195774 @ 399857 248780
-1.562154 4.399971 3.283996 -2.049467 -3.674273 2.155003 1.184008 0.075328 -1.570594 2.519789 = -1.30348856 @ 399976 248865
-1.561602 4.400228 3.284974 -2.049467 -3.671102 2.166514 1.185421 0.078245 -1.569316 2.518252 = -1.30932378 @ 397556 247262
-1.562469 4.397934 3.282665 -2.049467 -3.671102 2.156550 1.186174 0.074536 -1.570423 2.519397 = -1.30967014 @ 399291 248381
-1.562154 4.400261 3.284575 -2.131303 -3.676575 2.156414 1.266488 0.078960 -1.570417 2.518661 = -1.31895731 @ 398321 247786
-1.561589 4.399939 3.284809 -2.132404 -3.675710 2.156556 1.266488 0.078960 -1.570417 2.519242 = -1.31969870 @ 399898 248806
-1.560195 4.400268 3.287630 -2.132464 -3.676495 2.155681 1.266488 0.076238 -1.570418 2.519260 = -1.32358373 @ 398664 247991
-1.562154 4.399939 3.284809 -2.132404 -3.675710 2.156556 1.266488 0.078960 -1.570417 2.518661 = -1.32514815 @ 399481 248514
-1.561819 4.399180 3.287630 -2.132464 -3.674763 2.155681 1.266488 0.075166 -1.570418 2.519273 = -1.33039164 @ 399607 248601
-1.562286 4.401106 3.199985 -2.133264 -3.673457 2.155906 1.184318 0.074818 -1.569633 2.519469 = -1.34134866 @ 399688 248658
-1.554454 4.399816 3.284729 -2.133518 -3.674262 2.156412 1.186070 -0.011024 -1.570987 2.520064 = -1.38424909 @ 399641 248625
-1.561602 4.400228 3.284604 -2.049467 -3.651851 2.166514 1.185421 0.074536 -1.569972 2.519789 = -1.40021932 @ 399624 248614
-1.561558 4.401661 3.284729 -2.132464 -3.676436 2.158193 1.186445 -0.011024 -1.568150 2.534448 = -1.43679718 @ 399993 248874
-1.560076 4.399816 3.284729 -2.130361 -3.674262 2.155740 1.185357 -0.011024 -1.570987 2.534448 = -1.43883095 @ 399850 248773
-1.560076 4.399963 3.284729 -2.130361 -3.674521 2.155740 1.186445 -0.011024 -1.570987 2.534448 = -1.44014274 @ 399934 248833
-1.562109 4.399929 3.285356 -2.060796 -3.623786 2.156992 1.185907 0.074384 -1.570215 2.519789 = -1.45427108 @ 399795 248735
-1.562238 4.399929 3.285356 -2.060796 -3.623786 2.156992 1.185423 0.074384 -1.570365 2.519237 = -1.45605521 @ 399912 248817
-1.563130 4.399963 3.284238 -2.060796 -3.623786 2.166514 1.185380 0.078245 -1.570594 2.517284 = -1.45947274 @ 399473 248505
-1.563130 4.399963 3.285356 -2.060796 -3.623786 2.173747 1.185380 0.074492 -1.570497 2.517284 = -1.46630181 @ 398849 248108
-1.562145 4.400237 3.284831 -2.132513 -3.675593 2.156439 1.185924 0.073844 -1.480564 2.519115 = -1.52932717 @ 398790 248072
-1.561859 4.400494 3.283261 -2.051405 -3.677721 2.153434 1.185576 0.073618 -1.570032 2.480668 = -1.55024268 @ 399719 248681
-1.562145 4.400241 3.285350 -2.132396 -3.675562 2.156939 1.185423 0.074294 -1.478831 2.519237 = -1.58487102 @ 399681 248654
-1.560037 4.402963 3.285244 -2.132396 -3.675562 2.156661 1.184824 0.074282 -1.478831 2.519123 = -1.58684389 @ 399546 248558
-1.562145 4.400159 3.290324 -2.132348 -3.675562 2.156414 1.187219 0.074294 -1.478831 2.519237 = -1.59828139 @ 399844 248769
-1.562074 4.402196 3.192139 -2.131312 -3.676512 2.156496 1.185495 0.074747 -1.569637 2.518696 = -1.62120317 @ 399962 248853
-1.654772 4.400340 3.289608 -2.132476 -3.676578 2.156461 1.185719 0.079984 -1.546710 2.519385 = -1.79876129 @ 399376 248438
-1.562077 4.400115 3.286510 -2.124517 -3.676631 2.156556 1.185249 0.074537 -1.668340 2.519242 = -1.80516292 @ 399440 248484
-1.561708 4.400115 3.286649 -2.132464 -3.676418 2.156412 1.185355 0.075154 -1.668340 2.519695 = -1.81207899 @ 397552 247257
-1.561481 4.396747 3.285438 -2.132663 -3.581073 2.141424 1.185298 0.074717 -1.570216 2.521654 = -1.82270007 @ 399683 248656
-1.560076 4.415239 3.285350 -2.133031 -3.676436 2.155154 1.185355 0.074781 -1.473779 2.534448 = -1.90277888 @ 399888 248801
-1.561589 4.502530 3.287188 -2.133258 -3.675654 2.156357 1.185249 0.074536 -1.570417 2.519242 = -1.97742956 @ 399342 248416
-1.561708 4.400159 3.284796 -2.133031 -3.674432 2.156414 1.077479 0.074536 -1.569316 2.519242 = -2.27600494 @ 399849 248772
-1.561708 4.399939 3.284796 -2.132901 -3.674432 2.156414 1.077479 0.075109 -1.569316 2.519242 = -2.27809992 @ 399508 248532
-1.562847 4.400101 3.286339 -2.138127 -3.675729 2.156414 1.077479 0.074435 -1.569316 2.520316 = -2.29661147 @ 399958 248851
-1.561602 4.400228 3.284974 -2.124517 -3.675729 2.156414 1.077579 0.074435 -1.569316 2.518252 = -2.29691733 @ 398188 247701
-1.561602 4.400228 3.284974 -2.124517 -3.675729 2.156414 1.077479 0.074435 -1.569316 2.518252 = -2.29933341 @ 398933 248163
-1.562005 4.400178 3.285249 -2.154577 -3.675851 2.159070 1.078340 0.074541 -1.570417 2.519164 = -2.32873700 @ 399511 248535
-1.561994 4.398980 3.284678 -2.132404 -3.676436 2.258918 1.141824 0.076164 -1.564104 2.520263 = -2.42675211 @ 399683 248656
-1.561994 4.398980 3.284678 -2.132404 -3.676436 2.258918 1.141823 0.076164 -1.564104 2.520263 = -2.42677316 @ 399743 248697
1.750702 1.694961 -4.309343 -2.486169 0.361544 -0.065576 4.342803 1.893920 -2.231607 -2.161990 = -2.47940527 @ 399448 248489
1.750702 1.694961 -4.309343 -2.486169 0.361544 -0.065587 4.342803 1.893920 -2.231607 -2.161990 = -2.47950678 @ 392627 244467
-1.562077 4.400115 3.287243 -2.165563 -3.730421 2.156420 1.185371 0.074537 -1.668340 2.520037 = -2.49932680 @ 399622 248614
-1.562077 4.400115 3.286649 -2.124517 -3.744683 2.156414 1.185249 0.074537 -1.668340 2.519695 = -2.63353957 @ 399417 248468
-1.562847 4.520324 3.286927 -2.133646 -3.675776 2.156375 1.185249 0.074219 -1.569841 2.520316 = -2.68690956 @ 398775 248058
-1.562847 4.520325 3.286927 -2.133646 -3.675776 2.156375 1.185249 0.074219 -1.569869 2.520316 = -2.68733455 @ 398460 247868
-1.561708 4.521233 3.290324 -2.132348 -3.676436 2.156414 1.187219 0.068069 -1.570417 2.519242 = -2.73128289 @ 399987 248870
-1.561708 4.521233 3.292480 -2.131521 -3.676436 2.156414 1.185249 0.075109 -1.570417 2.519242 = -2.73287405 @ 399555 248567
-1.561708 4.521233 3.292480 -2.131521 -3.676436 2.156414 1.185249 0.075109 -1.570417 2.519242 = -2.73287470 @ 399971 248858
-1.561380 4.521233 3.286095 -2.132635 -3.675851 2.156546 1.184258 0.074536 -1.570417 2.519179 = -2.73673414 @ 399827 248757
-1.684311 4.415210 3.293793 -2.132413 -3.675969 2.161798 1.186058 0.073371 -1.569378 2.521618 = -2.81938300 @ 397687 247353
-1.684311 4.400019 3.285350 -2.133031 -3.676707 2.156414 1.185355 0.075109 -1.570557 2.521274 = -2.83799641 @ 399744 248698
-1.684311 4.415210 3.293793 -2.133494 -3.675729 2.156414 1.186058 0.074536 -1.570557 2.521618 = -2.84147801 @ 399673 248650
-1.684311 4.400267 3.286095 -2.132635 -3.675851 2.161798 1.186058 0.073371 -1.569378 2.519164 = -2.85172811 @ 399882 248797
-1.554235 4.399939 3.284774 -2.133494 -3.673548 2.156412 1.186212 -0.051479 -1.569822 2.519951 = -2.99841600 @ 397783 247421
1.757839 1.595755 -4.309165 -2.591238 0.364081 -0.059733 4.348062 1.899746 -2.231516 -2.160792 = -3.11730168 @ 398386 247823
1.751947 1.632333 -4.315955 -2.591238 0.364081 -0.059733 4.348062 1.899746 -2.224735 -2.164267 = -3.49738978 @ 397063 246909
-1.561884 4.400228 3.284604 -2.049467 -3.730421 2.155624 1.185371 0.074541 -1.668340 2.519789 = -3.62290610 @ 399968 248856
-1.561602 4.400228 3.284604 -2.049467 -3.730421 2.156420 1.185371 0.074537 -1.668340 2.519789 = -3.62333861 @ 399774 248717
4.142378 2.477760 2.556310 -4.525343 3.639721 1.852968 -4.339623 0.607810 4.007112 -3.297678 = -4.09735120 @ 399502 248525
-1.561481 4.396747 3.285438 -2.132663 -3.581073 2.258918 1.141824 0.076164 -1.564104 2.521654 = -4.16154347 @ 398211 247717
4.144181 2.477754 2.552506 -4.525343 3.639750 1.852968 -4.339564 0.607810 4.007056 -3.297006 = -4.40417417 @ 364399 229223
-1.699137 4.400261 3.284604 -2.051405 -3.668965 2.159663 1.182382 0.074536 -1.559643 2.521178 = -4.81613291 @ 399636 248621
1.757839 1.599582 -4.308873 -2.488129 0.505727 -0.060488 4.342819 1.899341 -2.231516 -2.160792 = -5.52156866 @ 397937 247525
-1.561082 4.406202 3.285104 -1.943799 -3.660808 2.156479 1.185572 0.074144 -1.569869 2.519016 = -6.37443159 @ 398157 247681
