4.141257 2.477006 2.669819 -4.522347 3.639004 = -0.00000001 @ 393018 172033
4.141257 2.477018 2.669819 -4.522347 3.639004 = -0.00000002 @ 398879 173902
-3.395110 -3.317307 2.346836 2.062939 4.371518 = -0.00000002 @ 391474 171468
-3.395110 -3.317307 2.346836 2.062939 4.371519 = -0.00000002 @ 399564 174128
-3.395109 -3.317307 2.346836 2.062939 4.371518 = -0.00000002 @ 399603 174140
-1.561541 4.400028 3.285300 -2.132747 -3.676141 = -0.00000002 @ 397822 173571
-1.561541 4.400028 3.285300 -2.132747 -3.676140 = -0.00000002 @ 398995 173940
-1.561541 4.400028 3.285300 -2.132747 -3.676139 = -0.00000002 @ 396825 173265
4.141257 2.477020 2.669819 -4.522347 3.639006 = -0.00000003 @ 398088 173654
4.141257 2.477020 2.669819 -4.522347 3.639006 = -0.00000003 @ 390578 171159
4.141257 2.477020 2.669819 -4.522347 3.639006 = -0.00000003 @ 397559 173491
4.141257 2.477020 2.669822 -4.522347 3.639006 = -0.00000003 @ 398786 173871
-1.561541 4.400022 3.285304 -2.132751 -3.676139 = -0.00000003 @ 397522 173481
-1.561541 4.400029 3.285300 -2.132747 -3.676139 = -0.00000003 @ 393993 172362
-1.561541 4.400029 3.285300 -2.132747 -3.676139 = -0.00000003 @ 398349 173734
-1.561541 4.400029 3.285300 -2.132747 -3.676139 = -0.00000003 @ 392572 171884
-1.561542 4.400029 3.285300 -2.132747 -3.676138 = -0.00000003 @ 398935 173922
-1.561542 4.400029 3.285300 -2.132747 -3.676138 = -0.00000003 @ 398404 173752
-1.561542 4.400015 3.285304 -2.132751 -3.676138 = -0.00000003 @ 394126 172408
-1.561542 4.400015 3.285304 -2.132751 -3.676138 = -0.00000003 @ 393579 172216
-1.561542 4.400015 3.285304 -2.132751 -3.676138 = -0.00000003 @ 391110 171340
4.141257 2.477020 2.669819 -4.522343 3.639006 = -0.00000003 @ 399643 174154
4.141257 2.477020 2.669814 -4.522347 3.639006 = -0.00000004 @ 391340 171420
-1.561540 4.400029 3.285303 -2.132751 -3.676141 = -0.00000004 @ 391641 171555
-3.395111 -3.317307 2.346836 2.062939 4.371505 = -0.00000005 @ 396608 173197
-1.561552 4.400029 3.285300 -2.132747 -3.676150 = -0.00000006 @ 398392 173748
-3.395108 -3.317305 2.346836 2.062938 4.371524 = -0.00000006 @ 396294 173094
-3.395108 -3.317305 2.346836 2.062938 4.371524 = -0.00000006 @ 398547 173795
4.141252 2.477023 2.669820 -4.522348 3.639006 = -0.00000006 @ 397436 173453
4.141257 2.477023 2.669814 -4.522347 3.639006 = -0.00000007 @ 397375 173434
4.141257 2.477023 2.669814 -4.522347 3.639006 = -0.00000007 @ 392777 171954
-1.561553 4.400029 3.285303 -2.132750 -3.676151 = -0.00000007 @ 393484 172184
-1.561553 4.400029 3.285303 -2.132750 -3.676151 = -0.00000007 @ 395409 172812
-1.561553 4.400029 3.285303 -2.132750 -3.676151 = -0.00000007 @ 393659 172243
4.141251 2.477024 2.669820 -4.522348 3.639005 = -0.00000008 @ 393013 172031
4.141264 2.477023 2.669820 -4.522347 3.639006 = -0.00000008 @ 396678 173219
4.141264 2.477023 2.669820 -4.522347 3.639006 = -0.00000008 @ 397024 173325
4.141264 2.477023 2.669820 -4.522347 3.639006 = -0.00000008 @ 396737 173237
4.141257 2.477027 2.669820 -4.522347 3.639006 = -0.00000009 @ 391120 171343
4.141257 2.477027 2.669820 -4.522347 3.639006 = -0.00000009 @ 395458 172828
4.141243 2.477020 2.669822 -4.522347 3.639006 = -0.00000010 @ 399135 173989
4.141268 2.477023 2.669820 -4.522347 3.639006 = -0.00000010 @ 399039 173956
-3.395107 -3.317306 2.346836 2.062938 4.371501 = -0.00000011 @ 391346 171425
-3.395111 -3.317307 2.346836 2.062939 4.371530 = -0.00000011 @ 396503 173163
-3.395110 -3.317307 2.346836 2.062939 4.371533 = -0.00000015 @ 396773 173248
-1.561540 4.400024 3.285295 -2.132721 -3.676141 = -0.00000016 @ 391281 171400
-1.561540 4.400024 3.285295 -2.132721 -3.676141 = -0.00000016 @ 385655 169463
4.141264 2.477020 2.669817 -4.522332 3.639006 = -0.00000016 @ 398365 173739
-1.561540 4.400024 3.285298 -2.132721 -3.676141 = -0.00000016 @ 399147 173993
-1.561553 4.400027 3.285295 -2.132723 -3.676150 = -0.00000017 @ 396639 173207
-1.561553 4.400027 3.285295 -2.132723 -3.676150 = -0.00000017 @ 388565 170421
4.141257 2.477032 2.669821 -4.522348 3.639006 = -0.00000017 @ 381571 168148
-1.561553 4.400027 3.285299 -2.132723 -3.676150 = -0.00000017 @ 398702 173844
-3.395111 -3.317309 2.346836 2.062939 4.371494 = -0.00000019 @ 397251 173395
-1.561548 4.400027 3.285304 -2.132721 -3.676148 = -0.00000019 @ 394259 172451
-1.561553 4.400027 3.285295 -2.132721 -3.676150 = -0.00000020 @ 399958 174268
-1.561553 4.400027 3.285296 -2.132721 -3.676150 = -0.00000020 @ 377573 166823
-3.395110 -3.317329 2.346836 2.062939 4.371518 = -0.00000021 @ 398621 173818
-3.395127 -3.317307 2.346838 2.062931 4.371501 = -0.00000023 @ 399081 173970
-3.395105 -3.317307 2.346836 2.062936 4.371536 = -0.00000024 @ 393971 172350
-3.395105 -3.317306 2.346836 2.062936 4.371536 = -0.00000024 @ 388644 170449
-3.395111 -3.317307 2.346836 2.062939 4.371491 = -0.00000024 @ 397793 173563
-3.395111 -3.317307 2.346836 2.062939 4.371491 = -0.00000024 @ 390807 171238
-3.395111 -3.317307 2.346836 2.062939 4.371491 = -0.00000024 @ 393496 172188
-3.395110 -3.317307 2.346836 2.062939 4.371491 = -0.00000024 @ 387692 170139
4.141257 2.477006 2.669816 -4.522324 3.639004 = -0.00000025 @ 384803 169181
4.141257 2.477006 2.669816 -4.522324 3.639004 = -0.00000025 @ 394230 172441
4.141257 2.477007 2.669815 -4.522324 3.639006 = -0.00000025 @ 393424 172166
-3.395108 -3.317306 2.346836 2.062938 4.371491 = -0.00000026 @ 394403 172495
-3.395107 -3.317306 2.346836 2.062938 4.371491 = -0.00000026 @ 382424 168421
-3.395110 -3.317301 2.346836 2.062939 4.371491 = -0.00000026 @ 399261 174031
-3.395111 -3.317307 2.346838 2.062944 4.371490 = -0.00000026 @ 396647 173209
-3.395111 -3.317307 2.346838 2.062943 4.371490 = -0.00000026 @ 395272 172769
-3.395113 -3.317307 2.346838 2.062945 4.371489 = -0.00000026 @ 387791 170173
-3.395111 -3.317307 2.346838 2.062944 4.371489 = -0.00000027 @ 393950 172343
-3.395111 -3.317305 2.346836 2.062938 4.371489 = -0.00000028 @ 390538 171144
-3.395111 -3.317306 2.346836 2.062938 4.371489 = -0.00000028 @ 388998 170566
-3.395108 -3.317305 2.346846 2.062938 4.371491 = -0.00000030 @ 376347 166419
-3.395107 -3.317305 2.346846 2.062938 4.371491 = -0.00000031 @ 380610 167831
4.141264 2.477023 2.669815 -4.522324 3.639006 = -0.00000031 @ 378263 167048
-3.395113 -3.317315 2.346846 2.062931 4.371489 = -0.00000041 @ 376466 166461
-1.561540 4.400029 3.285307 -2.132708 -3.676141 = -0.00000041 @ 399707 174178
1.757710 1.595720 -4.308928 -2.485065 0.361355 = -0.00000048 @ 398326 173727
1.757710 1.595720 -4.308928 -2.485065 0.361355 = -0.00000048 @ 398337 173731
1.757710 1.595720 -4.308928 -2.485065 0.361355 = -0.00000048 @ 398096 173657
1.757735 1.595716 -4.308923 -2.485089 0.361368 = -0.00000054 @ 398926 173919
-3.395138 -3.317305 2.346836 2.062938 4.371489 = -0.00000054 @ 396248 173079
1.757727 1.595714 -4.308924 -2.485086 0.361369 = -0.00000055 @ 399244 174026
1.757727 1.595714 -4.308924 -2.485086 0.361369 = -0.00000055 @ 398536 173792
1.757762 1.595707 -4.308920 -2.485065 0.361355 = -0.00000060 @ 396410 173132
1.757704 1.595714 -4.308924 -2.485060 0.361369 = -0.00000060 @ 398842 173891
1.757727 1.595714 -4.308924 -2.485090 0.361369 = -0.00000063 @ 399123 173985
1.757710 1.595720 -4.308928 -2.485065 0.361343 = -0.00000064 @ 399055 173962
1.757717 1.595720 -4.308928 -2.485090 0.361355 = -0.00000068 @ 395664 172892
1.757710 1.595707 -4.308920 -2.485065 0.361355 = -0.00000070 @ 399423 174085
1.757706 1.595707 -4.308920 -2.485065 0.361368 = -0.00000072 @ 399759 174205
1.757710 1.595707 -4.308941 -2.485065 0.361355 = -0.00000072 @ 394377 172487
1.757767 1.595716 -4.308923 -2.485089 0.361368 = -0.00000077 @ 395682 172897
1.757717 1.595720 -4.308890 -2.485063 0.361355 = -0.00000078 @ 398468 173772
1.757707 1.595716 -4.308928 -2.485090 0.361370 = -0.00000084 @ 398468 173771
1.757706 1.595716 -4.308923 -2.485089 0.361368 = -0.00000085 @ 390618 171172
1.757706 1.595716 -4.308923 -2.485089 0.361368 = -0.00000085 @ 382711 168513
1.757706 1.595716 -4.308923 -2.485089 0.361368 = -0.00000085 @ 390670 171189
-1.561542 4.400080 3.285304 -2.132751 -3.676138 = -0.00000085 @ 396452 173146
1.757717 1.595720 -4.308890 -2.485075 0.361355 = -0.00000086 @ 396531 173173
1.757705 1.595716 -4.308923 -2.485089 0.361368 = -0.00000087 @ 399175 174002
1.757703 1.595707 -4.308941 -2.485076 0.361366 = -0.00000090 @ 399093 173974
-1.561570 4.400069 3.285270 -2.132765 -3.676128 = -0.00000095 @ 368147 163708
1.757794 1.595720 -4.308928 -2.485065 0.361364 = -0.00000096 @ 398345 173733
1.757710 1.595707 -4.308920 -2.485065 0.361337 = -0.00000096 @ 398936 173922
1.757767 1.595707 -4.308891 -2.485065 0.361355 = -0.00000100 @ 399042 173958
1.757710 1.595707 -4.308891 -2.485065 0.361355 = -0.00000105 @ 391490 171473
1.757710 1.595707 -4.308891 -2.485065 0.361355 = -0.00000105 @ 396948 173303
1.757710 1.595716 -4.308923 -2.485089 0.361337 = -0.00000110 @ 399759 174205
4.141248 2.477027 2.669770 -4.522363 3.639007 = -0.00000126 @ 385398 169380
1.757794 1.595707 -4.308941 -2.485077 0.361364 = -0.00000145 @ 381371 168086
1.757794 1.595707 -4.308941 -2.485077 0.361364 = -0.00000145 @ 392289 171790
1.757794 1.595707 -4.308941 -2.485077 0.361364 = -0.00000145 @ 395275 172770
1.757794 1.595707 -4.308941 -2.485079 0.361365 = -0.00000149 @ 380186 167680
1.757710 1.595716 -4.308877 -2.485089 0.361355 = -0.00000150 @ 394953 172671
1.757699 1.595740 -4.308865 -2.485078 0.361354 = -0.00000190 @ 379945 167599
4.141308 2.477023 2.669814 -4.522324 3.639041 = -0.00000192 @ 377873 166920
1.757747 1.595725 -4.308849 -2.485093 0.361367 = -0.00000216 @ 380303 167722
-1.561538 4.400022 3.285292 -2.132708 -3.676046 = -0.00000249 @ 368174 163717
4.141257 2.477027 2.669899 -4.522347 3.639005 = -0.00000260 @ 391142 171353
-3.395111 -3.317305 2.346911 2.062930 4.371489 = -0.00000263 @ 380961 167947
4.141322 2.476971 2.669806 -4.522323 3.638964 = -0.00000335 @ 392926 172003
4.141322 2.476971 2.669806 -4.522323 3.638964 = -0.00000335 @ 380402 167756
-1.561568 4.400070 3.285304 -2.132859 -3.676131 = -0.00000367 @ 375258 166062
-1.561531 4.399959 3.285221 -2.132708 -3.676212 = -0.00000384 @ 362353 161704
-3.395127 -3.317330 2.346848 2.063043 4.371469 = -0.00000528 @ 371874 164953
-1.561499 4.400029 3.285300 -2.132732 -3.676315 = -0.00000753 @ 398718 173850
-1.561540 4.399814 3.285305 -2.132713 -3.676141 = -0.00001006 @ 399005 173944
1.757710 1.595894 -4.308857 -2.485062 0.361355 = -0.00001151 @ 393145 172074
-1.561541 4.400018 3.285304 -2.132748 -3.676403 = -0.00001586 @ 399168 173999
1.757498 1.595707 -4.308941 -2.485071 0.361358 = -0.00001760 @ 396522 173170
1.757713 1.595646 -4.308780 -2.485228 0.361348 = -0.00001835 @ 377257 166720
-1.561548 4.400315 3.285304 -2.132723 -3.676151 = -0.00002002 @ 390903 171270
-1.561553 4.400027 3.285351 -2.133052 -3.676150 = -0.00002233 @ 392944 172009
-1.561570 4.400075 3.285351 -2.133052 -3.676119 = -0.00002318 @ 399770 174208
1.757919 1.595898 -4.308723 -2.485016 0.361297 = -0.00003193 @ 373043 165329
-3.394818 -3.317315 2.346846 2.062931 4.371489 = -0.00003623 @ 397617 173508
-3.394813 -3.317307 2.346836 2.062939 4.371491 = -0.00003716 @ 389298 170667
4.141257 2.477313 2.669770 -4.522324 3.639007 = -0.00003810 @ 396206 173065
-1.561548 4.400075 3.285699 -2.132708 -3.676150 = -0.00004024 @ 387566 170101
-3.395111 -3.317307 2.346836 2.062939 4.371186 = -0.00004442 @ 391514 171481
1.757699 1.595946 -4.308716 -2.485372 0.361325 = -0.00005139 @ 386305 169672
1.757699 1.595946 -4.308716 -2.485372 0.361315 = -0.00005177 @ 375616 166180
-1.561562 4.399552 3.285249 -2.132792 -3.676306 = -0.00005852 @ 394497 172525
-1.561553 4.400027 3.285790 -2.132722 -3.676150 = -0.00005856 @ 399839 174230
-1.561542 4.400027 3.285304 -2.133256 -3.676148 = -0.00006047 @ 395777 172929
-1.561548 4.400027 3.285304 -2.133256 -3.676148 = -0.00006048 @ 392099 171728
-1.561548 4.400027 3.285304 -2.133256 -3.676148 = -0.00006048 @ 397074 173340
-1.561548 4.400027 3.285381 -2.133251 -3.676151 = -0.00006064 @ 391274 171397
-1.561548 4.400029 3.285807 -2.132795 -3.676148 = -0.00006284 @ 397588 173500
1.757705 1.595716 -4.309416 -2.485071 0.361356 = -0.00006326 @ 389502 170736
1.757705 1.595716 -4.309416 -2.485071 0.361355 = -0.00006328 @ 399130 173987
-1.561557 4.400125 3.285309 -2.132745 -3.675503 = -0.00009701 @ 385910 169543
-3.395111 -3.316811 2.346836 2.062938 4.371489 = -0.00010120 @ 396058 173016
1.758331 1.595707 -4.308941 -2.485071 0.361358 = -0.00010373 @ 396094 173027
-1.561570 4.400069 3.285270 -2.132070 -3.676119 = -0.00010729 @ 390901 171270
1.758364 1.595707 -4.308941 -2.485071 0.361358 = -0.00011559 @ 398566 173801
-1.561541 4.400022 3.285304 -2.132751 -3.676850 = -0.00011600 @ 398286 173716
-1.561541 4.400118 3.285304 -2.132721 -3.676850 = -0.00011765 @ 399313 174049
-1.561541 4.400022 3.285304 -2.132751 -3.676866 = -0.00012145 @ 398991 173939
-1.561541 4.400205 3.285304 -2.132721 -3.676850 = -0.00012263 @ 397895 173594
1.758399 1.595707 -4.308891 -2.485065 0.361358 = -0.00012836 @ 397600 173504
1.758399 1.595711 -4.308851 -2.485051 0.361358 = -0.00012857 @ 381573 168148
1.758399 1.595707 -4.308941 -2.485071 0.361358 = -0.00012865 @ 388852 170516
-1.561713 4.399973 3.285303 -2.132750 -3.675392 = -0.00013552 @ 384247 169006
1.758399 1.595946 -4.308708 -2.485051 0.361358 = -0.00014651 @ 399978 174274
-1.561570 4.400075 3.285699 -2.132070 -3.676119 = -0.00014970 @ 398410 173754
-1.560717 4.400027 3.285304 -2.132731 -3.676151 = -0.00015790 @ 399181 174003
-1.560717 4.400027 3.285304 -2.132723 -3.676151 = -0.00015800 @ 396018 173004
-1.561557 4.400125 3.285309 -2.132745 -3.675303 = -0.00016509 @ 382626 168484
-1.561039 4.400029 3.285300 -2.132747 -3.676948 = -0.00020899 @ 399998 174282
-1.560575 4.400069 3.285270 -2.132765 -3.676119 = -0.00021701 @ 389406 170704
-1.561570 4.400069 3.284326 -2.132807 -3.676128 = -0.00022503 @ 370678 164532
4.141257 2.477020 2.669819 -4.522347 3.639775 = -0.00024097 @ 396280 173090
4.141257 2.477020 2.669819 -4.522347 3.639775 = -0.00024097 @ 398127 173666
-1.561039 4.400070 3.285789 -2.132814 -3.676948 = -0.00026387 @ 393726 172269
1.757706 1.595707 -4.309969 -2.485074 0.361368 = -0.00028618 @ 397216 173385
1.757699 1.595707 -4.309969 -2.485074 0.361354 = -0.00028667 @ 391297 171405
-1.561566 4.401138 3.285304 -2.132941 -3.676131 = -0.00029447 @ 383125 168655
-1.561566 4.401138 3.285304 -2.132941 -3.676131 = -0.00029447 @ 399256 174030
1.757699 1.595740 -4.309992 -2.485078 0.361355 = -0.00029793 @ 383761 168854
-1.561647 4.400083 3.284165 -2.132757 -3.676147 = -0.00030738 @ 371779 164918
-1.561583 4.399965 3.285304 -2.133091 -3.674977 = -0.00033601 @ 382262 168371
1.757706 1.595716 -4.308923 -2.485089 0.360257 = -0.00038391 @ 390792 171233
1.757706 1.595716 -4.308923 -2.485100 0.360257 = -0.00038422 @ 399122 173985
-1.561553 4.400027 3.286751 -2.132801 -3.676150 = -0.00050192 @ 393846 172310
-1.561538 4.400105 3.286751 -2.132801 -3.676046 = -0.00050837 @ 396141 173044
-1.561541 4.400105 3.286751 -2.132801 -3.676403 = -0.00051471 @ 387790 170173
-1.560071 4.400149 3.285383 -2.133084 -3.676018 = -0.00053223 @ 387727 170151
-1.561553 4.400027 3.285309 -2.134344 -3.676150 = -0.00059320 @ 394788 172619
-1.561553 4.400027 3.285309 -2.134344 -3.676150 = -0.00059320 @ 395976 172989
1.757800 1.595990 -4.309140 -2.483540 0.361369 = -0.00077362 @ 354458 159016
1.756222 1.595942 -4.308719 -2.485560 0.361644 = -0.00078223 @ 356868 159839
4.141289 2.477004 2.669834 -4.522317 3.640434 = -0.00082958 @ 396874 173279
1.757559 1.595707 -4.308857 -2.485062 0.359731 = -0.00083697 @ 395332 172789
1.757559 1.595707 -4.308891 -2.485062 0.359731 = -0.00083762 @ 395337 172791
4.140557 2.477020 2.669819 -4.522324 3.640344 = -0.00092793 @ 398371 173741
4.140557 2.477023 2.669805 -4.522324 3.640344 = -0.00092800 @ 395968 172987
1.758399 1.595707 -4.308891 -2.485066 0.359731 = -0.00095910 @ 393696 172257
-1.561553 4.397953 3.285211 -2.132801 -3.676150 = -0.00097209 @ 399984 174278
-1.560208 4.400027 3.285296 -2.132722 -3.677795 = -0.00103870 @ 388045 170257
-1.563586 4.400118 3.285304 -2.131963 -3.676069 = -0.00108294 @ 376340 166417
1.757710 1.595707 -4.308916 -2.485065 0.363320 = -0.00118161 @ 397116 173353
4.141314 2.477023 2.669800 -4.524099 3.639010 = -0.00124717 @ 380211 167688
4.141371 2.477034 2.669782 -4.522301 3.637202 = -0.00132536 @ 388690 170464
4.141371 2.477034 2.669782 -4.522298 3.637202 = -0.00132548 @ 396049 173013
4.141308 2.478694 2.670732 -4.522073 3.639041 = -0.00151585 @ 399956 174267
1.758170 1.595919 -4.309076 -2.485318 0.363558 = -0.00154006 @ 391172 171362
1.758170 1.595919 -4.309076 -2.485318 0.363559 = -0.00154211 @ 385080 169277
1.757519 1.595832 -4.306541 -2.485085 0.361058 = -0.00154246 @ 391290 171402
-1.560426 4.400140 3.284778 -2.135007 -3.676018 = -0.00155614 @ 398762 173863
4.141322 2.477023 2.669805 -4.524496 3.639038 = -0.00187813 @ 390930 171279
-1.563586 4.397953 3.285211 -2.132801 -3.676069 = -0.00188817 @ 351773 158100
-1.561541 4.400022 3.283107 -2.130858 -3.676139 = -0.00190858 @ 397390 173439
-1.562111 4.403053 3.285304 -2.132758 -3.676125 = -0.00220048 @ 395208 172750
-1.562111 4.403053 3.285304 -2.132758 -3.676125 = -0.00220048 @ 390426 171107
-1.561531 4.400070 3.285790 -2.129285 -3.676212 = -0.00284197 @ 399688 174168
4.141258 2.477006 2.672478 -4.522324 3.639009 = -0.00285955 @ 398956 173928
1.755485 1.595651 -4.308779 -2.485231 0.363621 = -0.00311749 @ 387695 170140
4.141264 2.477023 2.672692 -4.522324 3.639006 = -0.00333887 @ 368175 163717
1.757708 1.595728 -4.310458 -2.481726 0.361313 = -0.00389248 @ 374149 165681
-3.395107 -3.317305 2.346846 2.062938 4.368406 = -0.00395701 @ 389915 170890
-1.561542 4.395786 3.285249 -2.132750 -3.676211 = -0.00407039 @ 397573 173495
-1.560571 4.400069 3.285270 -2.132765 -3.680290 = -0.00417899 @ 391607 171539
-1.560571 4.399772 3.285270 -2.132765 -3.680290 = -0.00419819 @ 397236 173391
-1.560208 4.400070 3.285299 -2.132723 -3.680336 = -0.00445079 @ 399839 174230
-1.560208 4.400118 3.285285 -2.132722 -3.680336 = -0.00445269 @ 383686 168831
4.141257 2.477023 2.666507 -4.522347 3.639005 = -0.00445384 @ 397298 173410
-1.560208 4.400070 3.285305 -2.132965 -3.680336 = -0.00448512 @ 398298 173719
-1.560208 4.400070 3.285790 -2.132722 -3.680336 = -0.00448610 @ 398192 173686
1.758399 1.595884 -4.304914 -2.485128 0.359650 = -0.00510921 @ 368418 163799
-1.559318 4.395786 3.285249 -2.132795 -3.676955 = -0.00546261 @ 396158 173049
4.141257 2.477020 2.665723 -4.522388 3.639006 = -0.00681481 @ 396372 173120
-1.555740 4.399552 3.285249 -2.132792 -3.676948 = -0.00800351 @ 399844 174231
1.757331 1.592896 -4.309327 -2.483827 0.365357 = -0.00844960 @ 360659 161127
-1.561531 4.406158 3.285310 -2.132708 -3.676212 = -0.00872061 @ 397625 173512
-1.561553 4.406158 3.285310 -2.132712 -3.676150 = -0.00872304 @ 399809 174219
-1.561499 4.406158 3.285310 -2.132732 -3.676315 = -0.00872415 @ 380974 167951
-1.561553 4.406158 3.285310 -2.132708 -3.676913 = -0.00884878 @ 399967 174271
1.761457 1.599920 -4.309391 -2.486303 0.360620 = -0.00963967 @ 380018 167624
1.760606 1.595707 -4.308891 -2.490327 0.360394 = -0.01192180 @ 399778 174210
-1.561320 4.400027 3.285381 -2.140253 -3.676255 = -0.01297777 @ 394431 172503
-1.561713 4.399973 3.285381 -2.140253 -3.675392 = -0.01303792 @ 399780 174211
1.757716 1.595719 -4.308855 -2.492617 0.361354 = -0.01731946 @ 379533 167464
1.757710 1.602589 -4.313445 -2.485065 0.361355 = -0.02087626 @ 399778 174210
4.141269 2.476969 2.669770 -4.522363 3.646437 = -0.02236075 @ 399994 174281
4.141269 2.476969 2.669821 -4.522191 3.646437 = -0.02236244 @ 399213 174016
4.141269 2.476969 2.669781 -4.522191 3.646437 = -0.02236539 @ 396090 173026
4.141269 2.476969 2.669713 -4.522191 3.646437 = -0.02237566 @ 399242 174025
-1.561320 4.400584 3.278966 -2.140253 -3.676255 = -0.02293439 @ 390799 171235
-1.572412 4.400027 3.285381 -2.133251 -3.676151 = -0.02670500 @ 381222 168034
4.141322 2.477074 2.661696 -4.522326 3.639028 = -0.02679870 @ 380152 167669
1.760606 1.602589 -4.313445 -2.490327 0.360394 = -0.02807958 @ 397720 173541
1.760606 1.602589 -4.313445 -2.490327 0.360394 = -0.02807958 @ 380131 167662
4.150622 2.477027 2.669770 -4.522363 3.639007 = -0.03540170 @ 386325 169679
4.150622 2.477027 2.669821 -4.522191 3.639007 = -0.03540662 @ 399994 174281
1.758426 1.595946 -4.308708 -2.485381 0.372470 = -0.03864720 @ 385234 169327
1.758426 1.595711 -4.308851 -2.485381 0.372470 = -0.03873921 @ 399978 174274
1.757713 1.584525 -4.308780 -2.485228 0.361348 = -0.04509605 @ 387281 170010
4.141332 2.477020 2.681337 -4.522451 3.639006 = -0.05338933 @ 394666 172580
4.141322 2.476937 2.681337 -4.522447 3.639038 = -0.05339343 @ 393493 172187
4.141322 2.476937 2.681337 -4.522447 3.639038 = -0.05339387 @ 391115 171342
-1.561888 4.400111 3.285196 -2.132800 -3.693180 = -0.06755861 @ 398858 173896
1.757584 1.595898 -4.308857 -2.485044 0.346026 = -0.07191962 @ 376230 166381
-1.538028 4.406158 3.285790 -2.132814 -3.676913 = -0.13913126 @ 399667 174162
-1.538028 4.406158 3.285310 -2.132708 -3.676913 = -0.13957866 @ 399306 174047
1.757707 1.595946 -4.308708 -2.506883 0.361370 = -0.14153189 @ 399880 174244
4.163827 2.478694 2.670732 -4.522073 3.640310 = -0.20851506 @ 393561 172210
4.141347 2.454273 2.669793 -4.522142 3.639309 = -0.21280654 @ 359123 160594
4.141248 2.477027 2.693576 -4.530937 3.639007 = -0.25730092 @ 399500 174107
1.749488 1.609189 -4.335739 -2.473704 0.352782 = -0.35200731 @ 390108 170993
-1.561568 4.400027 3.285303 -2.172672 -3.676131 = -0.37244146 @ 399557 174126
4.140070 2.477269 2.670917 -4.535473 3.611292 = -0.38478804 @ 399695 174170
-1.564271 4.399821 3.284778 -2.135007 -3.635951 = -0.38815912 @ 347107 156554
-1.564271 4.399821 3.283107 -2.130858 -3.635951 = -0.39642578 @ 399597 174138
-1.564271 4.388498 3.285295 -2.132721 -3.635951 = -0.41412113 @ 399940 174262
-1.603942 4.400016 3.285524 -2.131998 -3.687394 = -0.41763093 @ 399821 174225
1.778665 1.595720 -4.308928 -2.506739 0.388372 = -0.51663513 @ 399369 174066
-1.517186 4.399821 3.283107 -2.130858 -3.692101 = -0.56526790 @ 399940 174262
-1.517186 4.388498 3.285295 -2.132721 -3.692101 = -0.59874551 @ 399874 174242
-1.561039 4.400205 3.285304 -2.185654 -3.676948 = -0.65105501 @ 398290 173717
-1.561553 4.400205 3.285306 -2.185654 -3.676150 = -0.65143033 @ 399238 174024
-1.561553 4.400205 3.285304 -2.185654 -3.676150 = -0.65151491 @ 398443 173764
-1.561943 4.400028 3.266071 -2.120370 -3.626745 = -0.70286850 @ 398074 173650
-1.561548 4.400070 3.285789 -2.189028 -3.676148 = -0.73982660 @ 398246 173702
-1.561540 4.400140 3.284778 -2.189028 -3.676148 = -0.74013434 @ 399671 174163
-1.561541 4.400022 3.285447 -2.189028 -3.676850 = -0.74154281 @ 399477 174100
-1.561548 4.400105 3.286751 -2.189028 -3.676148 = -0.74771819 @ 398217 173694
-1.561039 4.401138 3.309069 -2.185654 -3.676948 = -0.76565918 @ 397683 173529
-1.561542 4.400029 3.285303 -2.190747 -3.676138 = -0.78509197 @ 398828 173886
-1.561662 4.359852 3.309069 -2.185654 -3.676147 = -1.14626619 @ 399930 174259
-1.561542 4.330308 3.285699 -2.132708 -3.676138 = -1.15052483 @ 399535 174120
-1.561039 4.330308 3.287602 -2.132712 -3.676948 = -1.15615879 @ 399377 174069
-1.561548 4.330308 3.287602 -2.132712 -3.676127 = -1.15678248 @ 399110 173979
-1.561548 4.330308 3.287602 -2.132712 -3.676151 = -1.15691406 @ 398562 173799
-1.561542 4.330308 3.287602 -2.132712 -3.676138 = -1.15720735 @ 399337 174057
-1.534683 4.335398 3.285379 -2.133084 -3.676910 = -1.24972684 @ 399191 174007
-1.560222 4.400080 3.285304 -2.132751 -3.747782 = -1.26496514 @ 399205 174013
-1.560222 4.400080 3.285304 -2.132751 -3.747782 = -1.26496514 @ 399952 174265
-3.395110 -3.317299 2.289493 2.062939 4.371518 = -1.32672806 @ 399872 174242
-1.561943 4.400028 3.266071 -2.189028 -3.626745 = -1.40399170 @ 399913 174253
-1.561553 4.400050 3.205266 -2.135994 -3.675694 = -1.50122679 @ 399554 174125
-1.561553 4.400074 3.205266 -2.135994 -3.675694 = -1.50162232 @ 395514 172845
-1.561548 4.400074 3.205266 -2.131963 -3.676151 = -1.50238803 @ 398852 173894
-1.561550 4.400074 3.205266 -2.131963 -3.676151 = -1.50247076 @ 399187 174005
-0.499640 -4.012567 -4.880874 -1.010266 -3.045753 = -1.83143864 @ 397856 173581
-0.499641 -4.012567 -4.880872 -1.010266 -3.045753 = -1.95030045 @ 387700 170142
-0.499641 -4.012567 -4.880872 -1.010266 -3.045753 = -1.95305171 @ 397034 173328
-0.499640 -4.012567 -4.880872 -1.010266 -3.045753 = -1.95759981 @ 386794 169851
-0.499640 -4.012567 -4.880872 -1.010266 -3.045753 = -1.95759981 @ 397034 173328
-0.499640 -4.012567 -4.880872 -1.010266 -3.045753 = -1.95759981 @ 399513 174113
-0.499640 -4.012567 -4.880872 -1.010266 -3.045753 = -1.96271714 @ 379129 167329
-0.499640 -4.012567 -4.880872 -1.010266 -3.045753 = -1.96312869 @ 399139 173990
-0.499640 -4.012567 -4.880872 -1.010266 -3.045753 = -1.96312888 @ 394816 172629
-0.499640 -4.012567 -4.880872 -1.010266 -3.045753 = -1.96929851 @ 391006 171305
-0.499642 -4.012570 -4.880872 -1.010265 -3.045756 = -1.98247860 @ 399113 173980
-0.499640 -4.012567 -4.880872 -1.010266 -3.045753 = -1.98283663 @ 391421 171449
-0.499642 -4.012570 -4.880872 -1.010266 -3.045756 = -1.98406941 @ 396748 173240
-0.499640 -4.012567 -4.880872 -1.010266 -3.045752 = -1.98534184 @ 390154 171014
-0.499642 -4.012570 -4.880872 -1.010265 -3.045756 = -1.98947334 @ 391186 171366
-0.499642 -4.012570 -4.880872 -1.010265 -3.045756 = -1.99074734 @ 389030 170575
-0.499642 -4.012570 -4.880872 -1.010266 -3.045756 = -1.99524306 @ 395915 172971
-0.499642 -4.012570 -4.880872 -1.010266 -3.045756 = -1.99668411 @ 375289 166071
-0.499646 -4.012566 -4.880868 -1.010266 -3.045758 = -2.01483366 @ 391233 171382
-0.499647 -4.012566 -4.880868 -1.010266 -3.045758 = -2.02263338 @ 391232 171381
-0.499645 -4.012570 -4.880865 -1.010266 -3.045758 = -2.02856804 @ 377001 166642
-1.561536 4.400015 3.285604 -2.039029 -3.676128 = -2.03060743 @ 398833 173888
-0.499642 -4.012570 -4.880872 -1.010266 -3.045756 = -2.04071276 @ 399260 174031
-0.499645 -4.012570 -4.880865 -1.010266 -3.045758 = -2.04911275 @ 399361 174064
-1.659292 4.400160 3.285587 -2.131335 -3.698008 = -2.15365786 @ 398930 173921
-0.499616 -4.012567 -4.880872 -1.010266 -3.045767 = -2.25151613 @ 399754 174203
-0.499616 -4.012567 -4.880872 -1.010266 -3.045767 = -2.28016157 @ 395303 172778
-0.499610 -4.012568 -4.880868 -1.010266 -3.045769 = -2.29853221 @ 379516 167457
-0.499616 -4.012570 -4.880867 -1.010265 -3.045767 = -2.30287570 @ 395452 172826
-1.561541 4.400016 3.285524 -2.033817 -3.676850 = -2.30684354 @ 398496 173779
-1.561534 4.400015 3.285304 -2.033817 -3.676122 = -2.31814253 @ 397528 173482
-1.561593 4.400016 3.285524 -2.033817 -3.676122 = -2.31918371 @ 397094 173347
-1.561590 4.400016 3.285524 -2.033817 -3.676122 = -2.31923860 @ 396501 173163
-0.499616 -4.012570 -4.880867 -1.010265 -3.045767 = -2.33728602 @ 390526 171140
-0.499616 -4.012570 -4.880867 -1.010265 -3.045767 = -2.34322992 @ 381849 168238
-0.499616 -4.012570 -4.880867 -1.010265 -3.045767 = -2.34736524 @ 387973 170235
-1.561534 4.400016 3.285524 -2.033364 -3.676122 = -2.34887004 @ 397606 173505
-1.666089 4.400083 3.284165 -2.132757 -3.690613 = -2.35694335 @ 399502 174108
-1.666089 4.400027 3.285307 -2.132708 -3.690012 = -2.35808663 @ 399198 174009
-1.666089 4.400028 3.285300 -2.132752 -3.690613 = -2.36131508 @ 399319 174051
-1.666089 4.400080 3.285304 -2.132752 -3.690613 = -2.36230779 @ 398810 173880
-1.666089 4.399991 3.285381 -2.133251 -3.690613 = -2.36361289 @ 398806 173879
-1.666089 4.400118 3.285304 -2.133251 -3.690613 = -2.36870717 @ 399907 174252
-1.458198 4.400032 3.285424 -2.133857 -3.676133 = -2.57961822 @ 398992 173939
-1.664280 4.400069 3.285270 -2.162687 -3.643248 = -2.70930277 @ 399404 174079
-1.664280 4.400069 3.285270 -2.104284 -3.643282 = -2.71876768 @ 398925 173919
-1.664280 4.400069 3.285270 -2.104284 -3.643248 = -2.72112387 @ 396609 173197
-1.664290 4.400069 3.285270 -2.104284 -3.643248 = -2.72126295 @ 398085 173653
-0.499668 -4.012570 -4.880867 -1.010265 -3.045767 = -2.83691416 @ 398324 173726
-1.563246 4.496682 3.287602 -2.186722 -3.676150 = -2.92088395 @ 399371 174067
-1.561541 4.400022 3.399253 -2.132765 -3.676139 = -3.07502247 @ 397946 173609
-1.561541 4.400077 3.399253 -2.132765 -3.676403 = -3.07607993 @ 399271 174035
-0.499639 -4.012565 -4.880864 -1.010198 -3.045753 = -3.08456557 @ 363523 162105
-1.570522 4.368461 3.397256 -2.138391 -3.676144 = -3.10404438 @ 397542 173487
-1.561552 4.368461 3.397256 -2.131954 -3.676150 = -3.15072381 @ 399253 174029
-1.444274 4.401394 3.287275 -2.133074 -3.675981 = -3.28197665 @ 397985 173622
-1.561541 4.400077 3.171303 -2.098958 -3.676403 = -3.30079021 @ 398638 173824
-0.499610 -4.012570 -4.880846 -1.010266 -3.045769 = -3.49185419 @ 371743 164906
-1.561552 4.523142 3.284326 -2.132807 -3.676150 = -3.51813103 @ 399998 174282
-1.561039 4.523142 3.284326 -2.132807 -3.676948 = -3.53231304 @ 396755 173242
-1.561039 4.523142 3.284326 -2.132566 -3.676948 = -3.53669937 @ 396988 173314
-1.561039 4.523142 3.284326 -2.130641 -3.676948 = -3.56312751 @ 398377 173742
4.236136 2.477023 2.669802 -4.525537 3.638773 = -3.63457734 @ 396392 173127
4.236138 2.477023 2.669802 -4.525537 3.638773 = -3.63468574 @ 398898 173908
4.236136 2.477023 2.669781 -4.525537 3.638773 = -3.63469882 @ 398710 173847
4.236136 2.477023 2.669815 -4.522324 3.638773 = -3.63679909 @ 399610 174142
-1.560244 4.400027 3.285524 -2.033364 -3.746862 = -3.71452223 @ 398709 173847
-1.560222 4.400027 3.285524 -2.033364 -3.746862 = -3.71497865 @ 397656 173521
-1.555740 4.400076 3.152091 -2.133084 -3.676948 = -3.99469343 @ 398731 173854
-1.555740 4.400076 3.152074 -2.133084 -3.676948 = -3.99636165 @ 399047 173959
-1.555740 4.400076 3.152074 -2.133084 -3.676948 = -3.99636165 @ 392763 171950
-1.561562 4.400076 3.152074 -2.133084 -3.676306 = -3.99754668 @ 399844 174231
-1.561541 4.400076 3.152074 -2.132801 -3.676403 = -4.00314919 @ 399724 174189
-3.395110 -3.420980 2.346875 2.062939 4.371372 = -4.07416465 @ 399011 173946
-3.395110 -3.420980 2.346875 2.062959 4.371518 = -4.07806683 @ 399072 173967
-3.395110 -3.420980 2.346875 2.062959 4.371518 = -4.07806683 @ 399379 174069
-3.395110 -3.420980 2.346875 2.062939 4.371518 = -4.07894227 @ 398369 173740
-3.394982 -3.420980 2.346875 2.062939 4.371518 = -4.08187891 @ 399218 174018
-3.395110 -3.420980 2.349541 2.062939 4.371518 = -4.10406371 @ 397433 173452
-1.429373 4.400027 3.285381 -2.133218 -3.676144 = -4.10557859 @ 399544 174122
-1.429373 4.400027 3.285381 -2.133218 -3.676144 = -4.10557859 @ 399153 173995
-1.429373 4.400027 3.285381 -2.133218 -3.676131 = -4.10619024 @ 397769 173556
-1.429373 4.400033 3.285303 -2.133218 -3.676144 = -4.10656205 @ 399801 174217
-3.395110 -3.420980 2.350334 2.062939 4.371518 = -4.10683317 @ 396557 173180
-3.395110 -3.420980 2.350334 2.062939 4.371518 = -4.10683360 @ 393179 172084
-1.429373 4.401138 3.287617 -2.132941 -3.674388 = -4.14829962 @ 399141 173991
1.758426 1.595716 -4.435437 -2.485381 0.372470 = -4.31950001 @ 399880 174244
1.757707 1.595716 -4.435437 -2.506883 0.361370 = -4.47506208 @ 398782 173870
-1.561039 4.401138 3.426254 -2.131998 -3.676948 = -4.56903553 @ 399930 174259
-1.561531 4.354951 3.422359 -2.130783 -3.676212 = -4.61903121 @ 399306 174047
-1.561662 4.359852 3.426254 -2.131998 -3.676147 = -4.73509967 @ 399287 174041
-1.561553 4.359852 3.426254 -2.131998 -3.676151 = -4.73620665 @ 399686 174168
-1.561541 4.399981 3.426254 -2.098958 -3.676403 = -4.76991762 @ 398986 173937
-1.561557 4.400029 3.426254 -2.098958 -3.675303 = -4.77218583 @ 399309 174048
-1.561541 4.400018 3.426254 -2.098958 -3.676403 = -4.77253556 @ 398466 173771
-1.561541 4.400018 3.426254 -2.098967 -3.676403 = -4.77268268 @ 399243 174025
-1.561553 4.400029 3.426254 -2.098958 -3.676151 = -4.78232438 @ 398308 173722
-1.538028 4.354951 3.422359 -2.130783 -3.676913 = -4.88598192 @ 399236 174023
-1.429373 4.401138 3.309069 -2.185654 -3.676131 = -5.00855535 @ 396779 173250
-1.429373 4.401138 3.309069 -2.185654 -3.676131 = -5.00855535 @ 399795 174215
-1.534472 4.359852 3.426254 -2.131998 -3.676910 = -5.02820056 @ 399080 173970
-1.534495 4.359852 3.426254 -2.131998 -3.676910 = -5.02829797 @ 397004 173319
-1.461389 4.508616 3.285692 -2.132717 -3.677205 = -5.14325387 @ 399726 174190
-1.603942 4.359852 3.426254 -2.131998 -3.687394 = -5.28348854 @ 399709 174179
-0.499655 -4.012763 -4.880801 -1.010289 -3.045672 = -5.35696612 @ 392646 171909
-1.561541 4.400029 3.285329 -2.289598 -3.676139 = -5.55398583 @ 395329 172788
-1.561541 4.400027 3.285774 -2.290384 -3.676850 = -5.62255001 @ 399464 174096
-1.561541 4.400016 3.285863 -2.290384 -3.676850 = -5.63406861 @ 399399 174078
-1.561534 4.400016 3.285863 -2.290369 -3.676122 = -5.65727019 @ 399182 174004
-1.561534 4.400016 3.285863 -2.290384 -3.676122 = -5.65765004 @ 397656 173521
-1.429373 4.400074 3.205266 -2.135994 -3.676144 = -5.69706627 @ 399916 174255
-1.561553 4.400033 3.285303 -1.982221 -3.676116 = -5.72574654 @ 399121 173985
-1.561553 4.400027 3.285365 -1.982221 -3.676116 = -5.73287223 @ 399801 174217
-1.563586 4.388498 3.285294 -1.982221 -3.676069 = -5.80188266 @ 399984 174278
-1.561553 4.406158 3.285310 -1.982221 -3.676150 = -5.80199642 @ 398178 173682
-3.395108 -3.317299 2.289784 1.952425 4.371491 = -5.81992146 @ 396487 173158
-3.395108 -3.317299 2.289784 1.952425 4.371491 = -5.81992146 @ 399742 174194
-3.395108 -3.317299 2.289493 1.952425 4.371491 = -5.82947317 @ 394850 172639
-1.561553 4.388498 3.285294 -1.982221 -3.676150 = -5.83503557 @ 399736 174192
-1.560711 4.388498 3.285294 -1.982221 -3.676141 = -5.88511585 @ 399809 174219
-1.561553 4.400029 3.135778 -2.189679 -3.676151 = -5.96039746 @ 399653 174158
-3.395110 -3.428078 2.285986 2.062939 4.371513 = -6.21529905 @ 397318 173416
-1.426836 4.334096 3.307823 -2.174666 -3.676136 = -6.52014172 @ 399270 174034
-1.560222 4.400027 3.285845 -2.290384 -3.746862 = -6.55252107 @ 398778 173868
-1.560222 4.400022 3.285447 -2.290384 -3.746862 = -6.56394553 @ 399715 174180
-1.560222 4.400027 3.285774 -2.290384 -3.747775 = -6.57266747 @ 396179 173055
-1.416687 4.497004 3.284326 -2.132807 -3.676126 = -6.90692604 @ 398451 173766
-1.560244 4.523142 3.284326 -2.033364 -3.746862 = -6.94417094 @ 399321 174052
-0.499655 -4.012763 -4.880801 -1.010289 -3.045555 = -6.94850555 @ 368944 163972
-1.416687 4.497004 3.285789 -2.132721 -3.676126 = -6.99001190 @ 398113 173662
-1.666089 4.400016 3.285863 -2.290384 -3.690613 = -7.10737283 @ 399464 174096
-1.561590 4.359852 3.426254 -2.033817 -3.676122 = -7.30586965 @ 399821 174225
-1.561701 4.400029 3.285249 -2.132792 -3.493672 = -7.39502320 @ 397334 173421
-1.561701 4.400029 3.285304 -2.133256 -3.493672 = -7.42546616 @ 399531 174119
-3.395108 -3.420980 2.349541 1.952425 4.371491 = -7.78935733 @ 399872 174242
4.283944 2.476980 2.669834 -4.522317 3.637998 = -8.02703432 @ 399030 173954
4.283944 2.476980 2.669834 -4.522322 3.637998 = -8.02722920 @ 399104 173977
4.283944 2.476980 2.669834 -4.522322 3.637998 = -8.02723208 @ 399932 174259
4.283944 2.477021 2.669815 -4.522573 3.639006 = -8.03185599 @ 394812 172628
1.778665 1.728057 -4.435437 -2.506739 0.388372 = -8.62493547 @ 399254 174029
1.778664 1.728057 -4.435437 -2.506739 0.388372 = -8.62526789 @ 398837 173889
1.778664 1.728057 -4.435437 -2.506736 0.388387 = -8.62721375 @ 399154 173995
1.778664 1.728212 -4.435437 -2.506739 0.388372 = -8.63347799 @ 397920 173602
1.778664 1.728212 -4.435437 -2.506883 0.388364 = -8.63465980 @ 399057 173962
-1.563246 4.496682 3.287602 -2.290384 -3.746862 = -8.89927451 @ 399890 174247
-1.560571 4.400069 3.171303 -2.302761 -3.680290 = -9.03584228 @ 399341 174058
-1.429373 4.400033 3.426254 -2.098967 -3.676144 = -9.20974976 @ 399959 174269
1.757710 1.728057 -4.435437 -2.485065 0.361343 = -9.21440204 @ 399369 174066
4.295333 2.476969 2.669843 -4.522572 3.639393 = -9.32991832 @ 395821 172943
4.295333 2.476969 2.669843 -4.522572 3.639391 = -9.32992839 @ 399330 174055
4.295333 2.477006 2.670169 -4.522572 3.639393 = -9.33014505 @ 395349 172794
4.295333 2.476965 2.669843 -4.522572 3.639575 = -9.33164801 @ 399268 174033
4.295333 2.476969 2.669843 -4.522572 3.639575 = -9.33184585 @ 396135 173041
4.295453 2.477023 2.672692 -4.522572 3.639393 = -9.35120703 @ 396602 173195
-1.561531 4.400484 3.078689 -2.132708 -3.676212 = -9.39292935 @ 397743 173548
4.295453 2.494427 2.669839 -4.522572 3.639393 = -9.45558606 @ 392217 171766
-1.561542 4.400029 3.086256 -2.190747 -3.676060 = -9.68182105 @ 399100 173976
-1.561548 4.400029 3.086256 -2.190747 -3.676151 = -9.69371129 @ 399337 174057
-1.561548 4.400027 3.086256 -2.190747 -3.676148 = -9.69488902 @ 397674 173526
-3.394971 -3.428078 2.285986 1.956537 4.372494 = -9.90435519 @ 396822 173264
-0.499286 -4.013337 -4.880805 -1.010594 -3.045475 = -9.94033030 @ 393400 172156
-0.499286 -4.013337 -4.880805 -1.010594 -3.045475 = -9.94047680 @ 360653 161123
-1.427681 4.400038 3.135778 -2.189679 -3.676131 = -10.39389045 @ 399284 174041
1.687283 1.595709 -4.308857 -2.476640 0.534605 = -10.58428574 @ 398133 173668
-1.561540 4.399821 3.285302 -2.190910 -3.464564 = -10.82263042 @ 396148 173046
-1.560222 4.354951 3.422359 -2.290384 -3.746862 = -11.04126611 @ 399523 174116
1.760606 1.778715 -4.308780 -2.490327 0.360394 = -11.24914556 @ 396414 173134
1.760606 1.778715 -4.308791 -2.490327 0.360394 = -11.24923670 @ 398868 173899
1.760579 1.778715 -4.308780 -2.490327 0.360394 = -11.25235570 @ 399144 173992
1.756222 1.778715 -4.308780 -2.485228 0.361130 = -11.44430372 @ 397611 173506
1.755723 1.778715 -4.308784 -2.485228 0.361644 = -11.47381458 @ 398912 173915
1.755616 1.778715 -4.308780 -2.485228 0.361644 = -11.47535170 @ 397297 173410
-1.534683 4.335398 3.503342 -2.162687 -3.676910 = -12.03933928 @ 398205 173690
4.346846 2.476948 2.669836 -4.522690 3.639297 = -16.54035716 @ 397496 173472
-1.623165 4.111519 3.285422 -2.134568 -3.686695 = -18.16888584 @ 396976 173311
-1.619885 4.110687 3.284745 -2.133645 -3.686153 = -18.41203402 @ 396239 173076
4.358667 2.476940 2.669832 -4.522675 3.639438 = -18.56797224 @ 398632 173822
4.358667 2.476940 2.669845 -4.522675 3.639438 = -18.56801447 @ 398963 173930
-1.561691 4.400069 3.503342 -2.162687 -3.493621 = -18.63664881 @ 399054 173961
-1.561540 4.111519 3.285422 -2.132721 -3.676141 = -18.94005789 @ 399550 174124
4.366928 2.477086 2.669824 -4.522540 3.641731 = -20.00117322 @ 399117 173981
4.366928 2.477086 2.669819 -4.522540 3.641731 = -20.00269690 @ 398078 173651
4.366928 2.477023 2.669805 -4.522540 3.642013 = -20.00411222 @ 398371 173741
-1.603942 4.090541 3.285447 -2.133333 -3.687394 = -20.21171510 @ 394170 172423
-1.603942 4.090541 3.285447 -2.133347 -3.687394 = -20.21273042 @ 399246 174026
-1.427124 4.496682 3.287602 -2.132712 -3.923920 = -20.97456074 @ 398769 173865
-1.426088 4.400027 3.285304 -2.132723 -3.923920 = -21.24027512 @ 398562 173800
-1.534495 4.090541 3.285447 -2.133333 -3.676910 = -21.94924025 @ 399709 174179
-1.560208 4.400027 3.285296 -2.506739 -3.677795 = -27.82605639 @ 399329 174054
-3.423332 -3.420980 2.346875 2.384169 4.377637 = -32.40165880 @ 399020 173951
