-1.561495 4.399723 3.285174 -2.133102 -3.676362 2.156241 1.185240 0.074675 -1.569799 2.519362 = -0.00006859 @ 399190 286071
-1.561495 4.399874 3.284915 -2.132854 -3.676473 2.156241 1.185240 0.074675 -1.569799 2.519362 = -0.00007008 @ 388776 280451
-1.561495 4.399874 3.284852 -2.132900 -3.676477 2.156274 1.185259 0.074344 -1.569746 2.519368 = -0.00010375 @ 380171 275578
-1.562039 4.399891 3.285297 -2.133008 -3.676299 2.156341 1.185463 0.074228 -1.569871 2.519134 = -0.00012717 @ 399821 286423
-1.561847 4.399734 3.285644 -2.132900 -3.676477 2.156274 1.185259 0.074344 -1.569746 2.519508 = -0.00013063 @ 384264 278074
-1.562053 4.399902 3.285174 -2.133045 -3.676299 2.156332 1.185521 0.074226 -1.569858 2.519119 = -0.00014632 @ 396023 284413
-1.562053 4.399902 3.285174 -2.133045 -3.676299 2.156332 1.185521 0.074226 -1.569858 2.519119 = -0.00014632 @ 397362 285117
-1.562053 4.399902 3.285174 -2.133049 -3.676299 2.156332 1.185521 0.074226 -1.569858 2.519119 = -0.00014682 @ 399394 286177
-1.561847 4.400598 3.285174 -2.132900 -3.676299 2.156533 1.185199 0.074364 -1.569746 2.519508 = -0.00014927 @ 378741 274825
-1.561216 4.399902 3.285174 -2.132900 -3.675633 2.156332 1.184796 0.074226 -1.569858 2.519119 = -0.00014929 @ 392099 282210
-1.561847 4.400598 3.285174 -2.132900 -3.676299 2.156533 1.185310 0.074364 -1.569746 2.519508 = -0.00015177 @ 396842 284848
-1.561847 4.400598 3.285174 -2.132900 -3.676299 2.156533 1.185310 0.074364 -1.569746 2.519508 = -0.00015177 @ 395979 284389
-1.561972 4.399565 3.285726 -2.132900 -3.676299 2.156274 1.185259 0.074344 -1.569746 2.519278 = -0.00015214 @ 388823 280477
-1.562053 4.399902 3.285174 -2.133102 -3.676362 2.156332 1.184796 0.074226 -1.569858 2.519119 = -0.00015660 @ 393914 283310
-1.561478 4.399779 3.285269 -2.133022 -3.676477 2.156274 1.185259 0.074013 -1.569685 2.519463 = -0.00015728 @ 394957 283857
-1.561495 4.399874 3.284915 -2.133174 -3.675915 2.155836 1.185301 0.074226 -1.569858 2.519362 = -0.00016870 @ 393697 283187
-1.561495 4.400467 3.285168 -2.133174 -3.675915 2.155836 1.185301 0.074226 -1.569858 2.519362 = -0.00018148 @ 398710 285819
-1.561495 4.399723 3.285174 -2.133102 -3.676362 2.155615 1.185199 0.074226 -1.569858 2.519368 = -0.00018901 @ 394663 283702
-1.561847 4.400598 3.284930 -2.132900 -3.676477 2.156198 1.185259 0.074226 -1.569685 2.519034 = -0.00020256 @ 386378 279185
-1.561984 4.399608 3.284722 -2.132903 -3.676465 2.156280 1.185315 0.075056 -1.569744 2.519228 = -0.00020277 @ 399365 286163
-1.561972 4.399565 3.285726 -2.133276 -3.676299 2.156274 1.185394 0.074418 -1.570328 2.519278 = -0.00020423 @ 398877 285907
-1.562053 4.399902 3.285174 -2.132900 -3.675633 2.155836 1.185301 0.074226 -1.569858 2.519119 = -0.00020632 @ 384031 277953
-1.561495 4.400052 3.286227 -2.132573 -3.676473 2.156241 1.185240 0.074675 -1.569799 2.519362 = -0.00020863 @ 399765 286388
-1.561972 4.399565 3.284578 -2.132900 -3.676477 2.156274 1.185401 0.074645 -1.569746 2.519278 = -0.00021761 @ 396087 284447
-1.561495 4.399106 3.284915 -2.132854 -3.676473 2.156241 1.185240 0.074675 -1.569799 2.519362 = -0.00022146 @ 398409 285661
-1.561818 4.400493 3.285163 -2.132899 -3.676296 2.156577 1.185278 0.074370 -1.569278 2.519510 = -0.00022778 @ 397037 284949
-1.561045 4.399902 3.285269 -2.133106 -3.676857 2.156109 1.185097 0.074645 -1.569685 2.519569 = -0.00023413 @ 399205 286079
-1.562017 4.399894 3.286168 -2.132900 -3.676477 2.156274 1.185259 0.074344 -1.569858 2.519119 = -0.00023955 @ 399948 286499
-1.562053 4.399902 3.285174 -2.132057 -3.675603 2.156329 1.185301 0.074226 -1.569858 2.519119 = -0.00024458 @ 399028 285986
-1.562053 4.399894 3.286168 -2.132573 -3.676477 2.156274 1.185259 0.074344 -1.569858 2.519119 = -0.00024686 @ 390790 281520
-1.562053 4.399919 3.284632 -2.132439 -3.676430 2.156270 1.185139 0.074661 -1.570697 2.519097 = -0.00024918 @ 392198 282263
-1.561045 4.399902 3.284593 -2.133106 -3.676425 2.155971 1.185172 0.074226 -1.569685 2.519569 = -0.00028537 @ 397762 285324
-1.561495 4.400640 3.286227 -2.132573 -3.676477 2.156274 1.185259 0.074344 -1.569857 2.519368 = -0.00028866 @ 398357 285634
-1.561495 4.400640 3.286227 -2.132573 -3.676477 2.156274 1.185259 0.074344 -1.569857 2.519368 = -0.00028866 @ 396765 284808
-1.561495 4.399874 3.284852 -2.133055 -3.675770 2.155812 1.185338 0.075262 -1.569342 2.519368 = -0.00030561 @ 393851 283277
-1.562053 4.399919 3.284632 -2.132439 -3.676430 2.156270 1.184596 0.074661 -1.570697 2.519097 = -0.00031099 @ 395915 284355
-1.561478 4.399779 3.285269 -2.132027 -3.676856 2.156329 1.185409 0.074013 -1.569685 2.519463 = -0.00032656 @ 378046 274457
-1.561478 4.399779 3.285269 -2.132027 -3.675879 2.155595 1.185338 0.075262 -1.569685 2.519463 = -0.00034228 @ 398012 285455
-1.561478 4.399779 3.285269 -2.132027 -3.675879 2.155595 1.185409 0.074013 -1.569685 2.519463 = -0.00034810 @ 396639 284743
-1.561478 4.399786 3.285269 -2.132573 -3.675633 2.156332 1.184603 0.075792 -1.569685 2.519310 = -0.00040777 @ 398047 285472
-1.561478 4.399779 3.285269 -2.132573 -3.675633 2.156332 1.184603 0.075792 -1.569685 2.519310 = -0.00040830 @ 396080 284443
-1.562057 4.400640 3.286227 -2.132573 -3.675633 2.156320 1.185148 0.074226 -1.569685 2.519034 = -0.00040837 @ 392207 282269
-1.562053 4.400052 3.285269 -2.133045 -3.676299 2.156332 1.184693 0.075792 -1.569685 2.519574 = -0.00041187 @ 395766 284279
-1.561495 4.399565 3.284852 -2.132894 -3.676856 2.155452 1.185402 0.074226 -1.569685 2.518758 = -0.00041764 @ 398683 285805
-1.561495 4.400640 3.286227 -2.132573 -3.676477 2.156558 1.185259 0.073933 -1.570615 2.519368 = -0.00042095 @ 398530 285725
-1.562053 4.399346 3.284852 -2.132027 -3.675879 2.155595 1.185409 0.074013 -1.569858 2.519119 = -0.00046885 @ 398093 285497
-1.561847 4.400598 3.285174 -2.131760 -3.675620 2.156240 1.185941 0.074520 -1.569685 2.519586 = -0.00048876 @ 392352 282344
-1.561682 4.399884 3.285787 -2.132595 -3.676349 2.156211 1.185358 0.074823 -1.571488 2.519623 = -0.00049858 @ 399937 286493
-1.561478 4.399779 3.284852 -2.133055 -3.675879 2.157171 1.184308 0.075262 -1.569685 2.518878 = -0.00050239 @ 399150 286049
-1.561495 4.399874 3.284852 -2.134245 -3.676299 2.156274 1.185259 0.074344 -1.569746 2.519368 = -0.00051310 @ 397352 285112
-1.561495 4.399874 3.284852 -2.133105 -3.676031 2.155507 1.185317 0.075851 -1.569311 2.519368 = -0.00056836 @ 386702 279357
-1.561495 4.399874 3.284852 -2.133104 -3.674850 2.156332 1.186055 0.074943 -1.569685 2.519368 = -0.00058594 @ 382070 276789
-1.560175 4.399607 3.284754 -2.132804 -3.676466 2.156302 1.185351 0.075403 -1.569656 2.519207 = -0.00061098 @ 399939 286494
-1.560634 4.398751 3.284896 -2.132695 -3.676137 2.155811 1.184809 0.074226 -1.569859 2.518886 = -0.00061651 @ 399986 286528
-1.561478 4.399779 3.285269 -2.132894 -3.676536 2.156358 1.183983 0.075792 -1.569685 2.519463 = -0.00062834 @ 389907 281051
-1.561188 4.398669 3.284077 -2.132312 -3.676459 2.156257 1.185266 0.074422 -1.569777 2.519288 = -0.00070652 @ 399961 286508
-1.560209 4.399902 3.285691 -2.133045 -3.676299 2.155082 1.185195 0.074226 -1.569858 2.519119 = -0.00071275 @ 396619 284732
-1.562053 4.400640 3.286227 -2.132573 -3.675633 2.156320 1.183849 0.074220 -1.569847 2.519574 = -0.00075957 @ 397902 285397
-1.561847 4.398253 3.284888 -2.132573 -3.675633 2.155836 1.185301 0.074344 -1.569746 2.519508 = -0.00076688 @ 399032 285988
-1.562057 4.400692 3.284384 -2.132900 -3.675633 2.156308 1.184021 0.074148 -1.569685 2.518585 = -0.00077789 @ 390299 281256
-1.561495 4.399902 3.285688 -2.132819 -3.676289 2.155625 1.186958 0.074231 -1.569858 2.519368 = -0.00077859 @ 399415 286189
-1.561305 4.401500 3.285925 -2.132900 -3.676291 2.156274 1.184475 0.073933 -1.570615 2.519793 = -0.00082201 @ 399337 286147
-1.562053 4.399346 3.284852 -2.132027 -3.675879 2.155729 1.185996 0.073403 -1.569463 2.519119 = -0.00083246 @ 399502 286234
-1.562053 4.400052 3.286227 -2.132573 -3.676299 2.156274 1.184563 0.074410 -1.568425 2.519574 = -0.00085258 @ 395788 284290
-1.561972 4.399565 3.285726 -2.133276 -3.676299 2.156274 1.186958 0.074231 -1.570328 2.519278 = -0.00085390 @ 399564 286267
-1.562017 4.399890 3.286168 -2.132828 -3.675096 2.157374 1.186086 0.074208 -1.569858 2.519022 = -0.00085834 @ 395665 284226
-1.561800 4.401477 3.285575 -2.132904 -3.676297 2.156256 1.184333 0.073735 -1.570468 2.519954 = -0.00088461 @ 399903 286473
-1.561856 4.401666 3.285269 -2.133045 -3.676299 2.156332 1.184693 0.075792 -1.569870 2.519574 = -0.00088574 @ 398419 285666
-1.561478 4.399779 3.285269 -2.132900 -3.676856 2.156332 1.185380 0.074708 -1.568017 2.519278 = -0.00088955 @ 391722 282016
-1.562053 4.400640 3.286227 -2.132573 -3.675633 2.156320 1.185148 0.074410 -1.568425 2.519574 = -0.00089394 @ 396654 284751
-1.562053 4.399686 3.285691 -2.131541 -3.675463 2.156332 1.185521 0.073964 -1.569685 2.520441 = -0.00090368 @ 370825 270562
-1.560720 4.401500 3.284593 -2.133106 -3.676425 2.156109 1.184475 0.074226 -1.569858 2.519793 = -0.00091002 @ 399125 286037
-1.561662 4.399636 3.284632 -2.134705 -3.676430 2.156274 1.185139 0.074344 -1.569685 2.519097 = -0.00091441 @ 394071 283393
-1.561718 4.399979 3.286267 -2.132581 -3.676541 2.156211 1.185289 0.074764 -1.571799 2.519995 = -0.00091822 @ 382725 277256
-1.562007 4.399346 3.284852 -2.132027 -3.675879 2.155595 1.185409 0.074013 -1.571596 2.518878 = -0.00092728 @ 397888 285390
-1.561305 4.401500 3.285925 -2.132133 -3.675708 2.156558 1.184475 0.073933 -1.570615 2.519793 = -0.00093855 @ 391060 281665
-1.562007 4.399346 3.284852 -2.133055 -3.675770 2.157171 1.184308 0.074506 -1.571585 2.518878 = -0.00098380 @ 399640 286306
-1.562338 4.399342 3.284620 -2.133325 -3.676162 2.156332 1.186055 0.074943 -1.571585 2.518876 = -0.00105501 @ 398412 285662
-1.561739 4.400497 3.285320 -2.132902 -3.675689 2.155973 1.185346 0.076798 -1.569570 2.518697 = -0.00109228 @ 398611 285767
-1.562007 4.399346 3.284852 -2.133055 -3.675770 2.157171 1.184308 0.076323 -1.569363 2.518878 = -0.00114852 @ 399151 286050
-1.562055 4.399902 3.287482 -2.133045 -3.676289 2.155625 1.184534 0.074231 -1.569854 2.518875 = -0.00118241 @ 390848 281550
-1.561811 4.399034 3.284852 -2.133046 -3.676367 2.157119 1.184425 0.076119 -1.571127 2.518883 = -0.00119527 @ 396236 284525
-1.561847 4.399734 3.282941 -2.133090 -3.676096 2.155615 1.185199 0.074344 -1.569746 2.519508 = -0.00123659 @ 393830 283266
-1.562086 4.400113 3.286853 -2.134579 -3.676759 2.156274 1.184867 0.074272 -1.569854 2.519232 = -0.00125817 @ 398719 285824
-1.562000 4.400032 3.285310 -2.131456 -3.675292 2.158219 1.185202 0.074226 -1.569659 2.518953 = -0.00126195 @ 398734 285832
-1.561016 4.401490 3.286805 -2.132790 -3.675224 2.156332 1.185521 0.073964 -1.569356 2.519577 = -0.00126738 @ 393813 283257
-1.562053 4.399919 3.282941 -2.133090 -3.676096 2.156270 1.185139 0.073999 -1.570697 2.519097 = -0.00127315 @ 394971 283864
-1.562980 4.399902 3.285688 -2.132819 -3.676289 2.155625 1.186958 0.074231 -1.569407 2.518776 = -0.00130988 @ 392582 282463
-1.562980 4.399591 3.285688 -2.132819 -3.676289 2.155625 1.186958 0.074231 -1.569407 2.518776 = -0.00134154 @ 395903 284349
-1.562053 4.400052 3.284377 -2.133558 -3.675299 2.157506 1.184563 0.074410 -1.568425 2.519574 = -0.00135432 @ 393199 282856
-1.562053 4.400052 3.284377 -2.133558 -3.675299 2.157506 1.184563 0.074410 -1.568425 2.519574 = -0.00135432 @ 392106 282214
-1.562017 4.399919 3.284720 -2.130509 -3.676299 2.156332 1.185840 0.073592 -1.569685 2.519434 = -0.00136899 @ 396612 284729
-1.562980 4.399591 3.285688 -2.132819 -3.676289 2.157374 1.183973 0.073206 -1.569685 2.518776 = -0.00141061 @ 399550 286259
-1.562793 4.399490 3.285320 -2.131723 -3.676881 2.156329 1.186848 0.073847 -1.569487 2.518693 = -0.00142608 @ 396422 284622
-1.559581 4.399878 3.285706 -2.133025 -3.676299 2.154589 1.185257 0.074264 -1.569500 2.519156 = -0.00142629 @ 399912 286477
-1.559581 4.399878 3.285706 -2.133025 -3.676299 2.154589 1.185257 0.074264 -1.569500 2.519156 = -0.00142629 @ 399926 286487
-1.561495 4.399723 3.287762 -2.133862 -3.676294 2.156331 1.184906 0.073999 -1.569685 2.519368 = -0.00150886 @ 397391 285132
-1.561495 4.399723 3.287762 -2.132133 -3.675708 2.156558 1.184475 0.073933 -1.570615 2.519368 = -0.00151541 @ 394636 283688
-1.561490 4.399771 3.285634 -2.133106 -3.675603 2.155791 1.185311 0.077324 -1.569685 2.519363 = -0.00153081 @ 398742 285836
-1.562007 4.399346 3.284852 -2.133055 -3.675770 2.157171 1.184308 0.076323 -1.571596 2.518878 = -0.00153917 @ 395933 284365
-1.562017 4.399894 3.286168 -2.131133 -3.675292 2.158219 1.185418 0.074226 -1.569858 2.519119 = -0.00155313 @ 397008 284935
-1.562008 4.399394 3.284858 -2.132952 -3.675779 2.157300 1.184286 0.076767 -1.569421 2.518531 = -0.00157864 @ 399946 286498
-1.561478 4.400702 3.285205 -2.132947 -3.675603 2.156011 1.185743 0.077324 -1.570347 2.519463 = -0.00159904 @ 399395 286178
-1.564362 4.399874 3.284852 -2.132900 -3.676437 2.156274 1.185420 0.074344 -1.570347 2.519368 = -0.00161834 @ 398508 285713
-1.562019 4.400702 3.285205 -2.132947 -3.675603 2.156011 1.185743 0.077324 -1.570347 2.519102 = -0.00163797 @ 392466 282404
-1.561568 4.399864 3.284853 -2.133034 -3.675748 2.158998 1.185017 0.074013 -1.569346 2.519348 = -0.00164864 @ 398646 285785
-1.561016 4.401490 3.286805 -2.132790 -3.675224 2.156332 1.185521 0.073964 -1.568496 2.519577 = -0.00165196 @ 394291 283508
-1.562113 4.398220 3.285726 -2.133155 -3.676299 2.157736 1.184438 0.075792 -1.570832 2.519583 = -0.00165953 @ 391623 281966
-1.561495 4.399874 3.284915 -2.133174 -3.675915 2.159145 1.185313 0.074740 -1.570347 2.519362 = -0.00166316 @ 399807 286412
-1.562053 4.401490 3.286805 -2.131541 -3.675463 2.156332 1.185521 0.073964 -1.569685 2.520441 = -0.00172011 @ 392489 282416
-1.564362 4.399729 3.284853 -2.133270 -3.676437 2.155645 1.185420 0.074740 -1.570347 2.519087 = -0.00175272 @ 396609 284727
-1.561478 4.399779 3.284578 -2.133022 -3.676233 2.153522 1.185409 0.073947 -1.569685 2.519463 = -0.00178693 @ 395051 283906
-1.564358 4.399729 3.284853 -2.133270 -3.676437 2.155645 1.185409 0.074013 -1.570347 2.519087 = -0.00183500 @ 395728 284259
-1.562043 4.397686 3.284536 -2.132066 -3.676982 2.155080 1.185828 0.075105 -1.569685 2.519586 = -0.00184295 @ 397420 285147
-1.561045 4.399902 3.284593 -2.133106 -3.676425 2.156109 1.188087 0.074226 -1.569685 2.519569 = -0.00189305 @ 390060 281131
-1.561478 4.399779 3.285269 -2.133022 -3.676233 2.159327 1.185409 0.074013 -1.569685 2.519463 = -0.00189418 @ 398235 285571
-1.560211 4.400493 3.285688 -2.132899 -3.676477 2.156577 1.186389 0.074370 -1.569951 2.521594 = -0.00190496 @ 398709 285818
-1.562053 4.399636 3.285264 -2.131162 -3.674880 2.158683 1.185433 0.074460 -1.569971 2.519076 = -0.00194413 @ 399527 286247
-1.561490 4.399771 3.285264 -2.131162 -3.674880 2.158683 1.185433 0.073953 -1.569685 2.519363 = -0.00195601 @ 392877 282649
-1.561490 4.399771 3.285264 -2.131162 -3.674880 2.158683 1.185433 0.073953 -1.569685 2.519363 = -0.00195601 @ 389650 280915
-1.562057 4.400640 3.284930 -2.134219 -3.677013 2.156198 1.187661 0.074226 -1.569685 2.519034 = -0.00199454 @ 383752 277809
-1.561847 4.402602 3.285174 -2.132900 -3.674333 2.156533 1.185199 0.074364 -1.569746 2.519508 = -0.00203109 @ 397844 285366
-1.562053 4.399636 3.285264 -2.131162 -3.674880 2.158683 1.185433 0.073953 -1.569685 2.519076 = -0.00204459 @ 398742 285836
-1.562000 4.400032 3.285310 -2.131456 -3.673213 2.156217 1.185202 0.074370 -1.569659 2.518953 = -0.00206953 @ 397115 284990
-1.561847 4.399919 3.285300 -2.132439 -3.672981 2.156270 1.184596 0.074344 -1.569746 2.519508 = -0.00207076 @ 397248 285059
-1.560211 4.399573 3.286676 -2.133239 -3.675879 2.155595 1.185343 0.074310 -1.569951 2.521594 = -0.00215439 @ 386358 279175
-1.562061 4.402888 3.284536 -2.133108 -3.677026 2.156354 1.185409 0.075105 -1.568693 2.519076 = -0.00229315 @ 395077 283920
-1.561791 4.399476 3.282869 -2.133043 -3.675280 2.156976 1.184438 0.074191 -1.571999 2.518720 = -0.00233613 @ 399838 286432
-1.562082 4.400051 3.285445 -2.131421 -3.672981 2.156198 1.185259 0.074226 -1.569651 2.518839 = -0.00242722 @ 395756 284274
-1.562127 4.399517 3.282118 -2.133174 -3.675915 2.156308 1.184021 0.073689 -1.570743 2.519123 = -0.00253180 @ 399784 286398
-1.564985 4.399873 3.285019 -2.132334 -3.676424 2.157500 1.185394 0.074418 -1.570328 2.519451 = -0.00260116 @ 398869 285903
-1.561490 4.399771 3.285264 -2.131421 -3.672981 2.155080 1.185433 0.073953 -1.569685 2.519363 = -0.00270482 @ 394415 283573
-1.561495 4.399884 3.284852 -2.133022 -3.676233 2.159327 1.183086 0.074369 -1.569323 2.519397 = -0.00277644 @ 391736 282024
-1.561792 4.399108 3.283609 -2.133103 -3.675363 2.156786 1.184418 0.074256 -1.573083 2.518910 = -0.00277935 @ 399918 286481
-1.561657 4.396544 3.285688 -2.133062 -3.675621 2.155555 1.183849 0.074220 -1.569847 2.519340 = -0.00281607 @ 390881 281568
-1.561478 4.399819 3.282370 -2.133867 -3.676536 2.156053 1.187343 0.074506 -1.569445 2.519463 = -0.00287278 @ 398459 285687
-1.557706 4.400598 3.285174 -2.132900 -3.676299 2.156533 1.185310 0.074364 -1.569746 2.519079 = -0.00289628 @ 399601 286286
1.758419 1.597148 -4.310488 -2.484925 0.360575 -0.061826 4.342380 1.898201 -2.232720 -2.157467 = -0.00294806 @ 395108 283936
-1.557706 4.399902 3.284593 -2.133106 -3.676425 2.156533 1.185259 0.074344 -1.569746 2.519079 = -0.00296111 @ 397222 285045
-1.562000 4.400032 3.287185 -2.136252 -3.675888 2.156241 1.185240 0.074675 -1.569659 2.518953 = -0.00312907 @ 399296 286126
-1.562019 4.399897 3.287185 -2.136252 -3.675888 2.155672 1.185199 0.074506 -1.570008 2.519102 = -0.00315195 @ 390055 281128
-1.562000 4.400032 3.287185 -2.136252 -3.676299 2.156274 1.184563 0.074675 -1.569659 2.518953 = -0.00315442 @ 399379 286170
-1.562053 4.400702 3.285205 -2.132900 -3.675603 2.155791 1.185497 0.073860 -1.566248 2.519119 = -0.00319880 @ 398204 285555
1.758419 1.597148 -4.310488 -2.484925 0.360575 -0.061826 4.340987 1.897599 -2.232720 -2.156784 = -0.00320695 @ 398115 285508
1.758419 1.597148 -4.310488 -2.484925 0.360575 -0.061826 4.340956 1.897599 -2.232720 -2.156784 = -0.00322945 @ 399800 286408
-1.563645 4.400506 3.284359 -2.135166 -3.676198 2.156744 1.186108 0.075883 -1.568297 2.519446 = -0.00323843 @ 395425 284101
-1.562053 4.400052 3.286168 -2.136664 -3.675461 2.156274 1.185259 0.074344 -1.569858 2.519574 = -0.00327722 @ 399127 286038
-1.562053 4.399894 3.286168 -2.136664 -3.675461 2.156274 1.185259 0.074344 -1.569858 2.519119 = -0.00329825 @ 396122 284466
1.758419 1.596516 -4.310488 -2.487206 0.360557 -0.062681 4.340503 1.898261 -2.230454 -2.157477 = -0.00337337 @ 399965 286510
1.758419 1.597148 -4.310488 -2.484925 0.360575 -0.061826 4.340987 1.898219 -2.232720 -2.157467 = -0.00340189 @ 395918 284357
1.758419 1.597148 -4.310488 -2.484925 0.360575 -0.061826 4.340987 1.898219 -2.232720 -2.157467 = -0.00340189 @ 396914 284886
1.758419 1.597148 -4.310488 -2.484925 0.360575 -0.061826 4.340956 1.898219 -2.232720 -2.157467 = -0.00342369 @ 390417 281318
-1.562057 4.399503 3.282118 -2.133174 -3.675604 2.155625 1.185349 0.074148 -1.572672 2.518585 = -0.00365135 @ 396699 284775
-1.561811 4.399503 3.282118 -2.133046 -3.675604 2.157119 1.184425 0.074148 -1.572672 2.518585 = -0.00369842 @ 398824 285879
-1.561490 4.401666 3.285444 -2.136664 -3.675461 2.155452 1.185402 0.074506 -1.570008 2.519363 = -0.00370783 @ 399159 286055
-1.562057 4.399517 3.282118 -2.133174 -3.675915 2.156308 1.184021 0.073689 -1.572672 2.518585 = -0.00380822 @ 384356 278123
-1.562080 4.399895 3.285239 -2.133058 -3.675150 2.152023 1.184589 0.074699 -1.569816 2.519327 = -0.00392277 @ 397983 285439
1.758419 1.597909 -4.310488 -2.484925 0.360575 -0.061826 4.340987 1.898219 -2.232720 -2.157467 = -0.00403446 @ 399916 286479
-1.566171 4.399730 3.284821 -2.133369 -3.676436 2.155623 1.185384 0.074393 -1.570435 2.519108 = -0.00438356 @ 399939 286494
-1.562053 4.399352 3.289501 -2.130432 -3.675604 2.155674 1.185349 0.074231 -1.569898 2.519586 = -0.00464317 @ 397589 285234
-1.560512 4.402602 3.285726 -2.133155 -3.674333 2.155268 1.181903 0.074411 -1.569493 2.519649 = -0.00470223 @ 386277 279133
-1.562113 4.398220 3.284756 -2.131495 -3.676291 2.155836 1.185199 0.073273 -1.574252 2.519583 = -0.00473298 @ 393645 283145
-3.394265 -3.318978 2.345183 2.062821 4.370043 3.120391 0.545361 -4.742455 3.612806 2.473135 = -0.00474727 @ 394202 283462
-1.562053 4.399517 3.284578 -2.133106 -3.676476 2.153328 1.185497 0.073860 -1.566248 2.519119 = -0.00483436 @ 374166 272391
-1.562007 4.402888 3.282755 -2.132079 -3.676459 2.156489 1.182999 0.073035 -1.568693 2.519490 = -0.00484518 @ 388665 280393
-1.560421 4.396572 3.285726 -2.132900 -3.676299 2.159421 1.185971 0.073478 -1.569854 2.518875 = -0.00498137 @ 395845 284319
-1.560170 4.401736 3.285523 -2.132099 -3.677695 2.156778 1.185437 0.074244 -1.570559 2.515166 = -0.00503941 @ 393706 283191
-1.562007 4.399246 3.286934 -2.131722 -3.676291 2.159344 1.182998 0.077324 -1.570347 2.518878 = -0.00511210 @ 393272 282898
-1.559919 4.399246 3.286934 -2.131722 -3.676291 2.159344 1.182998 0.073397 -1.572170 2.518512 = -0.00533519 @ 381820 276629
-1.560421 4.396572 3.284457 -2.132978 -3.676258 2.159179 1.184707 0.073650 -1.571033 2.521196 = -0.00533958 @ 399461 286212
-1.562113 4.398220 3.284720 -2.130509 -3.676291 2.155836 1.185199 0.073273 -1.574252 2.519583 = -0.00536536 @ 398811 285872
-1.561619 4.399660 3.284664 -2.134342 -3.676109 2.156647 1.185113 0.069655 -1.569685 2.518977 = -0.00539624 @ 399999 286537
-1.563097 4.399086 3.282519 -2.133262 -3.675926 2.159712 1.184850 0.073159 -1.568620 2.518074 = -0.00557438 @ 399971 286514
-3.394265 -3.318978 2.345183 2.062821 4.370043 3.120391 0.546124 -4.742455 3.612806 2.473135 = -0.00566742 @ 399694 286343
-3.394265 -3.318978 2.345183 2.062821 4.370043 3.120391 0.546125 -4.742455 3.612806 2.473135 = -0.00566889 @ 398526 285722
-3.394265 -3.318978 2.345183 2.062821 4.370043 3.120391 0.546125 -4.742455 3.612806 2.473135 = -0.00566889 @ 398788 285860
1.758419 1.592425 -4.310489 -2.484925 0.360575 -0.061826 4.342810 1.898219 -2.232720 -2.157467 = -0.00576077 @ 398677 285801
-1.566823 4.400065 3.284852 -2.133055 -3.675879 2.157171 1.184308 0.075262 -1.569501 2.519755 = -0.00576367 @ 399729 286365
-3.394265 -3.316511 2.345183 2.061380 4.370043 3.120391 0.546125 -4.742455 3.612806 2.473135 = -0.00576608 @ 392277 282305
1.757554 1.592425 -4.310488 -2.484925 0.360575 -0.061826 4.340956 1.898219 -2.232720 -2.157467 = -0.00578702 @ 395997 284399
-3.394265 -3.318978 2.345183 2.063428 4.369079 3.120256 0.546101 -4.743467 3.612588 2.474369 = -0.00579518 @ 388911 280523
-1.566823 4.400065 3.284852 -2.134078 -3.676196 2.156533 1.185259 0.075262 -1.569501 2.519755 = -0.00585088 @ 399905 286474
-1.560421 4.396572 3.284457 -2.131336 -3.674995 2.159179 1.184707 0.073650 -1.571033 2.521196 = -0.00586617 @ 393909 283307
-1.562012 4.399488 3.285029 -2.134465 -3.681371 2.156270 1.185269 0.074460 -1.569971 2.518475 = -0.00593479 @ 399377 286169
-1.561787 4.400467 3.285168 -2.133127 -3.675263 2.156441 1.185169 0.074306 -1.564585 2.519264 = -0.00598300 @ 397612 285247
1.758419 1.592425 -4.310488 -2.484925 0.360575 -0.061826 4.340956 1.898219 -2.232720 -2.157467 = -0.00599117 @ 393601 283115
1.758419 1.592424 -4.310488 -2.484925 0.360575 -0.061826 4.340956 1.898219 -2.232720 -2.157467 = -0.00599119 @ 395396 284086
1.758419 1.592424 -4.310488 -2.484925 0.360575 -0.061826 4.340956 1.898219 -2.232720 -2.157467 = -0.00599172 @ 390561 281396
1.758419 1.592424 -4.310488 -2.484925 0.360575 -0.061806 4.340956 1.898219 -2.232720 -2.157467 = -0.00600718 @ 399025 285984
-1.562012 4.399488 3.285029 -2.134465 -3.681371 2.156270 1.185269 0.073953 -1.569685 2.518475 = -0.00602641 @ 399527 286247
-3.394265 -3.318978 2.345183 2.061719 4.370043 3.120391 0.546123 -4.742455 3.612806 2.473135 = -0.00616865 @ 399781 286396
-3.394265 -3.318978 2.345183 2.061719 4.370043 3.120391 0.546125 -4.742455 3.612806 2.473135 = -0.00617115 @ 398907 285922
-3.394265 -3.318978 2.345183 2.061719 4.370043 3.120391 0.546125 -4.742455 3.612806 2.473135 = -0.00617115 @ 395945 284371
-3.394265 -3.318978 2.345267 2.063428 4.369079 3.120256 0.546101 -4.743467 3.612806 2.473135 = -0.00631497 @ 389970 281084
-1.562039 4.400990 3.284457 -2.131336 -3.674995 2.159179 1.185593 0.073899 -1.565628 2.519424 = -0.00642603 @ 381193 276229
-3.394274 -3.318978 2.345183 2.061380 4.370043 3.120391 0.546125 -4.742455 3.612806 2.473135 = -0.00648446 @ 392963 282702
-3.394265 -3.318978 2.345183 2.061380 4.370043 3.120391 0.546125 -4.742455 3.612806 2.473135 = -0.00648981 @ 376124 273440
-3.394265 -3.318978 2.345183 2.061380 4.370043 3.120391 0.546125 -4.742455 3.612806 2.473135 = -0.00648982 @ 389849 281020
-1.562033 4.401782 3.281247 -2.136376 -3.676718 2.155202 1.184977 0.074289 -1.569850 2.519581 = -0.00664115 @ 399858 286444
-1.561423 4.400766 3.290061 -2.134551 -3.673131 2.156353 1.186302 0.074599 -1.569300 2.519382 = -0.00703045 @ 398347 285629
1.758419 1.592314 -4.310488 -2.484405 0.360620 -0.061826 4.340948 1.898196 -2.232667 -2.158785 = -0.00729116 @ 386767 279391
-3.394275 -3.318420 2.345120 2.060401 4.370043 3.120391 0.546125 -4.742455 3.612806 2.473135 = -0.00739661 @ 397159 285013
1.758419 1.591664 -4.310488 -2.484925 0.360575 -0.061826 4.340956 1.898219 -2.232720 -2.157467 = -0.00745010 @ 399916 286480
1.758419 1.592314 -4.310488 -2.484925 0.360575 -0.061826 4.340987 1.898219 -2.232720 -2.154579 = -0.00747612 @ 396686 284768
-3.393620 -3.318978 2.345183 2.061380 4.370043 3.120391 0.546511 -4.742455 3.612806 2.473135 = -0.00760849 @ 393904 283304
1.758419 1.593181 -4.310970 -2.484085 0.360249 -0.061826 4.340948 1.898201 -2.232667 -2.154579 = -0.00779288 @ 393692 283181
-1.560170 4.401736 3.285523 -2.132099 -3.677695 2.156778 1.185437 0.074244 -1.570559 2.513803 = -0.00780857 @ 394684 283714
-3.394265 -3.318978 2.345183 2.061380 4.368998 3.120386 0.546125 -4.742455 3.612806 2.473135 = -0.00788426 @ 377235 274029
-3.394265 -3.318978 2.345183 2.061380 4.368998 3.120386 0.546125 -4.742455 3.612806 2.473135 = -0.00788426 @ 399004 285973
-1.557341 4.400998 3.284377 -2.133558 -3.675299 2.160445 1.183983 0.075851 -1.569356 2.519368 = -0.00791792 @ 395380 284078
-3.394274 -3.318978 2.345183 2.060311 4.370043 3.120391 0.546125 -4.742455 3.612806 2.473135 = -0.00800546 @ 395959 284379
-3.394635 -3.318978 2.345235 2.061581 4.373558 3.120555 0.546874 -4.742171 3.611894 2.473369 = -0.00809626 @ 396473 284648
-3.394265 -3.318765 2.345063 2.061753 4.369669 3.120391 0.546125 -4.742439 3.609842 2.473135 = -0.00825183 @ 398113 285507
-1.565169 4.399566 3.286934 -2.132900 -3.676291 2.156274 1.182998 0.079470 -1.569746 2.519508 = -0.00832765 @ 392886 282654
-3.394265 -3.316511 2.343196 2.062582 4.370043 3.120391 0.546125 -4.742455 3.612806 2.473135 = -0.00850631 @ 394177 283449
1.758419 1.593181 -4.310488 -2.484085 0.360420 -0.061826 4.340948 1.898223 -2.232667 -2.153533 = -0.00852427 @ 383470 277653
-1.561683 4.394927 3.285319 -2.136952 -3.676145 2.155422 1.185399 0.074426 -1.570024 2.519361 = -0.00857641 @ 399973 286515
-1.562057 4.399874 3.292113 -2.132900 -3.675633 2.156320 1.185148 0.074148 -1.569306 2.518585 = -0.00894450 @ 391402 281850
-1.562057 4.399874 3.292113 -2.132573 -3.675604 2.155625 1.185349 0.074148 -1.569306 2.518585 = -0.00900400 @ 391497 281900
-1.556301 4.401415 3.283976 -2.133469 -3.675288 2.160060 1.184542 0.074454 -1.569438 2.519878 = -0.00900748 @ 399971 286514
-3.394265 -3.318978 2.345267 2.061380 4.373570 3.120762 0.547102 -4.742364 3.612588 2.473135 = -0.00900758 @ 399447 286205
-3.394265 -3.318978 2.345267 2.061380 4.373570 3.120762 0.547102 -4.742364 3.612588 2.473135 = -0.00900758 @ 393054 282762
-1.565169 4.399566 3.284292 -2.132312 -3.676296 2.155535 1.187816 0.079470 -1.568210 2.519381 = -0.00908972 @ 388838 280486
1.758419 1.592786 -4.310489 -2.484085 0.360420 -0.061824 4.340948 1.898223 -2.232667 -2.153533 = -0.00909252 @ 387358 279699
-3.392442 -3.318978 2.345183 2.062232 4.369079 3.120256 0.545012 -4.743467 3.614761 2.473795 = -0.00917102 @ 395996 284398
-3.397667 -3.318978 2.345183 2.061380 4.369079 3.120391 0.546101 -4.743467 3.612588 2.472994 = -0.00920518 @ 393402 282982
-3.397667 -3.318978 2.345183 2.061380 4.369079 3.120391 0.546101 -4.743467 3.612588 2.472994 = -0.00920518 @ 395282 284027
-3.397667 -3.318978 2.345183 2.061380 4.369079 3.120391 0.546101 -4.743467 3.612588 2.472994 = -0.00920518 @ 399941 286495
-1.568474 4.400038 3.283871 -2.132393 -3.677143 2.156247 1.184818 0.075095 -1.570467 2.519045 = -0.00978301 @ 399967 286511
-1.561847 4.400598 3.285174 -2.133276 -3.669103 2.156329 1.185310 0.074364 -1.569746 2.519508 = -0.00990842 @ 399059 286002
-1.561847 4.400598 3.285826 -2.131760 -3.669103 2.156240 1.185941 0.074632 -1.569746 2.519508 = -0.01008004 @ 391320 281808
1.758419 1.592314 -4.310488 -2.484085 0.360420 -0.061826 4.344102 1.898223 -2.232668 -2.153533 = -0.01019501 @ 383423 277629
-3.392442 -3.318978 2.345183 2.062232 4.369079 3.120256 0.546101 -4.743467 3.614761 2.473795 = -0.01030407 @ 386890 279455
-1.562082 4.400990 3.282564 -2.130653 -3.676296 2.153153 1.183966 0.080044 -1.570347 2.519434 = -0.01041958 @ 381816 276626
-1.561534 4.399747 3.285602 -2.133469 -3.675923 2.155418 1.185337 0.082013 -1.569685 2.519482 = -0.01049261 @ 399999 286537
1.758419 1.597148 -4.310489 -2.490679 0.361912 -0.061826 4.342810 1.898201 -2.232667 -2.157467 = -0.01050006 @ 398613 285768
1.758419 1.597148 -4.310489 -2.490679 0.361912 -0.061826 4.342810 1.898201 -2.232667 -2.157467 = -0.01050006 @ 396686 284768
-1.561847 4.399734 3.285644 -2.132573 -3.676291 2.163690 1.186086 0.074226 -1.569746 2.519508 = -0.01078344 @ 399948 286499
-1.561868 4.401159 3.284930 -2.133457 -3.669295 2.156240 1.184279 0.072767 -1.569996 2.518063 = -0.01093062 @ 399937 286493
-1.565169 4.399566 3.286934 -2.131722 -3.676291 2.159344 1.182998 0.079470 -1.568210 2.519381 = -0.01099459 @ 391090 281680
-1.562053 4.400052 3.284377 -2.133558 -3.675299 2.160445 1.186079 0.069896 -1.574252 2.519574 = -0.01151964 @ 385186 278555
-1.561832 4.401064 3.284450 -2.133471 -3.669103 2.156240 1.184348 0.072826 -1.569685 2.517690 = -0.01175046 @ 397876 285384
1.758419 1.592786 -4.310488 -2.490625 0.360575 -0.061826 4.341012 1.898223 -2.232810 -2.155097 = -0.01212898 @ 399298 286127
-1.564850 4.399714 3.287762 -2.133862 -3.675866 2.149753 1.185521 0.074226 -1.569858 2.517654 = -0.01216933 @ 399757 286381
1.758419 1.592786 -4.310488 -2.490625 0.360420 -0.061826 4.340948 1.898223 -2.232810 -2.155097 = -0.01223469 @ 397243 285055
-1.562053 4.399484 3.285269 -2.133047 -3.676437 2.155645 1.185569 0.073933 -1.570615 2.526724 = -0.01253508 @ 399805 286411
1.758419 1.592786 -4.310488 -2.490625 0.360420 -0.061826 4.340819 1.898223 -2.232667 -2.154579 = -0.01259426 @ 396913 284885
1.758419 1.592314 -4.310489 -2.490679 0.361912 -0.061826 4.342810 1.898201 -2.232667 -2.154579 = -0.01284927 @ 394589 283664
-1.562053 4.399484 3.285269 -2.132027 -3.676469 2.159145 1.185569 0.073933 -1.570615 2.526724 = -0.01345643 @ 395876 284335
1.758419 1.592786 -4.310379 -2.490625 0.360487 -0.061826 4.340948 1.898223 -2.232667 -2.153533 = -0.01357764 @ 395878 284336
-3.394265 -3.318978 2.345183 2.062142 4.369168 3.120385 0.549105 -4.742455 3.612588 2.473135 = -0.01421113 @ 387807 279941
-3.394265 -3.318978 2.345267 2.061380 4.373570 3.120386 0.549070 -4.742364 3.612588 2.473135 = -0.01426284 @ 391030 281650
-3.394991 -3.318978 2.345183 2.061380 4.368957 3.120762 0.546511 -4.744785 3.613274 2.470037 = -0.01447622 @ 389078 280610
-1.562057 4.400051 3.285445 -2.131421 -3.675633 2.156320 1.185881 0.074226 -1.578667 2.518585 = -0.01470493 @ 399862 286447
-1.562053 4.399902 3.285174 -2.133102 -3.676362 2.156332 1.185199 0.083373 -1.568745 2.519119 = -0.01473186 @ 397971 285433
1.758419 1.592314 -4.310488 -2.490818 0.360620 -0.061826 4.340948 1.898196 -2.232667 -2.158785 = -0.01484422 @ 386107 279044
-3.393620 -3.318978 2.345183 2.061380 4.368957 3.120762 0.546511 -4.744729 3.613274 2.470037 = -0.01514883 @ 397850 285370
-1.562053 4.399484 3.285445 -2.131421 -3.672981 2.159145 1.185569 0.073531 -1.570037 2.526724 = -0.01542071 @ 395686 284237
4.144464 2.472992 2.669625 -4.520243 3.638026 1.856552 -4.344259 0.612356 4.010592 -3.298409 = -0.01558157 @ 399411 286187
-1.562053 4.400052 3.284377 -2.133558 -3.674025 2.149753 1.179629 0.076580 -1.569858 2.519119 = -0.01612047 @ 391277 281785
4.144464 2.472992 2.669625 -4.520243 3.638026 1.857466 -4.344360 0.611039 4.010592 -3.296773 = -0.01677771 @ 389963 281080
4.144464 2.472992 2.669625 -4.520243 3.638026 1.857466 -4.344360 0.611039 4.010592 -3.296773 = -0.01677771 @ 399722 286361
4.144464 2.472992 2.669625 -4.520243 3.638026 1.857466 -4.344360 0.611039 4.010592 -3.296773 = -0.01677771 @ 395403 284089
-1.562057 4.400051 3.285445 -2.131421 -3.672981 2.154860 1.185881 0.074226 -1.578667 2.518585 = -0.01702253 @ 391650 281979
4.144464 2.472992 2.669625 -4.520243 3.638026 1.857466 -4.344359 0.611039 4.009470 -3.298409 = -0.01706538 @ 394683 283713
4.144464 2.472992 2.669625 -4.520243 3.638026 1.857466 -4.344336 0.611039 4.010592 -3.298409 = -0.01711928 @ 399005 285974
4.144464 2.472992 2.669625 -4.520243 3.638026 1.857466 -4.344359 0.611039 4.010592 -3.298409 = -0.01715237 @ 392553 282448
4.144464 2.472992 2.669625 -4.520243 3.638026 1.857466 -4.344359 0.611039 4.010592 -3.298409 = -0.01715238 @ 393768 283229
-1.561672 4.390792 3.285167 -2.132826 -3.676712 2.156357 1.184167 0.076794 -1.569685 2.519463 = -0.01727447 @ 399901 286472
4.144341 2.473685 2.669722 -4.520087 3.638026 1.857492 -4.344363 0.611441 4.010572 -3.294611 = -0.01737286 @ 399671 286329
4.144341 2.473685 2.669722 -4.520782 3.637614 1.857653 -4.344363 0.611441 4.010572 -3.294328 = -0.01772265 @ 395912 284354
-1.564850 4.399714 3.285877 -2.130432 -3.675866 2.149753 1.179629 0.074554 -1.569898 2.517654 = -0.01779208 @ 396872 284864
4.144341 2.473685 2.669722 -4.520087 3.637614 1.857653 -4.344363 0.611441 4.010572 -3.294611 = -0.01808694 @ 398682 285804
4.144341 2.473685 2.669722 -4.520087 3.637614 1.857653 -4.344363 0.611441 4.010572 -3.294611 = -0.01808694 @ 396600 284722
4.144464 2.472992 2.669625 -4.520243 3.638026 1.857466 -4.338431 0.611039 4.010592 -3.298409 = -0.01935609 @ 390948 281603
-1.561847 4.400598 3.289501 -2.133276 -3.669103 2.156329 1.179629 0.076580 -1.569746 2.519508 = -0.01962430 @ 399891 286464
-1.561847 4.400598 3.289501 -2.133276 -3.669103 2.156329 1.179629 0.076580 -1.569746 2.519508 = -0.01962430 @ 399977 286522
4.144357 2.472506 2.669534 -4.526010 3.638026 1.856524 -4.344259 0.612421 4.008736 -3.298403 = -0.01977772 @ 395798 284295
4.144357 2.472506 2.669534 -4.526010 3.638026 1.856524 -4.344259 0.612421 4.008736 -3.298403 = -0.01977772 @ 396932 284895
4.144357 2.472506 2.669534 -4.526010 3.638026 1.856524 -4.344259 0.612421 4.008736 -3.298403 = -0.01977772 @ 399558 286263
4.144357 2.472506 2.669534 -4.526010 3.638026 1.856524 -4.344259 0.612421 4.008736 -3.298403 = -0.01977772 @ 394002 283356
4.144358 2.472506 2.669534 -4.526010 3.638026 1.856524 -4.344259 0.612421 4.008736 -3.298403 = -0.01977862 @ 399691 286342
4.145191 2.474243 2.669722 -4.520087 3.638026 1.857466 -4.343611 0.612421 4.012859 -3.299556 = -0.01989375 @ 398998 285970
4.144775 2.472992 2.669625 -4.520243 3.638026 1.857466 -4.338431 0.611039 4.010592 -3.298409 = -0.02000617 @ 392286 282310
4.144775 2.472992 2.669625 -4.520243 3.638026 1.857466 -4.338431 0.611039 4.010592 -3.298410 = -0.02000734 @ 399642 286307
-1.562007 4.399897 3.287185 -2.122737 -3.676477 2.155672 1.185199 0.074506 -1.570008 2.518878 = -0.02003301 @ 394631 283685
4.144357 2.472506 2.669534 -4.526010 3.638026 1.856552 -4.344259 0.612356 4.008736 -3.295422 = -0.02031569 @ 399954 286504
4.144357 2.472506 2.669534 -4.526010 3.638026 1.856552 -4.344259 0.612356 4.008736 -3.295422 = -0.02031572 @ 398514 285716
4.145191 2.474243 2.669625 -4.520243 3.641879 1.857319 -4.344328 0.613084 4.010415 -3.299556 = -0.02056390 @ 398560 285741
-1.568610 4.399605 3.282184 -2.133872 -3.676171 2.156323 1.185476 0.073504 -1.569566 2.513300 = -0.02057331 @ 389522 280848
-1.561490 4.401666 3.285444 -2.136664 -3.675461 2.155452 1.184568 0.065158 -1.570697 2.519363 = -0.02105489 @ 399833 286429
-1.561495 4.399723 3.285174 -2.132573 -3.675633 2.166758 1.186524 0.074675 -1.569799 2.519362 = -0.02150084 @ 399779 286395
4.144464 2.472992 2.669625 -4.526010 3.641879 1.857319 -4.344294 0.611084 4.010592 -3.298409 = -0.02175512 @ 394125 283422
-3.394265 -3.315803 2.345538 2.061380 4.368998 3.120386 0.546125 -4.742364 3.605573 2.473135 = -0.02238389 @ 387807 279941
4.145191 2.474243 2.669534 -4.526010 3.638026 1.857466 -4.343611 0.612421 4.012859 -3.299556 = -0.02258730 @ 393194 282853
4.145191 2.474243 2.669534 -4.526010 3.638026 1.857466 -4.343611 0.612421 4.012859 -3.299556 = -0.02258731 @ 384809 278359
4.145191 2.474243 2.669534 -4.526010 3.638026 1.857466 -4.343611 0.612421 4.012859 -3.299556 = -0.02258733 @ 392167 282247
4.145191 2.474243 2.669534 -4.526010 3.641879 1.857319 -4.344328 0.613084 4.010415 -3.299556 = -0.02327627 @ 397459 285167
1.758419 1.592378 -4.310489 -2.490679 0.365439 -0.061826 4.341012 1.900684 -2.234616 -2.154274 = -0.02331727 @ 395906 284350
-1.563596 4.399855 3.284694 -2.135054 -3.676279 2.166758 1.185280 0.075967 -1.569148 2.519359 = -0.02356652 @ 385350 278640
1.758107 1.592378 -4.310489 -2.490679 0.365439 -0.061826 4.341012 1.900684 -2.234616 -2.153710 = -0.02413615 @ 396101 284454
1.758419 1.592378 -4.310489 -2.490679 0.365439 -0.061826 4.341012 1.900684 -2.234616 -2.153710 = -0.02417356 @ 395974 284387
-1.562053 4.399346 3.282610 -2.135705 -3.676350 2.156084 1.185621 0.085509 -1.569306 2.519391 = -0.02521587 @ 394992 283875
-1.555592 4.399779 3.284578 -2.133022 -3.676233 2.153522 1.185409 0.074440 -1.569539 2.527805 = -0.02532661 @ 399714 286357
-1.565081 4.399595 3.286729 -2.132015 -3.676180 2.165065 1.181896 0.078729 -1.566363 2.519686 = -0.02556090 @ 399767 286389
-1.558620 4.400083 3.285174 -2.143842 -3.675633 2.155836 1.185301 0.074226 -1.569858 2.519119 = -0.02558913 @ 399726 286363
-1.562053 4.399942 3.284593 -2.143842 -3.676212 2.156370 1.185804 0.077236 -1.569656 2.521757 = -0.02605307 @ 389371 280769
-1.558620 4.400083 3.284593 -2.133043 -3.675280 2.156976 1.194528 0.074226 -1.569858 2.525870 = -0.02682076 @ 399853 286442
-1.561881 4.399794 3.288592 -2.132947 -3.682128 2.156332 1.175296 0.074307 -1.567560 2.519083 = -0.02953906 @ 399712 286356
4.144357 2.470864 2.669534 -4.526010 3.639301 1.858749 -4.344328 0.612421 4.008736 -3.298403 = -0.03074389 @ 386709 279361
4.144357 2.470861 2.669534 -4.526010 3.639301 1.858749 -4.344328 0.612421 4.008736 -3.298403 = -0.03075782 @ 399695 286344
-1.562053 4.412865 3.286168 -2.132828 -3.675096 2.155812 1.185338 0.074661 -1.570697 2.519097 = -0.03210149 @ 399678 286333
1.758419 1.589941 -4.310494 -2.490818 0.360507 -0.061826 4.342380 1.898201 -2.224323 -2.152847 = -0.03321733 @ 385066 278493
-1.562053 4.412865 3.286168 -2.132828 -3.675096 2.159744 1.185743 0.074661 -1.570697 2.519097 = -0.03407985 @ 399511 286239
4.144464 2.469041 2.669625 -4.520243 3.638026 1.857466 -4.338431 0.611039 4.010592 -3.298409 = -0.03429896 @ 393258 282891
1.758705 1.584916 -4.310106 -2.484745 0.360426 -0.061491 4.341063 1.896681 -2.233447 -2.158055 = -0.03487074 @ 399933 286491
-1.562053 4.400052 3.284410 -2.118021 -3.676442 2.160445 1.185402 0.074506 -1.571585 2.519574 = -0.04469518 @ 399577 286274
-1.561829 4.401394 3.300666 -2.134216 -3.676477 2.155625 1.185394 0.074418 -1.569407 2.519534 = -0.04481391 @ 399564 286267
-1.561759 4.395381 3.275749 -2.134317 -3.681640 2.146480 1.185231 0.074047 -1.569929 2.519238 = -0.04584035 @ 390527 281378
-1.564362 4.399614 3.300666 -2.134107 -3.676148 2.160127 1.185378 0.074344 -1.570347 2.519368 = -0.04936261 @ 399667 286327
-1.562017 4.382953 3.284853 -2.133047 -3.676437 2.155645 1.186086 0.074208 -1.569858 2.519022 = -0.05563214 @ 399631 286302
-1.561495 4.399884 3.284584 -2.134092 -3.659034 2.156787 1.187708 0.074369 -1.569323 2.519397 = -0.05931108 @ 399924 286486
-1.564362 4.382953 3.284853 -2.132027 -3.676469 2.155836 1.185301 0.074226 -1.569858 2.523738 = -0.06037864 @ 399807 286412
-1.564362 4.382953 3.284853 -2.133047 -3.676437 2.155645 1.185313 0.074740 -1.570347 2.523738 = -0.06058670 @ 398269 285588
-1.555615 4.412865 3.285174 -2.138857 -3.675620 2.155615 1.182095 0.074190 -1.569875 2.526981 = -0.06067982 @ 396662 284755
-1.564362 4.382953 3.284853 -2.132027 -3.676469 2.159145 1.185313 0.074740 -1.570347 2.523738 = -0.06184087 @ 399805 286411
-1.543313 4.399614 3.284915 -2.132854 -3.676473 2.156241 1.185269 0.074460 -1.569799 2.518975 = -0.06315402 @ 398868 285901
-1.543313 4.399614 3.284577 -2.133101 -3.676247 2.156278 1.185757 0.074128 -1.569971 2.518975 = -0.06323431 @ 391866 282091
-1.543313 4.399614 3.284577 -2.133101 -3.676247 2.156278 1.185269 0.074460 -1.569971 2.518975 = -0.06324375 @ 396620 284733
-1.579399 4.400598 3.285174 -2.133055 -3.675879 2.157171 1.184308 0.072652 -1.569540 2.519079 = -0.06334156 @ 399905 286474
-1.579399 4.400598 3.285174 -2.134078 -3.676196 2.156533 1.185259 0.072652 -1.569540 2.519079 = -0.06355486 @ 398705 285816
-1.543313 4.399771 3.285264 -2.131421 -3.672981 2.156278 1.185521 0.074226 -1.569685 2.518975 = -0.06524144 @ 398715 285822
-1.562065 4.405817 3.267724 -2.132057 -3.676375 2.156406 1.181747 0.074310 -1.569951 2.519574 = -0.06675458 @ 399383 286172
-1.556476 4.413987 3.285193 -2.139335 -3.675398 2.155641 1.182587 0.074190 -1.569874 2.527457 = -0.06676191 @ 399986 286528
4.145256 2.471829 2.669630 -4.520243 3.638026 1.857492 -4.344273 0.620535 4.015701 -3.292891 = -0.06689084 @ 366507 268170
4.145256 2.471829 2.669630 -4.520243 3.637614 1.857653 -4.344273 0.620535 4.015701 -3.292891 = -0.06757825 @ 399671 286329
-1.562065 4.405817 3.267724 -2.132057 -3.676375 2.156406 1.181747 0.071762 -1.568703 2.519574 = -0.06854074 @ 396606 284726
-3.394062 -3.315803 2.345538 2.062142 4.369168 3.120385 0.555712 -4.747645 3.612379 2.467662 = -0.07017963 @ 344423 255650
-1.561210 4.400206 3.283593 -2.113938 -3.676438 2.160245 1.185856 0.074724 -1.571512 2.519451 = -0.07038684 @ 399992 286531
-1.543313 4.399614 3.284577 -2.133101 -3.676247 2.154067 1.184460 0.076059 -1.575461 2.518975 = -0.07115364 @ 399377 286169
-3.393794 -3.318957 2.345277 2.061380 4.369001 3.120391 0.550380 -4.731353 3.612927 2.472994 = -0.07200688 @ 380321 275671
4.145191 2.474243 2.669534 -4.526010 3.641879 1.857319 -4.344294 0.598210 4.010676 -3.299556 = -0.07299377 @ 382829 277315
-1.561495 4.399884 3.284584 -2.132900 -3.656182 2.159327 1.183086 0.074369 -1.569323 2.519397 = -0.08030845 @ 399389 286175
-1.560512 4.402602 3.285826 -2.152946 -3.674333 2.155268 1.181903 0.074411 -1.569493 2.519649 = -0.08291069 @ 398876 285906
-1.561829 4.401394 3.300666 -2.134107 -3.676296 2.156279 1.199528 0.074194 -1.569685 2.519534 = -0.08595629 @ 399706 286352
-1.561829 4.401394 3.300666 -2.134107 -3.676296 2.156279 1.199528 0.074194 -1.569685 2.519534 = -0.08595676 @ 398765 285848
-3.393794 -3.318957 2.354672 2.061380 4.369001 3.120391 0.550380 -4.730487 3.612927 2.472994 = -0.09893449 @ 379698 275327
-1.584630 4.399820 3.282203 -2.133102 -3.676362 2.156332 1.185240 0.074675 -1.569659 2.519767 = -0.10681126 @ 399560 286265
-1.584630 4.399820 3.282203 -2.133558 -3.676291 2.155836 1.185199 0.073273 -1.568425 2.519767 = -0.10735511 @ 399513 286240
-1.584630 4.399820 3.282203 -2.134433 -3.676311 2.158195 1.185996 0.073403 -1.569463 2.519767 = -0.10787254 @ 398869 285903
-1.564155 4.400202 3.284315 -2.135210 -3.675879 2.155595 1.185343 0.075792 -1.568232 2.497113 = -0.11305099 @ 399289 286122
-1.561495 4.399874 3.284852 -2.132900 -3.676477 2.132259 1.185259 0.074344 -1.569746 2.519368 = -0.11328346 @ 399329 286143
-1.562255 4.399428 3.260568 -2.131682 -3.676162 2.156332 1.186071 0.074670 -1.571455 2.518865 = -0.11445059 @ 399959 286507
-1.561578 4.400644 3.302191 -2.134714 -3.658440 2.156765 1.187891 0.075673 -1.568453 2.519254 = -0.11642419 @ 399534 286251
-1.543313 4.399874 3.284852 -2.132900 -3.676437 2.156274 1.200972 0.076059 -1.575461 2.518975 = -0.11775215 @ 399646 286310
-1.552012 4.400164 3.284560 -2.135471 -3.676659 2.155753 1.186840 0.072226 -1.569520 2.540562 = -0.11999740 @ 399739 286372
-1.548589 4.400161 3.284860 -2.135640 -3.676673 2.148594 1.190158 0.071496 -1.569309 2.536681 = -0.12083537 @ 399894 286466
-1.560607 4.425682 3.284680 -2.132819 -3.676343 2.156384 1.185412 0.074093 -1.569668 2.519465 = -0.12548118 @ 399973 286515
-1.562410 4.400720 3.311044 -2.132889 -3.676311 2.158195 1.185259 0.074344 -1.569858 2.518962 = -0.12670414 @ 399385 286173
-1.552416 4.406843 3.265665 -2.144570 -3.676334 2.156412 1.180942 0.072392 -1.568426 2.519489 = -0.12808555 @ 399929 286489
-1.562053 4.399488 3.285029 -2.123583 -3.676148 2.132259 1.184796 0.074226 -1.569858 2.519119 = -0.13026948 @ 399724 286362
-1.561495 4.400148 3.285645 -2.123583 -3.676148 2.132259 1.185259 0.074344 -1.569746 2.519368 = -0.13036904 @ 399583 286277
-1.561495 4.399488 3.285029 -2.123583 -3.676148 2.132259 1.185259 0.074344 -1.569746 2.519368 = -0.13041376 @ 399676 286332
1.757444 1.574673 -4.311435 -2.490143 0.359988 -0.064686 4.340223 1.904304 -2.236047 -2.154502 = -0.13395214 @ 399933 286491
1.758419 1.593439 -4.310489 -2.489089 0.360524 -0.085054 4.342863 1.898120 -2.236883 -2.154561 = -0.13552574 @ 399965 286510
-1.562007 4.399517 3.284593 -2.130398 -3.676801 2.156329 1.158633 0.074226 -1.568693 2.519490 = -0.13804964 @ 392754 282573
-1.560231 4.402471 3.285699 -2.105893 -3.674637 2.155485 1.180973 0.074366 -1.569491 2.519658 = -0.14553977 @ 399984 286526
1.758419 1.592806 -4.310489 -2.491371 0.360507 -0.085909 4.342380 1.898162 -2.234616 -2.154571 = -0.14751517 @ 399818 286420
1.758419 1.592806 -4.310489 -2.491371 0.360507 -0.085912 4.342380 1.898162 -2.234616 -2.154571 = -0.14755742 @ 347378 257221
-1.560606 4.427930 3.284657 -2.133176 -3.676850 2.156355 1.185225 0.073011 -1.569685 2.519463 = -0.14842874 @ 399901 286472
-1.561478 4.381436 3.305809 -2.132819 -3.677188 2.156241 1.184796 0.074013 -1.569685 2.519463 = -0.14937353 @ 399579 286275
-1.572374 4.401392 3.302082 -2.132900 -3.656182 2.159327 1.183086 0.076018 -1.568976 2.519256 = -0.15780031 @ 399924 286486
-1.562685 4.400547 3.313981 -2.132669 -3.676303 2.158193 1.185234 0.074348 -1.569786 2.518962 = -0.15846992 @ 399831 286428
-1.573217 4.401239 3.302900 -2.136983 -3.656186 2.159526 1.182632 0.075800 -1.569048 2.519379 = -0.17087459 @ 399992 286531
-1.561890 4.399906 3.284615 -2.133466 -3.645648 2.156451 1.185790 0.075653 -1.570854 2.519149 = -0.18361574 @ 399860 286446
-1.562130 4.399994 3.285726 -2.133155 -3.676299 2.157161 1.158633 0.069496 -1.586260 2.518887 = -0.18807729 @ 399612 286292
-1.561845 4.381436 3.305809 -2.132819 -3.677188 2.154597 1.199524 0.074208 -1.569363 2.518807 = -0.19117220 @ 397260 285065
-1.561490 4.399771 3.285264 -2.134512 -3.682128 2.157161 1.158633 0.069496 -1.586260 2.519363 = -0.19526494 @ 398800 285866
-1.562130 4.399994 3.284156 -2.134512 -3.682128 2.157161 1.158633 0.069496 -1.586260 2.518887 = -0.19584744 @ 390822 281537
-1.562053 4.400702 3.285205 -2.132900 -3.675603 2.156011 1.185743 0.041368 -1.566248 2.519119 = -0.21541129 @ 399673 286330
1.758419 1.592806 -4.310360 -2.490203 0.360507 -0.061826 4.341012 1.901640 -2.259017 -2.152847 = -0.22112643 @ 394292 283509
1.758419 1.592786 -4.310488 -2.490625 0.360420 -0.061826 4.341012 1.901640 -2.259017 -2.152847 = -0.22197863 @ 399041 285993
-1.527514 4.399795 3.285299 -2.133317 -3.677052 2.156454 1.185172 0.073951 -1.563667 2.519981 = -0.22843402 @ 399792 286404
-1.558397 4.399947 3.284852 -2.133860 -3.675787 2.154959 1.185526 0.113068 -1.569495 2.523402 = -0.27934623 @ 399990 286530
-1.558901 4.400214 3.285201 -2.171103 -3.675329 2.155619 1.186232 0.074271 -1.569860 2.519110 = -0.28706743 @ 399984 286526
1.757730 1.562441 -4.311053 -2.489963 0.359840 -0.064351 4.340330 1.902766 -2.236774 -2.155090 = -0.29176108 @ 399027 285985
1.757730 1.562441 -4.311053 -2.489963 0.359840 -0.064351 4.340330 1.902766 -2.236774 -2.155090 = -0.29176108 @ 379175 275054
-1.561287 4.399861 3.285292 -2.132727 -3.675479 2.195098 1.184415 0.076457 -1.569674 2.519321 = -0.29281759 @ 397587 285234
-1.561522 4.399625 3.284397 -2.137320 -3.677911 2.195480 1.184132 0.073891 -1.569673 2.518880 = -0.30481846 @ 399871 286453
-1.561495 4.399874 3.284852 -2.138224 -3.678426 2.195708 1.185317 0.075851 -1.569311 2.519368 = -0.31043165 @ 399704 286349
-1.561478 4.399779 3.284680 -2.138224 -3.678426 2.195708 1.184041 0.073728 -1.569685 2.518878 = -0.31108326 @ 399729 286365
-1.562184 4.400834 3.284938 -2.172836 -3.676142 2.156398 1.185522 0.074231 -1.567546 2.519278 = -0.31328797 @ 398842 285888
-1.562113 4.398220 3.284720 -2.172836 -3.676142 2.156398 1.185199 0.073273 -1.574252 2.519583 = -0.31765904 @ 399755 286380
-1.561845 4.399635 3.284249 -2.134881 -3.678597 2.196762 1.183846 0.077924 -1.569624 2.519836 = -0.32246086 @ 399990 286530
-1.562053 4.394767 3.285174 -2.125954 -3.675633 2.196810 1.184796 0.074410 -1.570518 2.519574 = -0.33213140 @ 398835 285885
-1.561972 4.400311 3.284898 -2.174367 -3.676477 2.156274 1.184867 0.074272 -1.569685 2.519278 = -0.33451441 @ 392762 282576
-1.562793 4.399490 3.284927 -2.131723 -3.676982 2.156329 1.186848 0.117102 -1.569487 2.519115 = -0.33473561 @ 398550 285735
-1.561493 4.399771 3.285264 -2.131421 -3.676473 2.156241 1.185240 0.117102 -1.569394 2.519115 = -0.33502599 @ 399408 286185
-1.561972 4.400259 3.284898 -2.174367 -3.676477 2.156274 1.184867 0.073947 -1.569685 2.519278 = -0.33523436 @ 399057 286001
-1.564985 4.399873 3.285019 -2.132334 -3.676424 2.156295 1.186848 0.117102 -1.569487 2.519451 = -0.33701279 @ 399720 286360
-1.561972 4.400259 3.284898 -2.174367 -3.675915 2.159327 1.184867 0.073947 -1.569685 2.519278 = -0.33905288 @ 399652 286313
-1.598825 4.399533 3.286168 -2.132573 -3.676291 2.163690 1.200972 0.074226 -1.575461 2.518975 = -0.33906591 @ 399814 286415
-1.558719 4.399957 3.284704 -2.131421 -3.676473 2.156241 1.185240 0.117102 -1.569446 2.524358 = -0.34174760 @ 399708 286353
-1.569201 4.399996 3.263016 -2.140471 -3.675905 2.154785 1.179803 0.075407 -1.568749 2.487615 = -0.34765150 @ 399815 286419
-1.561493 4.389648 3.284927 -2.132854 -3.676473 2.155836 1.185301 0.117102 -1.569394 2.519115 = -0.35254175 @ 399480 286223
-1.561493 4.399771 3.285264 -2.136650 -3.680831 2.159028 1.185156 0.118065 -1.569394 2.519115 = -0.35591611 @ 399708 286353
-1.558719 4.399957 3.284704 -2.136650 -3.680831 2.159028 1.185156 0.118065 -1.569446 2.524358 = -0.36347983 @ 399643 286308
-1.558620 4.400083 3.283177 -2.132956 -3.676220 2.160127 1.185378 0.118496 -1.569459 2.525870 = -0.37005367 @ 399252 286103
-1.564362 4.382953 3.284853 -2.092113 -3.676031 2.155452 1.185313 0.074740 -1.570347 2.523738 = -0.37901943 @ 399975 286522
-1.562053 4.399919 3.284632 -2.174367 -3.676845 2.138659 1.185402 0.074506 -1.570008 2.519097 = -0.39277869 @ 399833 286429
-1.571302 4.399999 3.263592 -2.144088 -3.675954 2.153143 1.181798 0.075470 -1.568817 2.485374 = -0.39548569 @ 399887 286462
-1.562053 4.400083 3.284593 -2.174367 -3.676845 2.138659 1.184568 0.065158 -1.570697 2.519097 = -0.41657353 @ 399682 286337
-1.562053 4.399919 3.284632 -2.174367 -3.676845 2.138659 1.184568 0.065158 -1.570697 2.519097 = -0.41668792 @ 399351 286155
-1.560748 4.399749 3.287588 -2.139702 -3.678684 2.201474 1.188056 0.075893 -1.573837 2.518515 = -0.42373282 @ 399920 286482
-1.559468 4.400103 3.285158 -2.131333 -3.697242 2.156461 1.185512 0.116768 -1.569450 2.527531 = -0.43316786 @ 399942 286496
-1.562019 4.447408 3.286168 -2.136664 -3.675461 2.156274 1.185259 0.074047 -1.570008 2.519102 = -0.43341105 @ 399335 286147
-1.561797 4.399526 3.279857 -2.133280 -3.629772 2.155898 1.187935 0.073890 -1.571058 2.519357 = -0.43426416 @ 399955 286505
-1.543313 4.400220 3.330147 -2.133276 -3.676299 2.156274 1.185395 0.073509 -1.569685 2.518975 = -0.45216101 @ 399719 286359
-1.511906 4.399521 3.284378 -2.132091 -3.676970 2.156303 1.185768 0.073307 -1.573283 2.518789 = -0.47468015 @ 398003 285450
-1.562019 4.401179 3.316894 -2.092113 -3.676183 2.155452 1.185402 0.074506 -1.570008 2.519102 = -0.50123477 @ 399268 286111
-1.562019 4.447408 3.305285 -2.132821 -3.676162 2.156332 1.185231 0.074047 -1.570008 2.519102 = -0.50197497 @ 399307 286132
-1.565884 4.400151 3.285346 -2.123415 -3.676134 2.108450 1.197654 0.074942 -1.570187 2.522015 = -0.50245833 @ 399894 286466
-1.561845 4.381436 3.305809 -2.132819 -3.677188 2.156241 1.184796 0.118496 -1.569459 2.518807 = -0.51164504 @ 399560 286265
-1.560361 4.399872 3.284276 -2.129283 -3.676428 2.102934 1.198978 0.074150 -1.569908 2.520376 = -0.60239503 @ 399887 286462
-1.592112 4.399919 3.283990 -2.174367 -3.676845 2.138659 1.184568 0.065158 -1.569746 2.517934 = -0.61882181 @ 399188 286070
-1.562057 4.399874 3.292113 -2.123583 -3.676477 2.101292 1.185259 0.074370 -1.569278 2.518585 = -0.62181022 @ 399436 286199
-1.562057 4.399874 3.292113 -2.123583 -3.676477 2.101292 1.185259 0.074212 -1.569976 2.518585 = -0.62213847 @ 399078 286012
-1.618968 4.400052 3.284377 -2.133558 -3.676291 2.155836 1.185199 0.073273 -1.568425 2.519490 = -0.64117585 @ 399898 286469
-1.562462 4.399874 3.284852 -2.132900 -3.676477 2.101292 1.200972 0.074212 -1.569976 2.518134 = -0.64516792 @ 399583 286277
-1.562462 4.400148 3.285645 -2.123583 -3.676148 2.101292 1.200972 0.074212 -1.569976 2.518134 = -0.65483415 @ 397716 285301
-1.561493 4.397929 3.284898 -2.174367 -3.680831 2.159028 1.185156 0.118065 -1.569394 2.519115 = -0.67381359 @ 399988 286529
-1.561223 4.400546 3.285845 -2.132988 -3.739209 2.159202 1.186892 0.073539 -1.569867 2.516105 = -0.74817122 @ 399942 286496
-1.543313 4.399614 3.300666 -2.134107 -3.676148 2.101292 1.200972 0.076059 -1.575461 2.518975 = -0.75949848 @ 399552 286260
-1.560729 4.387093 3.281162 -2.126335 -3.676481 2.096226 1.197525 0.074065 -1.570107 2.520378 = -0.77843247 @ 399944 286497
-1.510102 4.398407 3.287131 -2.132617 -3.641662 2.167166 1.186659 0.072306 -1.569519 2.535431 = -0.81106703 @ 399867 286449
1.758419 1.538573 -4.310489 -2.490534 0.360575 -0.061826 4.341012 1.898219 -2.234616 -2.157467 = -0.81826648 @ 398891 285914
1.758419 1.538573 -4.310489 -2.490534 0.360420 -0.061826 4.340948 1.898219 -2.234616 -2.157467 = -0.81832834 @ 399298 286127
1.758419 1.538573 -4.310489 -2.490534 0.360420 -0.061826 4.340948 1.898219 -2.234616 -2.157467 = -0.81833364 @ 399684 286338
-1.562135 4.399808 3.220861 -2.112841 -3.676162 2.156332 1.185215 0.074320 -1.569861 2.519130 = -0.83646913 @ 399959 286507
-1.561185 4.413874 3.220236 -2.131181 -3.676299 2.146371 1.185161 0.074387 -1.569743 2.517201 = -0.86005908 @ 399858 286444
-1.561379 4.399715 3.286124 -2.134468 -3.682579 2.157852 1.120271 0.068875 -1.585769 2.519566 = -0.87442188 @ 399587 286279
-1.630848 4.399005 3.283287 -2.133579 -3.675625 2.155731 1.187023 0.073916 -1.570046 2.519258 = -0.94453559 @ 399752 286379
-1.562053 4.399919 3.284720 -2.130509 -3.676801 2.083969 1.178236 0.074410 -1.574252 2.519097 = -1.04912558 @ 399278 286117
-3.394062 -3.315803 2.345538 2.062142 4.369096 3.120385 0.599897 -4.747339 3.612379 2.467662 = -1.06035430 @ 395956 284377
-1.562127 4.471533 3.307004 -2.132900 -3.676291 2.156287 1.186697 0.074530 -1.570743 2.519123 = -1.06159119 @ 399710 286355
-1.562057 4.471533 3.307004 -2.132900 -3.676291 2.156287 1.186697 0.074530 -1.572672 2.518585 = -1.06304850 @ 399784 286398
-1.543313 4.399490 3.284720 -2.130509 -3.676801 2.083969 1.178236 0.074209 -1.575461 2.518975 = -1.10661674 @ 399700 286347
-1.562340 4.399734 3.285445 -2.133276 -3.676299 2.080401 1.185743 0.074132 -1.570347 2.519082 = -1.14606712 @ 399359 286159
-1.527751 4.399342 3.213614 -2.133047 -3.676437 2.155645 1.186079 0.069896 -1.574252 2.520033 = -1.17708042 @ 399975 286522
-1.527751 4.399342 3.213612 -2.136664 -3.675461 2.156332 1.185840 0.073592 -1.571585 2.520033 = -1.17918298 @ 399884 286460
-1.527751 4.399342 3.213614 -2.136664 -3.675461 2.156332 1.185840 0.073592 -1.571585 2.520033 = -1.17921561 @ 399769 286390
-1.527751 4.399342 3.213614 -2.136664 -3.675461 2.156332 1.186055 0.074943 -1.571585 2.520033 = -1.18192469 @ 399589 286279
-1.527751 4.399342 3.213614 -2.136664 -3.675461 2.156332 1.186055 0.074943 -1.571585 2.520033 = -1.18192469 @ 399268 286111
1.758667 1.592786 -4.310466 -2.487645 0.360507 -0.132579 4.331220 1.905401 -2.233692 -2.154748 = -1.24306531 @ 398407 285660
-1.522705 4.399547 3.234913 -2.086851 -3.676207 2.160137 1.205067 0.074579 -1.571067 2.529531 = -1.25189627 @ 399815 286419
-1.641644 4.399753 3.283177 -2.132956 -3.676220 2.155753 1.186840 0.074261 -1.570568 2.519260 = -1.25801823 @ 398021 285459
-1.641644 4.399753 3.284560 -2.135471 -3.676659 2.155753 1.186840 0.074261 -1.570568 2.519260 = -1.25998268 @ 399252 286103
-1.562776 4.399550 3.365983 -2.132573 -3.676477 2.155243 1.183168 0.080195 -1.568254 2.519415 = -1.26824460 @ 399680 286336
-1.641644 4.399753 3.284694 -2.135054 -3.676279 2.166758 1.186524 0.074261 -1.570568 2.519260 = -1.27075983 @ 399739 286372
-1.562776 4.399550 3.365983 -2.138199 -3.675620 2.155243 1.183168 0.080195 -1.568254 2.519415 = -1.27840020 @ 399629 286301
-1.562776 4.399550 3.365983 -2.133106 -3.676425 2.156109 1.188087 0.074226 -1.568254 2.519415 = -1.28230303 @ 399995 286533
-1.642412 4.399727 3.281157 -2.133045 -3.676289 2.155625 1.187170 0.074231 -1.569854 2.519130 = -1.28560323 @ 399994 286532
-1.642412 4.399727 3.281157 -2.133173 -3.676341 2.155587 1.187170 0.073517 -1.568231 2.519130 = -1.28812323 @ 399899 286471
1.758419 1.592378 -4.249440 -2.490952 0.365439 -0.061826 4.341012 1.900684 -2.234616 -2.152847 = -1.30803674 @ 399826 286425
-1.561972 4.400692 3.286299 -2.132900 -3.759978 2.159421 1.187163 0.073206 -1.569870 2.519278 = -1.32673545 @ 398816 285874
-1.562057 4.400692 3.284384 -2.132900 -3.759978 2.159421 1.185971 0.074410 -1.568425 2.518585 = -1.32686801 @ 399275 286115
-1.562057 4.400692 3.284632 -2.134705 -3.759978 2.159421 1.185971 0.074410 -1.568425 2.518585 = -1.32798335 @ 398967 285954
-1.561791 4.399476 3.282869 -2.143842 -3.760779 2.155877 1.184438 0.074191 -1.571999 2.518720 = -1.37603038 @ 399853 286442
-1.565537 4.399047 3.292000 -2.133431 -3.760779 2.155877 1.194528 0.071906 -1.569531 2.520393 = -1.37746428 @ 398221 285564
-1.558620 4.400083 3.284593 -2.143842 -3.760779 2.156329 1.185301 0.074226 -1.569858 2.525870 = -1.38691489 @ 399573 286272
-1.558620 4.400083 3.284593 -2.143842 -3.760779 2.155877 1.194528 0.074226 -1.569858 2.525870 = -1.39684660 @ 399443 286203
-1.568383 4.399345 3.292272 -2.133457 -3.761923 2.156942 1.195712 0.071845 -1.569679 2.520247 = -1.42064437 @ 399607 286289
-1.527751 4.399342 3.213614 -2.092113 -3.676031 2.155452 1.186079 0.069896 -1.574252 2.520033 = -1.45819446 @ 399577 286274
-1.527751 4.399342 3.213614 -2.092113 -3.676162 2.156332 1.185231 0.074047 -1.571585 2.520033 = -1.46203956 @ 398778 285855
-1.527751 4.399342 3.213614 -2.092113 -3.676031 2.155452 1.185402 0.076323 -1.569363 2.520033 = -1.46468038 @ 399640 286307
-1.564417 4.392749 3.268316 -2.133683 -3.762008 2.154564 1.194003 0.073244 -1.564403 2.519325 = -1.46846112 @ 399819 286421
-1.561759 4.484311 3.310117 -2.135849 -3.676238 2.162995 1.188151 0.074616 -1.570544 2.519121 = -1.47341190 @ 399944 286497
-1.562053 4.399919 3.361237 -2.130509 -3.676801 2.156295 1.186848 0.117102 -1.569487 2.519115 = -1.47448201 @ 399570 286269
-1.566219 4.398927 3.290629 -2.133767 -3.763859 2.154786 1.193698 0.072698 -1.569521 2.520058 = -1.47570896 @ 396268 284541
-1.527751 4.399342 3.213614 -2.092113 -3.676233 2.159327 1.199528 0.074194 -1.571585 2.520033 = -1.51653308 @ 399327 286142
-1.562053 4.399894 3.196809 -2.111198 -3.676162 2.156332 1.185231 0.074047 -1.569731 2.519119 = -1.53237747 @ 399327 286142
1.758419 1.621415 -4.249440 -2.490952 0.365439 -0.061826 4.341012 1.901640 -2.234616 -2.152847 = -1.53332572 @ 392203 282266
-1.564045 4.392663 3.267724 -2.133767 -3.763859 2.154786 1.193698 0.072698 -1.565020 2.519574 = -1.53342619 @ 396819 284836
-1.562033 4.396175 3.374150 -2.112565 -3.675066 2.145366 1.185192 0.074096 -1.570171 2.519181 = -1.61141923 @ 398933 285936
-1.558620 4.400083 3.284593 -2.143842 -3.760779 2.155877 1.194528 0.118496 -1.569459 2.525870 = -1.75133341 @ 398247 285577
-1.562638 4.397030 3.380617 -2.138857 -3.675224 2.156332 1.185521 0.075029 -1.572672 2.518882 = -1.75761834 @ 399702 286348
-1.562638 4.397030 3.380617 -2.138857 -3.675620 2.155615 1.185743 0.075029 -1.572672 2.518882 = -1.76182610 @ 398652 285789
-1.466523 4.400702 3.278248 -2.132900 -3.675024 2.155419 1.187906 0.077409 -1.569452 2.516387 = -1.77018996 @ 399418 286190
-1.466523 4.400702 3.278248 -2.132900 -3.675024 2.155419 1.187906 0.077409 -1.569452 2.516387 = -1.77018996 @ 399911 286476
-1.466523 4.401500 3.284226 -2.132133 -3.675708 2.155427 1.191506 0.073933 -1.569023 2.516387 = -1.77128520 @ 398466 285690
-1.466523 4.397929 3.284226 -2.132402 -3.675890 2.156331 1.185409 0.073999 -1.569685 2.516387 = -1.77404105 @ 399061 286003
-1.466523 4.400702 3.284226 -2.132402 -3.675890 2.153328 1.185497 0.078362 -1.566248 2.516387 = -1.78139334 @ 398898 285917
-1.561493 4.396175 3.374150 -2.112565 -3.675066 2.145366 1.185240 0.117102 -1.569394 2.519115 = -1.93666600 @ 399873 286455
-1.460102 4.400583 3.279009 -2.132945 -3.674311 2.155442 1.188228 0.076975 -1.569682 2.516439 = -2.03262774 @ 399967 286512
-1.560963 4.399566 3.380617 -2.138857 -3.678426 2.195708 1.186480 0.075045 -1.569658 2.518727 = -2.10991213 @ 399450 286207
1.758419 1.592786 -4.230767 -2.487828 0.360507 -0.061826 4.342380 1.905401 -2.234616 -2.152847 = -2.16989905 @ 391494 281898
1.758419 1.689246 -4.310488 -2.484925 0.360575 -0.061826 4.340987 1.898219 -2.232720 -2.152591 = -2.17025546 @ 399800 286408
4.145194 2.470364 2.670267 -4.523089 3.554614 1.857409 -4.344270 0.594258 3.997830 -3.293235 = -2.40828916 @ 399288 286121
1.758419 1.592806 -4.310489 -2.389735 0.360210 -0.061908 4.342380 1.901640 -2.231520 -2.154571 = -2.53898833 @ 398509 285714
4.145272 2.472661 2.669801 -4.526027 3.644854 1.859299 -4.342633 0.599862 3.910070 -3.291043 = -3.22052996 @ 396131 284471
