-1.481353 3.673957 -4.858703 -4.298626 3.631179 0.872145 -2.655748 0.961210 0.459036 -2.772858 = -0.00020900 @ 399575 292737
-1.481353 3.673957 -4.858703 -4.298626 3.631179 0.872145 -2.655748 0.961210 0.459041 -2.772858 = -0.00020908 @ 397994 291740
-0.499878 -4.011922 -4.881053 -1.009957 -3.045499 1.762318 3.205001 -2.007859 -3.890742 -3.245394 = -0.00021178 @ 399539 292716
-0.499878 -4.011922 -4.881053 -1.009957 -3.046109 1.762318 3.205001 -2.007859 -3.890742 -3.245394 = -0.00023086 @ 398962 292343
-0.499883 -4.011988 -4.881288 -1.009957 -3.045579 1.762318 3.205101 -2.007545 -3.890775 -3.245361 = -0.00023194 @ 399350 292594
-0.499883 -4.011988 -4.881288 -1.009957 -3.045579 1.762318 3.205101 -2.007545 -3.890775 -3.245361 = -0.00023203 @ 399173 292467
-0.499878 -4.011922 -4.881151 -1.009958 -3.046109 1.762318 3.205001 -2.007859 -3.890742 -3.245394 = -0.00023977 @ 399932 292960
-0.499878 -4.011922 -4.881151 -1.009958 -3.046109 1.762318 3.205001 -2.007859 -3.890742 -3.245394 = -0.00023981 @ 399747 292842
-0.499878 -4.011922 -4.881151 -1.009958 -3.046109 1.762318 3.205001 -2.007859 -3.890742 -3.245394 = -0.00023986 @ 399908 292947
-0.499878 -4.011922 -4.881151 -1.009958 -3.046109 1.762318 3.205001 -2.007859 -3.890742 -3.245394 = -0.00023987 @ 399861 292913
-0.499878 -4.011922 -4.881151 -1.009957 -3.046109 1.762318 3.205001 -2.007859 -3.890742 -3.245394 = -0.00023991 @ 398830 292261
-2.185429 1.686911 0.587766 2.757164 -2.859080 -0.039059 -4.492639 -2.645784 -2.389655 -1.099831 = -0.00024679 @ 397744 291562
-0.499670 -4.011922 -4.881288 -1.009957 -3.046128 1.762318 3.205001 -2.007859 -3.890742 -3.245394 = -0.00025620 @ 398524 292075
-0.499670 -4.011922 -4.881288 -1.009957 -3.046128 1.762330 3.205001 -2.007859 -3.890742 -3.245394 = -0.00025639 @ 398808 292247
-0.499883 -4.012621 -4.881573 -1.010484 -3.045131 1.762318 3.204999 -2.007545 -3.890742 -3.245362 = -0.00027061 @ 396620 290804
-1.481353 3.673957 -4.858703 -4.298626 3.631179 0.872145 -2.655748 0.961210 0.459144 -2.772858 = -0.00028543 @ 397293 291203
-2.185040 1.686911 0.587776 2.757164 -2.859080 -0.038697 -4.492639 -2.645784 -2.389655 -1.099831 = -0.00029191 @ 399040 292389
-2.185040 1.686911 0.587766 2.757164 -2.859080 -0.038697 -4.492639 -2.645784 -2.389655 -1.099831 = -0.00029249 @ 397854 291645
-0.499877 -4.011922 -4.881570 -1.009957 -3.045499 1.762318 3.204536 -2.008011 -3.890742 -3.245394 = -0.00030081 @ 399721 292827
-2.185040 1.686911 0.587766 2.757164 -2.859080 -0.038677 -4.492639 -2.645784 -2.389655 -1.099831 = -0.00030243 @ 397531 291432
-2.185040 1.686911 0.587766 2.757164 -2.859080 -0.038677 -4.492639 -2.645784 -2.389655 -1.099831 = -0.00030244 @ 399965 292977
-2.185040 1.686911 0.587766 2.757164 -2.859092 -0.038677 -4.492639 -2.645784 -2.389655 -1.099831 = -0.00030256 @ 399436 292652
-2.185040 1.686911 0.587598 2.757164 -2.859080 -0.038697 -4.492639 -2.645784 -2.389655 -1.099863 = -0.00031654 @ 399981 292986
-2.185040 1.686911 0.587598 2.757164 -2.859080 -0.038697 -4.492639 -2.645784 -2.389655 -1.099863 = -0.00031655 @ 398358 291965
-2.185429 1.686911 0.587728 2.757298 -2.859080 -0.039659 -4.492284 -2.646483 -2.389655 -1.099831 = -0.00032709 @ 399717 292825
-1.481353 3.674160 -4.858703 -4.298626 3.631179 0.872145 -2.655754 0.961219 0.459144 -2.772858 = -0.00032789 @ 399176 292469
-1.481353 3.674160 -4.858703 -4.298626 3.631179 0.872145 -2.655754 0.961219 0.459144 -2.772858 = -0.00032789 @ 399986 292989
-1.481353 3.674160 -4.858703 -4.298626 3.631179 0.872145 -2.655754 0.961219 0.459145 -2.772858 = -0.00032795 @ 399920 292953
-2.185429 1.686911 0.587728 2.757298 -2.859080 -0.039659 -4.492284 -2.646489 -2.389655 -1.099831 = -0.00033005 @ 398467 292041
-2.185429 1.686909 0.587728 2.757298 -2.859080 -0.039659 -4.492284 -2.646489 -2.389655 -1.099831 = -0.00033018 @ 399685 292802
-2.185429 1.686911 0.587887 2.757194 -2.859096 -0.038770 -4.492639 -2.645784 -2.389655 -1.099831 = -0.00033019 @ 397353 291240
-2.185262 1.686911 0.587887 2.757164 -2.859096 -0.038677 -4.492639 -2.645784 -2.389655 -1.099831 = -0.00033027 @ 397948 291715
-2.185429 1.686911 0.587887 2.757164 -2.859096 -0.038684 -4.492081 -2.645784 -2.389655 -1.099831 = -0.00033374 @ 398391 291990
-2.185429 1.686913 0.587887 2.757164 -2.859096 -0.038677 -4.492081 -2.645784 -2.389655 -1.099831 = -0.00033725 @ 399227 292499
-2.185429 1.686911 0.587887 2.757164 -2.859096 -0.038677 -4.492081 -2.645784 -2.389655 -1.099831 = -0.00033755 @ 397595 291474
-2.185429 1.686911 0.587887 2.757164 -2.859096 -0.038677 -4.492081 -2.645784 -2.389655 -1.099831 = -0.00033759 @ 399739 292838
-1.481353 3.673957 -4.858703 -4.298626 3.631179 0.872145 -2.655748 0.961213 0.458891 -2.772858 = -0.00034771 @ 399862 292914
-1.481353 3.673957 -4.858703 -4.298626 3.631179 0.872145 -2.655748 0.961213 0.458891 -2.772858 = -0.00034776 @ 399914 292950
-1.481353 3.673951 -4.858703 -4.298626 3.631179 0.872145 -2.655748 0.961210 0.458891 -2.772858 = -0.00034945 @ 399089 292419
-1.481353 3.674164 -4.858703 -4.298626 3.631179 0.872145 -2.655748 0.961210 0.459144 -2.772858 = -0.00035172 @ 396664 290833
-2.185429 1.686521 0.587766 2.757164 -2.859080 -0.039059 -4.492639 -2.645784 -2.389655 -1.099831 = -0.00035552 @ 397793 291589
-2.185429 1.686521 0.587766 2.757164 -2.859151 -0.039059 -4.492639 -2.645784 -2.389655 -1.099831 = -0.00035753 @ 398339 291953
-1.481333 3.673957 -4.858703 -4.298626 3.631179 0.872145 -2.655748 0.961210 0.458891 -2.772858 = -0.00036664 @ 399235 292504
-2.185429 1.686911 0.587934 2.757298 -2.859080 -0.039659 -4.492639 -2.646489 -2.389655 -1.099897 = -0.00038062 @ 398672 292169
-0.499883 -4.012621 -4.881573 -1.010692 -3.044821 1.762318 3.204999 -2.007545 -3.890917 -3.245237 = -0.00039185 @ 398081 291790
-0.499883 -4.012621 -4.881573 -1.010692 -3.044821 1.762318 3.204999 -2.007545 -3.890925 -3.245237 = -0.00039207 @ 399151 292455
-0.499883 -4.012621 -4.881573 -1.010692 -3.044816 1.762318 3.204999 -2.007545 -3.890917 -3.245237 = -0.00039361 @ 399967 292978
-0.499883 -4.012621 -4.881573 -1.010692 -3.044816 1.762318 3.204999 -2.007545 -3.890917 -3.245237 = -0.00039362 @ 397509 291420
-0.499883 -4.012621 -4.881573 -1.010692 -3.044816 1.762318 3.204999 -2.007545 -3.890917 -3.245237 = -0.00039367 @ 399016 292374
-2.185429 1.686911 0.587728 2.757181 -2.859080 -0.039659 -4.492639 -2.646489 -2.389655 -1.099919 = -0.00039590 @ 397632 291495
-0.499883 -4.012621 -4.881573 -1.010692 -3.044816 1.762318 3.204999 -2.007545 -3.890917 -3.245362 = -0.00040890 @ 397450 291371
-0.499883 -4.012621 -4.881573 -1.010692 -3.044816 1.762318 3.205001 -2.007545 -3.890917 -3.245362 = -0.00040923 @ 399037 292387
-0.499883 -4.012185 -4.880758 -1.009079 -3.045579 1.762318 3.205101 -2.007622 -3.890775 -3.245295 = -0.00043849 @ 397321 291218
-0.499883 -4.012185 -4.880758 -1.009079 -3.045579 1.762300 3.205101 -2.007622 -3.890775 -3.245295 = -0.00043854 @ 399391 292624
-0.499892 -4.012089 -4.880758 -1.009080 -3.045579 1.762318 3.204997 -2.007593 -3.890775 -3.245361 = -0.00045182 @ 398296 291920
-0.499883 -4.012185 -4.880758 -1.009079 -3.045579 1.762318 3.205101 -2.007545 -3.890775 -3.245361 = -0.00045293 @ 397137 291107
-0.499883 -4.012621 -4.881573 -1.010692 -3.044689 1.762318 3.204999 -2.007545 -3.890917 -3.245362 = -0.00046654 @ 397004 291026
-2.185429 1.686911 0.587728 2.757164 -2.859080 -0.038677 -4.492625 -2.646548 -2.389924 -1.099831 = -0.00048544 @ 397651 291505
-0.499883 -4.011988 -4.880758 -1.009079 -3.045579 1.762318 3.205101 -2.007545 -3.890775 -3.245361 = -0.00049844 @ 399754 292846
-1.481204 3.673957 -4.858703 -4.298626 3.631179 0.872145 -2.655748 0.961210 0.458891 -2.772858 = -0.00054917 @ 398222 291871
-1.481353 3.673957 -4.858703 -4.298626 3.631179 0.872145 -2.655748 0.961093 0.458891 -2.772858 = -0.00060216 @ 398057 291775
-2.185431 1.686895 0.587627 2.757254 -2.858303 -0.039874 -4.492117 -2.646441 -2.390111 -1.099904 = -0.00062130 @ 399289 292547
-2.185430 1.686895 0.587627 2.757238 -2.858303 -0.039874 -4.492117 -2.646441 -2.390111 -1.099904 = -0.00062255 @ 398874 292288
-2.185431 1.686895 0.587627 2.757238 -2.858303 -0.039874 -4.492117 -2.646441 -2.390111 -1.099904 = -0.00062284 @ 397820 291627
-2.185431 1.686895 0.587627 2.757238 -2.858397 -0.039874 -4.492648 -2.646489 -2.389949 -1.099904 = -0.00063329 @ 397624 291490
-2.185431 1.686889 0.587627 2.757238 -2.858397 -0.039874 -4.492648 -2.646489 -2.389949 -1.099904 = -0.00063395 @ 399518 292699
-1.481366 3.673718 -4.858686 -4.298877 3.631179 0.872145 -2.655761 0.961103 0.459048 -2.772866 = -0.00066597 @ 394432 289382
-0.499878 -4.012766 -4.881573 -1.008777 -3.046109 1.762318 3.205001 -2.007538 -3.890742 -3.245394 = -0.00071892 @ 395367 289926
-0.499878 -4.012766 -4.881573 -1.008777 -3.046109 1.762318 3.205001 -2.007538 -3.890742 -3.245394 = -0.00071892 @ 398958 292339
-0.499883 -4.012089 -4.880758 -1.008635 -3.045579 1.762318 3.204997 -2.007545 -3.890775 -3.245361 = -0.00074064 @ 391959 287910
-2.185431 1.686895 0.587627 2.757238 -2.860031 -0.039300 -4.492648 -2.646489 -2.389660 -1.099830 = -0.00074082 @ 391620 287708
-1.481353 3.674345 -4.858703 -4.298626 3.631179 0.872145 -2.655748 0.961210 0.459144 -2.772858 = -0.00078803 @ 396655 290823
-1.481353 3.674345 -4.858703 -4.298626 3.631179 0.872145 -2.655748 0.961210 0.459144 -2.772858 = -0.00078803 @ 399959 292974
-1.481804 3.674087 -4.858703 -4.298625 3.631179 0.872145 -2.655748 0.961213 0.458891 -2.772858 = -0.00080160 @ 399795 292869
-1.481804 3.674087 -4.858703 -4.298626 3.631179 0.872145 -2.655748 0.961213 0.458891 -2.772858 = -0.00080163 @ 399551 292725
-1.481804 3.674345 -4.858703 -4.298626 3.631179 0.872145 -2.655748 0.961210 0.459144 -2.772715 = -0.00083251 @ 398113 291810
-1.481804 3.674345 -4.858703 -4.298626 3.631069 0.872145 -2.655748 0.961210 0.459144 -2.772715 = -0.00086606 @ 399059 292400
-1.481804 3.674345 -4.858703 -4.298626 3.631179 0.872145 -2.655748 0.961210 0.459163 -2.772858 = -0.00088506 @ 397713 291545
-1.481804 3.674345 -4.858703 -4.298626 3.631179 0.872145 -2.655748 0.961210 0.459163 -2.772858 = -0.00088506 @ 399919 292953
-1.481804 3.674345 -4.858703 -4.298626 3.631179 0.872145 -2.655745 0.961210 0.459163 -2.772858 = -0.00088717 @ 399751 292844
-1.481804 3.674345 -4.858703 -4.298626 3.631179 0.872145 -2.655745 0.961210 0.459163 -2.772858 = -0.00088720 @ 399953 292971
-1.481804 3.674087 -4.858686 -4.298476 3.631179 0.872145 -2.655748 0.961210 0.458844 -2.772666 = -0.00089365 @ 398270 291900
-1.481804 3.674087 -4.858686 -4.298476 3.631179 0.872145 -2.655748 0.961210 0.459274 -2.772858 = -0.00089583 @ 396720 290863
-1.481804 3.674087 -4.858686 -4.298476 3.631179 0.872145 -2.655748 0.961210 0.459274 -2.772858 = -0.00089592 @ 399053 292397
-1.481785 3.673794 -4.858736 -4.298444 3.631179 0.872155 -2.655897 0.961210 0.458936 -2.772740 = -0.00093473 @ 398876 292289
-1.481804 3.674087 -4.858686 -4.298476 3.631179 0.872074 -2.655748 0.961210 0.459274 -2.772858 = -0.00096417 @ 398854 292277
-1.481804 3.674345 -4.858686 -4.298482 3.631179 0.872179 -2.655748 0.961210 0.459144 -2.772858 = -0.00101387 @ 396719 290862
-2.185431 1.686895 0.587846 2.757164 -2.859174 -0.037966 -4.492698 -2.646548 -2.389925 -1.099830 = -0.00107306 @ 399175 292468
-1.481785 3.673718 -4.858736 -4.298444 3.631179 0.872145 -2.655897 0.961178 0.458936 -2.772740 = -0.00113155 @ 399416 292639
-1.481806 3.674337 -4.858703 -4.298626 3.631179 0.872145 -2.655748 0.961212 0.458940 -2.772862 = -0.00117842 @ 399407 292633
-1.481417 3.673846 -4.858686 -4.298310 3.631102 0.872147 -2.655529 0.961264 0.458791 -2.772854 = -0.00118162 @ 397534 291434
-1.481806 3.673718 -4.858681 -4.298523 3.631179 0.872145 -2.655748 0.961212 0.458940 -2.772862 = -0.00122746 @ 396614 290801
-1.481417 3.673745 -4.858686 -4.298310 3.631102 0.872147 -2.655529 0.961272 0.458791 -2.772854 = -0.00133245 @ 398761 292220
-1.481417 3.673745 -4.858686 -4.298310 3.631102 0.872147 -2.655529 0.961264 0.458791 -2.772854 = -0.00133838 @ 398678 292172
-1.481236 3.673846 -4.858686 -4.298310 3.631143 0.872147 -2.655529 0.961264 0.458791 -2.772854 = -0.00136018 @ 397476 291397
-2.184108 1.687512 0.587742 2.757178 -2.859081 -0.037969 -4.492698 -2.646548 -2.389925 -1.099857 = -0.00138325 @ 398851 292275
-1.481783 3.673777 -4.858695 -4.298476 3.631179 0.872145 -2.655593 0.961210 0.459144 -2.772858 = -0.00140066 @ 399039 292388
-1.481804 3.673777 -4.858695 -4.298476 3.631179 0.872145 -2.655593 0.961210 0.459144 -2.772858 = -0.00145321 @ 399990 292997
-1.481804 3.673777 -4.858695 -4.298476 3.631179 0.872145 -2.655593 0.961210 0.459144 -2.772858 = -0.00145322 @ 397550 291443
-1.481236 3.673846 -4.858686 -4.298310 3.631102 0.872038 -2.655411 0.961264 0.458791 -2.772854 = -0.00162087 @ 398256 291892
-1.481366 3.674017 -4.859060 -4.298877 3.630968 0.871605 -2.655761 0.961103 0.459048 -2.771912 = -0.00338125 @ 376374 278267
-0.496586 -4.011922 -4.881573 -1.008635 -3.044690 1.762318 3.205001 -2.007538 -3.890742 -3.245387 = -0.00340223 @ 384437 283389
-0.496586 -4.011922 -4.881573 -1.008635 -3.044690 1.762318 3.205001 -2.007538 -3.890742 -3.245387 = -0.00340224 @ 399980 292986
-0.496586 -4.011922 -4.881573 -1.008635 -3.044690 1.762318 3.205001 -2.007538 -3.890742 -3.245387 = -0.00340224 @ 399975 292983
-2.185430 1.687512 0.587947 2.757164 -2.856861 -0.037935 -4.492316 -2.649345 -2.389924 -1.098752 = -0.00817889 @ 398017 291753
-1.444346 3.716979 -4.883185 -4.240128 3.635898 0.894066 -2.669073 0.834983 0.434809 -2.783400 = -1.20226879 @ 397988 291737
-1.444346 3.716977 -4.883185 -4.240128 3.635898 0.894067 -2.669073 0.834983 0.434809 -2.783400 = -1.20228361 @ 399853 292904
-1.444346 3.716977 -4.883185 -4.240129 3.635898 0.894066 -2.669073 0.834983 0.434809 -2.783400 = -1.20232753 @ 399876 292929
-1.444346 3.716977 -4.883185 -4.240129 3.635898 0.894066 -2.669073 0.834983 0.434809 -2.783400 = -1.20232818 @ 399988 292991
-1.444346 3.716977 -4.883185 -4.240129 3.635898 0.894066 -2.669073 0.834983 0.434809 -2.783400 = -1.20233173 @ 399096 292423
-1.444346 3.716977 -4.883185 -4.240128 3.635898 0.894066 -2.669073 0.834983 0.434809 -2.783401 = -1.20234299 @ 398418 292010
-1.444346 3.716977 -4.883185 -4.240128 3.635898 0.894066 -2.669073 0.834983 0.434809 -2.783400 = -1.20234418 @ 394227 289269
-1.444346 3.716977 -4.883185 -4.240128 3.635898 0.894066 -2.669073 0.834983 0.434809 -2.783400 = -1.20234906 @ 384080 283155
-1.444346 3.716977 -4.883185 -4.240128 3.635898 0.894066 -2.669073 0.834983 0.434809 -2.783400 = -1.20235007 @ 388493 285854
-1.444346 3.716977 -4.883185 -4.240129 3.635898 0.894066 -2.669073 0.834982 0.434809 -2.783400 = -1.20235531 @ 399703 292817
-1.444346 3.716977 -4.883185 -4.240128 3.635898 0.894066 -2.669073 0.834983 0.434809 -2.783400 = -1.20235682 @ 394003 289141
-1.444346 3.716977 -4.883185 -4.240128 3.635898 0.894066 -2.669073 0.834983 0.434809 -2.783400 = -1.20235690 @ 397421 291333
-1.444346 3.716977 -4.883185 -4.240128 3.635898 0.894066 -2.669073 0.834983 0.434809 -2.783400 = -1.20235690 @ 397277 291195
-1.444346 3.716977 -4.883185 -4.240128 3.635898 0.894066 -2.669073 0.834983 0.434809 -2.783400 = -1.20235705 @ 397648 291504
-1.444346 3.716977 -4.883185 -4.240128 3.635898 0.894066 -2.669073 0.834983 0.434809 -2.783400 = -1.20236703 @ 398746 292210
-1.444346 3.716977 -4.883185 -4.240128 3.635898 0.894066 -2.669073 0.834983 0.434809 -2.783400 = -1.20236704 @ 398823 292258
-1.444346 3.716977 -4.883185 -4.240128 3.635897 0.894066 -2.669073 0.834983 0.434809 -2.783400 = -1.20239169 @ 399902 292943
-1.444346 3.716977 -4.883185 -4.240145 3.635898 0.894066 -2.669073 0.834983 0.434809 -2.783400 = -1.20320296 @ 394894 289650
-1.444346 3.716977 -4.883185 -4.240128 3.635898 0.894028 -2.669073 0.834983 0.434809 -2.783400 = -1.20463498 @ 398983 292355
-1.444346 3.716977 -4.883185 -4.240128 3.635898 0.894028 -2.669073 0.834983 0.434809 -2.783401 = -1.20466107 @ 399822 292888
-1.444346 3.716977 -4.883185 -4.240128 3.635898 0.894028 -2.669073 0.834983 0.434808 -2.783400 = -1.20467531 @ 399680 292799
-1.444226 3.716977 -4.883185 -4.240128 3.635898 0.894066 -2.669058 0.834983 0.434809 -2.783400 = -1.20577674 @ 398868 292285
-1.444346 3.716977 -4.883185 -4.240128 3.635822 0.894066 -2.669017 0.834983 0.434809 -2.783400 = -1.20588373 @ 398715 292192
-1.444346 3.716977 -4.883185 -4.236914 3.635898 0.894066 -2.669073 0.834983 0.434809 -2.783409 = -1.29719813 @ 398363 291970
-1.444346 3.716977 -4.883185 -4.236914 3.635898 0.894066 -2.669073 0.834983 0.434809 -2.783400 = -1.29737036 @ 393886 289072
-1.508437 3.573217 -4.755661 -4.344518 3.685076 0.894780 -2.650454 0.979360 0.443748 -2.720904 = -1.57760706 @ 398661 292162
-1.508437 3.573217 -4.755661 -4.344518 3.685076 0.894780 -2.650454 0.979360 0.443748 -2.720904 = -1.57760706 @ 398897 292301
-1.508437 3.573217 -4.755661 -4.344518 3.685076 0.894780 -2.650454 0.979360 0.443748 -2.720904 = -1.57764170 @ 389259 286302
-1.508437 3.573217 -4.755661 -4.344518 3.685076 0.894780 -2.650454 0.979360 0.443748 -2.720904 = -1.57765484 @ 399810 292877
-1.508437 3.573217 -4.755661 -4.344518 3.685076 0.894780 -2.650454 0.979360 0.443748 -2.720904 = -1.57765797 @ 397114 291090
-1.508437 3.573217 -4.755661 -4.344518 3.685076 0.894780 -2.650454 0.979360 0.443748 -2.720904 = -1.57765808 @ 397452 291372
-1.508437 3.573217 -4.755661 -4.344518 3.685076 0.894780 -2.650454 0.979360 0.443748 -2.720904 = -1.57765813 @ 398651 292157
-1.508437 3.573217 -4.755661 -4.344518 3.685076 0.894780 -2.650454 0.979360 0.443748 -2.720904 = -1.57765813 @ 394048 289166
-1.508437 3.573217 -4.755661 -4.344518 3.685076 0.894780 -2.650454 0.979360 0.443748 -2.720904 = -1.57766446 @ 387173 285054
-1.508437 3.573217 -4.755661 -4.344518 3.685076 0.894780 -2.650454 0.979360 0.443748 -2.720904 = -1.57766480 @ 390506 287042
-1.508437 3.573217 -4.755661 -4.344518 3.685076 0.894780 -2.650454 0.979360 0.443748 -2.720904 = -1.57769372 @ 393906 289082
-1.508437 3.573217 -4.755661 -4.344518 3.685076 0.894780 -2.650454 0.979360 0.443748 -2.720905 = -1.57769671 @ 399525 292702
-1.508437 3.573217 -4.755661 -4.344518 3.685076 0.894780 -2.650454 0.979359 0.443748 -2.720904 = -1.57775023 @ 399872 292919
-1.508437 3.573218 -4.755661 -4.344520 3.685076 0.894780 -2.650453 0.979359 0.443748 -2.720905 = -1.57776593 @ 385049 283765
-1.508437 3.573219 -4.755661 -4.344518 3.685076 0.894780 -2.650454 0.979360 0.443748 -2.720904 = -1.57784402 @ 399761 292850
-1.508437 3.573217 -4.755660 -4.344520 3.685076 0.894780 -2.650454 0.979359 0.443748 -2.720905 = -1.57789464 @ 383764 282957
-1.508437 3.573217 -4.755660 -4.344520 3.685076 0.894780 -2.650454 0.979359 0.443748 -2.720905 = -1.57789590 @ 393913 289087
-1.508437 3.573217 -4.755661 -4.344520 3.685074 0.894780 -2.650454 0.979359 0.443748 -2.720905 = -1.57789896 @ 383925 283053
-1.508437 3.573218 -4.755661 -4.344520 3.684365 0.894780 -2.650453 0.979359 0.443748 -2.720905 = -1.58808099 @ 393316 288739
-1.508437 3.573218 -4.755661 -4.344520 3.684386 0.894780 -2.650453 0.979359 0.443748 -2.720905 = -1.58922419 @ 398004 291745
-1.508437 3.573218 -4.755661 -4.344520 3.684365 0.895044 -2.650453 0.979359 0.443815 -2.720905 = -1.59793839 @ 397582 291460
-1.508437 3.573218 -4.755661 -4.344520 3.684365 0.895025 -2.650453 0.979359 0.443748 -2.720905 = -1.59849160 @ 399494 292685
-1.508437 3.573217 -4.755664 -4.341354 3.685119 0.894779 -2.650454 0.979360 0.443762 -2.720905 = -1.65135206 @ 397583 291461
-1.352720 3.612191 -4.940718 -4.315523 3.597800 0.885372 -2.689805 0.903258 0.407522 -2.766499 = -1.90115204 @ 398702 292185
-1.352720 3.612191 -4.940718 -4.315523 3.597800 0.885372 -2.689805 0.903275 0.407522 -2.766499 = -1.90198867 @ 399263 292529
-1.352720 3.612191 -4.940718 -4.315523 3.597800 0.885372 -2.689805 0.903275 0.407522 -2.766499 = -1.90198912 @ 399951 292969
-1.352720 3.612191 -4.940869 -4.315509 3.597793 0.885372 -2.689613 0.903258 0.407522 -2.766499 = -1.90302932 @ 396842 290935
-1.352720 3.612191 -4.940869 -4.315509 3.597800 0.885372 -2.689805 0.903258 0.407522 -2.766520 = -1.90318429 @ 398655 292159
-1.352720 3.612191 -4.940718 -4.315523 3.597800 0.885372 -2.689805 0.903258 0.407522 -2.766280 = -1.90319299 @ 398724 292198
-1.352720 3.612191 -4.940869 -4.315509 3.597800 0.885371 -2.689805 0.903258 0.407522 -2.766520 = -1.90327367 @ 399750 292844
-1.352720 3.612191 -4.940869 -4.315509 3.597793 0.885368 -2.689805 0.903258 0.407567 -2.766499 = -1.90331333 @ 399142 292449
-1.352720 3.612191 -4.940869 -4.315509 3.597793 0.885372 -2.689805 0.903258 0.407555 -2.766499 = -1.90342827 @ 397636 291497
-1.352720 3.612191 -4.940869 -4.315509 3.597793 0.885372 -2.689805 0.903258 0.407522 -2.766499 = -1.90378311 @ 394008 289144
-1.352720 3.612191 -4.940869 -4.315509 3.597783 0.885372 -2.689805 0.903258 0.407522 -2.766499 = -1.90394929 @ 399733 292834
-1.352720 3.612191 -4.940873 -4.315509 3.597793 0.885372 -2.689805 0.903258 0.407522 -2.766499 = -1.90405469 @ 399691 292805
-1.352720 3.612191 -4.940873 -4.315509 3.597793 0.885372 -2.689805 0.903258 0.407522 -2.766499 = -1.90406666 @ 397517 291425
-1.352720 3.612191 -4.940574 -4.315445 3.597858 0.885176 -2.689805 0.903258 0.407522 -2.766497 = -1.90417303 @ 398184 291850
-1.352720 3.612191 -4.940869 -4.315509 3.597793 0.885368 -2.689805 0.903258 0.407522 -2.766499 = -1.90430315 @ 396957 291001
-1.352720 3.612191 -4.940959 -4.315445 3.597858 0.885176 -2.689805 0.903258 0.407522 -2.766497 = -1.90650945 @ 389188 286263
-1.352720 3.612191 -4.940869 -4.315773 3.597793 0.885372 -2.689805 0.903258 0.407522 -2.766499 = -1.90965977 @ 393518 288860
-1.352720 3.610719 -4.940869 -4.315509 3.597793 0.885372 -2.689805 0.903258 0.407522 -2.766499 = -1.93788705 @ 393726 288976
-1.406652 3.701037 -4.822602 -4.317511 3.598204 0.934735 -2.587922 0.954988 0.563946 -2.733471 = -1.96437841 @ 399812 292879
-1.406652 3.701037 -4.822602 -4.317510 3.598204 0.934735 -2.587922 0.954988 0.563946 -2.733471 = -1.96442765 @ 399512 292695
-1.406652 3.701054 -4.822602 -4.317510 3.598204 0.934735 -2.587922 0.954988 0.563946 -2.733471 = -1.96465690 @ 399966 292977
-1.406652 3.701054 -4.822602 -4.317510 3.598204 0.934735 -2.587922 0.954988 0.563946 -2.733471 = -1.96467928 @ 397594 291474
-1.406652 3.701054 -4.822602 -4.317510 3.598204 0.934739 -2.587922 0.954988 0.563946 -2.733471 = -1.96490272 @ 399998 293001
-1.406652 3.701054 -4.822602 -4.317510 3.598204 0.934739 -2.587922 0.954988 0.563946 -2.733471 = -1.96490275 @ 398920 292317
-1.406171 3.701054 -4.822602 -4.317510 3.598204 0.935914 -2.587922 0.955012 0.563822 -2.733471 = -1.98491438 @ 398373 291975
-1.406171 3.701054 -4.822602 -4.317510 3.598204 0.935914 -2.587922 0.955012 0.563946 -2.733471 = -1.98580800 @ 399957 292973
-1.409955 3.701603 -4.822584 -4.317510 3.596410 0.934735 -2.587922 0.955222 0.563959 -2.733471 = -1.98964917 @ 398928 292322
-1.409955 3.701603 -4.822584 -4.317510 3.596410 0.934735 -2.587979 0.955222 0.563946 -2.733471 = -1.99196240 @ 396922 290982
-1.608270 3.794367 -4.788839 -4.278100 3.680172 0.865665 -2.659026 0.972623 0.408300 -2.788047 = -2.04918583 @ 399414 292639
-1.608270 3.794367 -4.788839 -4.278106 3.680172 0.865665 -2.659024 0.972623 0.408300 -2.788047 = -2.04932999 @ 399994 292999
-1.608270 3.794367 -4.788839 -4.278101 3.680172 0.865665 -2.659024 0.972623 0.408300 -2.788047 = -2.04937121 @ 398390 291990
-1.608270 3.794367 -4.788840 -4.278106 3.680172 0.865665 -2.659024 0.972623 0.408301 -2.788047 = -2.04943578 @ 399949 292968
-1.608270 3.794367 -4.788840 -4.278106 3.680172 0.865665 -2.659024 0.972623 0.408300 -2.788047 = -2.04944886 @ 399156 292458
-1.608270 3.794367 -4.788839 -4.278100 3.680172 0.865665 -2.659024 0.972623 0.408300 -2.788047 = -2.04953755 @ 399713 292822
-1.608270 3.794367 -4.788839 -4.278100 3.680172 0.865665 -2.659024 0.972623 0.408300 -2.788047 = -2.04955684 @ 396971 291009
-1.608270 3.794367 -4.788839 -4.278100 3.680172 0.865665 -2.659024 0.972623 0.408300 -2.788047 = -2.04956751 @ 393909 289084
-1.608265 3.794367 -4.788835 -4.278089 3.680178 0.865668 -2.659026 0.972623 0.408313 -2.788048 = -2.04963790 @ 396729 290867
-1.608270 3.794367 -4.788839 -4.278100 3.680172 0.865660 -2.659024 0.972623 0.408300 -2.788047 = -2.04966872 @ 399036 292387
-1.608265 3.794367 -4.788835 -4.278089 3.680178 0.865668 -2.659026 0.972623 0.408313 -2.788050 = -2.04968125 @ 399811 292878
-1.608265 3.794367 -4.788835 -4.278089 3.680178 0.865665 -2.659026 0.972623 0.408313 -2.788052 = -2.04970887 @ 390229 286879
-1.608265 3.794367 -4.788835 -4.278089 3.680178 0.865665 -2.659026 0.972623 0.408313 -2.788048 = -2.04975536 @ 393950 289107
-1.608266 3.794367 -4.788835 -4.278089 3.680178 0.865665 -2.659026 0.972623 0.408313 -2.788048 = -2.04975540 @ 397317 291216
-1.608266 3.794367 -4.788835 -4.278089 3.680178 0.865665 -2.659026 0.972623 0.408313 -2.788048 = -2.04975549 @ 389347 286354
-1.608266 3.794367 -4.788835 -4.278089 3.680178 0.865665 -2.659026 0.972623 0.408313 -2.788048 = -2.04976465 @ 390528 287058
-1.608267 3.794367 -4.788835 -4.278089 3.680178 0.865665 -2.659026 0.972623 0.408313 -2.788048 = -2.04977720 @ 387458 285225
-1.608265 3.794367 -4.788835 -4.278088 3.680178 0.865665 -2.659026 0.972623 0.408313 -2.788052 = -2.04986437 @ 399910 292948
-1.608265 3.794363 -4.788835 -4.278089 3.680172 0.865665 -2.659027 0.972623 0.408313 -2.788052 = -2.04990711 @ 390435 287002
-1.608265 3.794363 -4.788835 -4.278089 3.680172 0.865665 -2.659027 0.972623 0.408313 -2.788052 = -2.04991123 @ 384327 283321
-1.608272 3.794367 -4.788838 -4.278098 3.680177 0.865665 -2.659024 0.972623 0.408300 -2.788047 = -2.05044466 @ 374235 276864
-1.608265 3.794370 -4.788838 -4.278094 3.680177 0.865662 -2.659024 0.972599 0.408305 -2.788047 = -2.05063343 @ 399410 292634
-1.608265 3.794370 -4.788838 -4.278094 3.680177 0.865662 -2.659024 0.972599 0.408305 -2.788047 = -2.05063343 @ 398839 292268
-1.608265 3.794367 -4.788835 -4.278089 3.680183 0.865665 -2.659026 0.972623 0.408312 -2.788048 = -2.05086450 @ 398340 291953
-1.608265 3.794370 -4.788838 -4.278094 3.680177 0.865738 -2.659024 0.972623 0.408305 -2.788047 = -2.05100065 @ 379970 280569
-1.608301 3.794367 -4.788835 -4.278089 3.680178 0.865665 -2.659026 0.972623 0.408313 -2.788048 = -2.05148589 @ 399135 292445
-1.608270 3.794259 -4.788839 -4.278100 3.680172 0.865665 -2.659024 0.972623 0.408300 -2.788047 = -2.05405623 @ 392812 288437
-1.608265 3.794363 -4.788835 -4.278089 3.680172 0.865665 -2.659027 0.972623 0.408313 -2.788349 = -2.05694780 @ 392029 287954
-1.505809 3.690243 -4.897856 -4.355873 3.701025 0.826684 -2.727478 1.015608 0.533965 -2.645860 = -2.09264364 @ 399834 292895
-1.505809 3.690243 -4.897851 -4.355873 3.701026 0.826684 -2.727478 1.015609 0.533965 -2.645812 = -2.09333454 @ 399024 292380
-1.505809 3.690243 -4.897856 -4.355873 3.701025 0.826684 -2.727478 1.015608 0.533965 -2.645812 = -2.09336468 @ 399550 292724
-1.505809 3.690243 -4.897851 -4.355873 3.701025 0.826684 -2.727478 1.015609 0.533965 -2.645812 = -2.09338457 @ 390549 287069
-1.505809 3.690243 -4.897851 -4.355873 3.701025 0.826684 -2.727478 1.015609 0.533965 -2.645812 = -2.09338515 @ 394067 289177
-1.505809 3.690243 -4.897851 -4.355873 3.701025 0.826684 -2.727478 1.015609 0.533965 -2.645812 = -2.09339071 @ 386988 284944
-1.505809 3.690243 -4.897851 -4.355873 3.701025 0.826684 -2.727478 1.015609 0.533965 -2.645812 = -2.09339071 @ 398835 292264
-1.505809 3.690243 -4.897851 -4.355873 3.701025 0.826684 -2.727478 1.015609 0.533965 -2.645812 = -2.09339633 @ 387731 285385
-1.505809 3.690243 -4.897851 -4.355873 3.701025 0.826684 -2.727478 1.015609 0.533965 -2.645812 = -2.09339855 @ 399885 292934
-1.505809 3.690243 -4.897851 -4.355873 3.701025 0.826684 -2.727478 1.015609 0.533965 -2.645812 = -2.09339899 @ 394033 289157
-1.505809 3.690244 -4.897856 -4.355873 3.701025 0.826684 -2.727478 1.015608 0.533965 -2.645812 = -2.09343236 @ 397654 291507
-1.505809 3.690243 -4.897851 -4.355873 3.701025 0.826684 -2.727478 1.015608 0.533965 -2.645812 = -2.09353015 @ 398788 292237
-1.505809 3.690243 -4.897856 -4.355873 3.701025 0.826684 -2.727478 1.015608 0.533965 -2.645812 = -2.09353478 @ 399023 292380
-1.505809 3.690243 -4.897856 -4.355873 3.701025 0.826684 -2.727478 1.015608 0.533965 -2.645812 = -2.09353478 @ 387735 285388
-1.505809 3.690243 -4.897851 -4.355873 3.701025 0.826684 -2.727478 1.015608 0.533965 -2.645812 = -2.09353630 @ 387203 285075
-1.505809 3.690243 -4.897856 -4.355873 3.701025 0.826684 -2.727478 1.015608 0.533965 -2.645812 = -2.09356872 @ 386779 284815
-1.505809 3.690243 -4.897856 -4.355873 3.701025 0.826684 -2.727478 1.015608 0.533965 -2.645812 = -2.09356874 @ 395760 290155
-1.505809 3.690243 -4.897856 -4.355873 3.701025 0.826684 -2.727478 1.015608 0.533965 -2.645812 = -2.09360508 @ 396816 290921
-1.505809 3.690243 -4.897858 -4.355831 3.701025 0.826684 -2.727478 1.015608 0.533965 -2.645812 = -2.09598464 @ 398882 292293
-1.505787 3.690243 -4.897851 -4.355873 3.701025 0.826684 -2.727478 1.015609 0.533965 -2.645812 = -2.09614541 @ 398143 291827
-1.505809 3.690243 -4.897801 -4.355873 3.701025 0.826684 -2.727478 1.015609 0.533965 -2.645812 = -2.09620761 @ 397923 291702
-1.505809 3.690378 -4.897856 -4.355873 3.701025 0.826802 -2.727478 1.015608 0.533965 -2.645812 = -2.09737572 @ 396924 290984
-1.505809 3.690243 -4.897856 -4.355873 3.701025 0.826684 -2.727478 1.015608 0.533903 -2.645812 = -2.09833760 @ 398337 291952
-1.505809 3.690243 -4.897849 -4.355708 3.701025 0.826684 -2.727478 1.015609 0.533964 -2.645812 = -2.10195007 @ 398882 292293
-1.505780 3.690243 -4.897853 -4.355873 3.701025 0.826684 -2.727478 1.015609 0.533848 -2.646104 = -2.10874820 @ 398453 292033
-1.530334 3.686521 -4.987540 -4.232668 3.594487 0.782246 -2.694943 0.999248 0.473047 -2.854410 = -2.11000023 @ 399047 292394
-1.530334 3.686524 -4.987541 -4.232668 3.594495 0.782246 -2.694943 0.999248 0.473047 -2.854410 = -2.11022979 @ 398348 291959
-1.530334 3.686524 -4.987535 -4.232668 3.594495 0.782246 -2.694943 0.999248 0.473047 -2.854410 = -2.11033639 @ 399842 292899
-1.530334 3.686521 -4.987542 -4.232668 3.594558 0.782255 -2.694943 0.999248 0.473047 -2.854410 = -2.11040265 @ 399003 292366
-1.530334 3.686524 -4.987541 -4.232668 3.594495 0.782259 -2.694943 0.999248 0.473047 -2.854410 = -2.11042862 @ 399952 292970
-1.530334 3.686524 -4.987541 -4.232668 3.594495 0.782259 -2.694943 0.999248 0.473047 -2.854410 = -2.11043901 @ 398992 292360
-1.530334 3.686521 -4.987542 -4.232668 3.594561 0.782246 -2.694943 0.999248 0.473047 -2.854410 = -2.11095988 @ 397750 291566
-1.530334 3.686521 -4.987542 -4.232668 3.594561 0.782246 -2.694943 0.999248 0.473047 -2.854410 = -2.11095988 @ 399954 292971
-1.530334 3.686521 -4.987540 -4.232668 3.594558 0.782246 -2.694943 0.999248 0.473047 -2.854410 = -2.11096256 @ 397841 291638
-1.530334 3.686521 -4.987540 -4.232668 3.594558 0.782246 -2.694943 0.999248 0.473048 -2.854410 = -2.11097619 @ 397037 291049
-1.530334 3.686524 -4.987541 -4.232668 3.594558 0.782246 -2.694943 0.999248 0.473047 -2.854410 = -2.11098493 @ 394671 289526
-1.530334 3.686524 -4.987541 -4.232668 3.594558 0.782246 -2.694943 0.999248 0.473047 -2.854410 = -2.11098493 @ 399760 292849
-1.530334 3.686524 -4.987541 -4.232668 3.594558 0.782246 -2.694943 0.999248 0.473047 -2.854410 = -2.11098710 @ 397352 291240
-1.530334 3.686521 -4.987540 -4.232668 3.594558 0.782246 -2.694943 0.999248 0.473047 -2.854410 = -2.11099393 @ 390482 287028
-1.530334 3.686524 -4.987541 -4.232668 3.594558 0.782246 -2.694943 0.999248 0.473047 -2.854410 = -2.11100781 @ 393971 289118
-1.530334 3.686521 -4.987540 -4.232668 3.594558 0.782246 -2.694943 0.999248 0.473047 -2.854410 = -2.11101557 @ 390474 287024
-1.530334 3.686521 -4.987540 -4.232668 3.594560 0.782246 -2.694943 0.999248 0.473047 -2.854410 = -2.11104185 @ 398662 292163
-1.530332 3.686535 -4.987535 -4.232668 3.594558 0.782246 -2.694943 0.999249 0.473041 -2.854400 = -2.11128483 @ 383108 282546
-1.530342 3.686535 -4.987535 -4.232666 3.594562 0.782246 -2.694937 0.999248 0.473050 -2.854407 = -2.11150197 @ 378971 279928
-1.530334 3.686521 -4.987540 -4.232668 3.594558 0.782246 -2.694943 0.999248 0.473051 -2.854410 = -2.11154223 @ 399122 292438
-1.530334 3.686521 -4.987540 -4.232668 3.594560 0.782231 -2.694943 0.999248 0.473047 -2.854410 = -2.11205549 @ 399356 292597
-1.530334 3.686521 -4.987540 -4.232668 3.594558 0.782246 -2.694943 0.999266 0.473048 -2.854410 = -2.11219918 @ 398860 292280
-1.530334 3.686524 -4.987541 -4.232668 3.594558 0.782246 -2.694907 0.999248 0.473047 -2.854410 = -2.11242320 @ 398731 292202
-1.530334 3.686368 -4.987542 -4.232668 3.594561 0.782246 -2.694943 0.999248 0.473047 -2.854410 = -2.11511619 @ 398498 292060
-1.530334 3.686646 -4.987541 -4.232668 3.594558 0.782246 -2.694943 0.999248 0.473047 -2.854410 = -2.11817017 @ 391924 287892
-1.530483 3.686521 -4.987183 -4.232668 3.594558 0.782246 -2.694943 0.999248 0.473047 -2.854410 = -2.12857415 @ 398135 291823
-1.505809 3.690243 -4.897856 -4.353104 3.701025 0.826684 -2.727478 1.015608 0.533965 -2.645119 = -2.14318426 @ 395390 289943
-1.505809 3.690243 -4.897851 -4.355873 3.701025 0.826684 -2.727478 1.018266 0.533965 -2.645812 = -2.22063748 @ 393283 288716
-1.510327 3.604942 -4.862080 -4.187189 3.650883 0.922565 -2.833677 1.012003 0.472720 -2.842843 = -3.29290068 @ 397276 291194
-1.510327 3.604942 -4.862080 -4.187189 3.650883 0.922565 -2.833677 1.012003 0.472720 -2.842843 = -3.29290068 @ 399508 292693
-1.510327 3.604942 -4.862078 -4.187229 3.650883 0.922564 -2.833688 1.012004 0.472719 -2.842844 = -3.29298707 @ 399275 292537
-1.510327 3.604942 -4.862078 -4.187192 3.650883 0.922565 -2.833677 1.012003 0.472720 -2.842843 = -3.29298832 @ 399138 292447
-1.510327 3.604942 -4.862078 -4.187189 3.650883 0.922565 -2.833677 1.012003 0.472720 -2.842843 = -3.29325708 @ 390707 287161
-1.510327 3.604942 -4.862078 -4.187189 3.650883 0.922565 -2.833677 1.012003 0.472720 -2.842843 = -3.29325708 @ 399508 292693
-1.510327 3.604942 -4.862078 -4.187229 3.650883 0.922564 -2.833685 1.012004 0.472719 -2.842844 = -3.29326569 @ 399724 292829
-1.510327 3.604942 -4.862078 -4.187189 3.650883 0.922565 -2.833677 1.012003 0.472720 -2.842843 = -3.29328622 @ 385059 283771
-1.510327 3.604942 -4.862078 -4.187189 3.650883 0.922567 -2.833677 1.012003 0.472720 -2.842843 = -3.29336071 @ 399865 292916
-1.510328 3.604945 -4.862078 -4.187189 3.650886 0.922559 -2.833765 1.011994 0.472720 -2.842846 = -3.29338732 @ 393595 288901
-1.510328 3.604945 -4.862078 -4.187189 3.650886 0.922559 -2.833765 1.011994 0.472720 -2.842846 = -3.29341006 @ 399835 292895
-1.510327 3.604942 -4.862078 -4.187189 3.650883 0.922567 -2.833677 1.012003 0.472720 -2.842843 = -3.29348515 @ 399857 292907
-1.510328 3.604945 -4.862078 -4.187189 3.650886 0.922564 -2.833765 1.011994 0.472720 -2.842846 = -3.29348599 @ 399060 292401
-1.510328 3.604945 -4.862078 -4.187189 3.650886 0.922559 -2.833672 1.011994 0.472720 -2.842846 = -3.29364453 @ 386969 284933
-1.510317 3.604937 -4.862078 -4.187191 3.650883 0.922585 -2.833671 1.011994 0.472720 -2.842844 = -3.29368277 @ 380025 280602
-1.510327 3.604942 -4.862078 -4.187229 3.650883 0.922564 -2.833677 1.012004 0.472719 -2.842844 = -3.29485065 @ 396965 291006
-1.510327 3.604942 -4.862078 -4.187189 3.650883 0.922565 -2.833677 1.012003 0.472720 -2.842799 = -3.29760268 @ 398624 292142
-1.510317 3.604911 -4.862078 -4.187191 3.650883 0.922585 -2.833672 1.011994 0.472720 -2.842846 = -3.29784376 @ 399392 292625
-1.510317 3.604911 -4.862078 -4.187191 3.650883 0.922585 -2.833672 1.011994 0.472720 -2.842846 = -3.29784376 @ 398305 291926
-1.510317 3.604912 -4.862078 -4.187191 3.650883 0.922585 -2.833671 1.011994 0.472720 -2.842844 = -3.29807572 @ 399242 292514
-1.510327 3.604942 -4.862078 -4.187229 3.650883 0.922564 -2.833677 1.012062 0.472719 -2.842844 = -3.29887356 @ 399490 292683
-1.473528 3.615602 -4.944149 -4.152220 3.783669 0.850971 -2.599954 1.038562 0.407810 -2.797057 = -3.34259584 @ 398104 291803
-1.473534 3.615602 -4.944149 -4.152220 3.783669 0.850971 -2.599954 1.038562 0.407810 -2.797057 = -3.34287572 @ 399778 292859
-1.473534 3.615602 -4.944149 -4.152220 3.783669 0.850971 -2.599954 1.038562 0.407810 -2.797057 = -3.34295335 @ 397120 291098
-1.473536 3.615602 -4.944149 -4.152220 3.783662 0.850971 -2.599954 1.038562 0.407810 -2.797057 = -3.34310142 @ 398773 292227
-1.473537 3.615604 -4.944148 -4.152220 3.783670 0.850971 -2.599959 1.038586 0.407809 -2.797054 = -3.34310718 @ 399676 292797
-1.473537 3.615604 -4.944148 -4.152220 3.783670 0.850971 -2.599959 1.038586 0.407809 -2.797054 = -3.34310718 @ 398548 292090
-1.473536 3.615602 -4.944149 -4.152220 3.783667 0.850971 -2.599954 1.038562 0.407810 -2.797057 = -3.34329302 @ 399757 292848
-1.473537 3.615604 -4.944148 -4.152220 3.783670 0.850971 -2.599959 1.038586 0.407809 -2.797054 = -3.34332607 @ 399979 292985
-1.473537 3.615604 -4.944148 -4.152220 3.783670 0.850971 -2.599959 1.038586 0.407809 -2.797054 = -3.34333581 @ 399804 292874
-1.473537 3.615606 -4.944148 -4.152218 3.783670 0.850971 -2.599959 1.038556 0.407811 -2.797055 = -3.34338965 @ 399639 292773
-1.473537 3.615606 -4.944148 -4.152218 3.783670 0.850971 -2.599959 1.038556 0.407811 -2.797055 = -3.34344444 @ 389053 286181
-1.473537 3.615606 -4.944148 -4.152218 3.783670 0.850971 -2.599959 1.038556 0.407811 -2.797055 = -3.34344444 @ 399591 292748
-1.473537 3.615606 -4.944148 -4.152218 3.783670 0.850971 -2.599959 1.038556 0.407811 -2.797055 = -3.34344462 @ 399993 292999
-1.473537 3.615604 -4.944148 -4.152220 3.783670 0.850971 -2.599959 1.038556 0.407809 -2.797054 = -3.34345392 @ 390920 287290
-1.473537 3.615606 -4.944148 -4.152218 3.783670 0.850971 -2.599959 1.038556 0.407811 -2.797055 = -3.34345793 @ 389131 286229
-1.473537 3.615606 -4.944148 -4.152218 3.783670 0.850971 -2.599959 1.038556 0.407811 -2.797055 = -3.34345845 @ 398540 292085
-1.473536 3.615602 -4.944149 -4.152220 3.783669 0.850971 -2.599954 1.038562 0.407810 -2.797057 = -3.34360473 @ 398875 292289
-1.473536 3.615602 -4.944149 -4.152220 3.783669 0.850971 -2.599954 1.038562 0.407810 -2.797057 = -3.34360474 @ 392845 288454
-1.473537 3.615606 -4.944148 -4.152220 3.783670 0.850971 -2.599959 1.038556 0.407809 -2.797055 = -3.34384835 @ 388242 285700
-1.473536 3.615606 -4.944147 -4.152220 3.783655 0.850971 -2.599963 1.038552 0.407811 -2.797058 = -3.34406333 @ 383360 282709
-1.473536 3.615602 -4.944149 -4.152220 3.783642 0.850971 -2.599954 1.038612 0.407810 -2.797057 = -3.34432209 @ 398832 292263
-1.473536 3.615602 -4.944149 -4.152220 3.783642 0.850971 -2.599954 1.038600 0.407810 -2.797057 = -3.34436050 @ 399534 292713
-1.473537 3.615606 -4.944148 -4.152218 3.783584 0.850971 -2.599959 1.038556 0.407811 -2.797055 = -3.35076510 @ 398617 292138
-1.473537 3.615606 -4.944148 -4.152220 3.783670 0.850971 -2.599959 1.038830 0.407809 -2.797055 = -3.35678481 @ 399917 292952
-1.473816 3.615627 -4.944148 -4.152220 3.783670 0.851414 -2.599959 1.038556 0.407809 -2.797055 = -3.36282369 @ 399484 292679
-1.457825 3.601583 -4.812286 -4.252679 3.555761 0.912915 -2.542373 0.949551 0.492398 -2.893842 = -3.36537252 @ 398401 291996
-1.457825 3.601583 -4.812286 -4.252679 3.555761 0.912915 -2.542373 0.949551 0.492398 -2.893842 = -3.36538176 @ 398820 292256
-1.457825 3.601583 -4.812286 -4.252679 3.555761 0.912915 -2.542373 0.949551 0.492398 -2.893842 = -3.36538293 @ 399199 292483
-1.457825 3.601583 -4.812286 -4.252679 3.555761 0.912915 -2.542373 0.949551 0.492398 -2.893842 = -3.36540968 @ 399330 292577
-1.457836 3.601583 -4.812286 -4.252679 3.555761 0.912915 -2.542354 0.949551 0.492398 -2.893842 = -3.36622696 @ 398720 292196
-1.457836 3.601583 -4.812286 -4.252679 3.555767 0.912915 -2.542354 0.949551 0.492398 -2.893842 = -3.36750988 @ 398374 291975
-1.457720 3.601761 -4.812286 -4.252679 3.555279 0.912915 -2.542354 0.949551 0.492855 -2.893842 = -3.36995709 @ 398352 291961
-1.457721 3.601679 -4.812286 -4.252679 3.555279 0.912904 -2.542354 0.949410 0.492853 -2.893842 = -3.37378060 @ 399886 292935
-1.457720 3.601679 -4.812286 -4.252679 3.555279 0.912904 -2.542354 0.949410 0.492853 -2.893842 = -3.37391815 @ 399687 292803
-1.457720 3.601679 -4.812286 -4.252679 3.555279 0.912904 -2.542354 0.949410 0.492856 -2.893842 = -3.37417181 @ 399400 292629
-1.457720 3.601679 -4.812286 -4.252679 3.555279 0.912915 -2.542354 0.949413 0.492855 -2.893842 = -3.37444671 @ 399430 292649
-1.457720 3.601761 -4.812286 -4.252679 3.555279 0.912915 -2.542354 0.949410 0.492856 -2.893842 = -3.37534509 @ 399736 292835
-1.553862 3.709151 -4.807367 -4.411795 3.519147 0.825295 -2.777837 0.899898 0.401427 -2.781768 = -3.39190140 @ 398074 291786
-1.553867 3.709262 -4.807309 -4.411795 3.519147 0.825317 -2.777838 0.899898 0.401401 -2.781763 = -3.39203524 @ 398153 291833
-1.553742 3.709262 -4.807329 -4.411832 3.519147 0.825300 -2.777836 0.899898 0.401408 -2.781865 = -3.39209830 @ 398922 292318
-1.553742 3.709262 -4.807329 -4.411832 3.519147 0.825300 -2.777836 0.899898 0.401401 -2.781865 = -3.39234373 @ 399923 292955
-1.553742 3.709262 -4.807329 -4.411832 3.519147 0.825300 -2.777836 0.899898 0.401401 -2.781865 = -3.39234373 @ 399944 292966
-1.553742 3.709262 -4.807329 -4.411832 3.519147 0.825300 -2.777836 0.899898 0.401401 -2.781865 = -3.39237199 @ 398752 292215
-1.553742 3.709262 -4.807329 -4.411832 3.519147 0.825300 -2.777836 0.899898 0.401401 -2.781865 = -3.39237955 @ 399925 292956
-1.553867 3.709262 -4.807329 -4.411832 3.519147 0.825300 -2.777836 0.899898 0.401401 -2.781764 = -3.39248191 @ 399794 292868
-1.553867 3.709262 -4.807329 -4.411832 3.519147 0.825300 -2.777836 0.899898 0.401401 -2.781764 = -3.39248593 @ 396074 290348
-1.553867 3.709262 -4.807332 -4.411832 3.519147 0.825300 -2.777836 0.899898 0.401401 -2.781865 = -3.39285834 @ 398386 291985
-1.553867 3.709262 -4.807329 -4.411832 3.519147 0.825300 -2.777836 0.899898 0.401401 -2.781865 = -3.39299785 @ 397259 291182
-1.553758 3.709262 -4.807311 -4.411795 3.519147 0.825300 -2.777841 0.899898 0.401401 -2.781764 = -3.39304995 @ 399087 292418
-1.553758 3.709262 -4.807311 -4.411795 3.519147 0.825300 -2.777841 0.899898 0.401401 -2.781764 = -3.39304995 @ 399090 292420
-1.553784 3.709280 -4.807307 -4.411795 3.519144 0.825300 -2.777838 0.899903 0.401398 -2.781764 = -3.39308947 @ 397697 291537
-1.553867 3.709431 -4.807311 -4.411795 3.519147 0.825300 -2.777839 0.899898 0.401401 -2.781764 = -3.39337786 @ 395424 289961
-1.553867 3.709262 -4.807311 -4.411795 3.519147 0.825300 -2.777839 0.899898 0.401401 -2.781764 = -3.39352064 @ 399786 292863
-1.553867 3.709262 -4.807311 -4.411795 3.519147 0.825300 -2.777839 0.899898 0.401401 -2.781764 = -3.39356422 @ 385344 283945
-1.553867 3.709262 -4.807311 -4.411795 3.519147 0.825300 -2.777839 0.899898 0.401401 -2.781764 = -3.39356508 @ 391680 287748
-1.553867 3.709262 -4.807309 -4.411795 3.519147 0.825300 -2.777838 0.899898 0.401401 -2.781763 = -3.39370673 @ 386947 284916
-1.553867 3.709262 -4.807309 -4.411795 3.519147 0.825300 -2.777838 0.899898 0.401401 -2.781764 = -3.39377023 @ 393465 288827
-1.553867 3.709262 -4.807309 -4.411795 3.519147 0.825300 -2.777838 0.899898 0.401401 -2.781764 = -3.39377033 @ 396177 290414
-1.553867 3.709262 -4.807309 -4.411795 3.519147 0.825300 -2.777838 0.899898 0.401401 -2.781764 = -3.39377428 @ 394000 289139
-1.553867 3.709262 -4.807309 -4.411795 3.519147 0.825301 -2.777838 0.899898 0.401401 -2.781764 = -3.39388705 @ 399820 292887
-1.553862 3.709262 -4.807367 -4.411795 3.519147 0.825295 -2.777839 0.899898 0.401302 -2.781768 = -3.39523922 @ 398668 292166
-1.553873 3.709262 -4.807329 -4.411832 3.519147 0.825300 -2.777836 0.899986 0.401298 -2.781865 = -3.39555966 @ 399233 292503
-1.553867 3.709262 -4.807309 -4.411795 3.519147 0.825300 -2.777700 0.899898 0.401401 -2.781764 = -3.39683935 @ 397215 291158
-1.553867 3.709431 -4.807311 -4.411795 3.519147 0.825300 -2.777839 0.899898 0.401218 -2.781764 = -3.40456350 @ 397214 291157
-1.553866 3.709262 -4.807329 -4.411795 3.519147 0.825300 -2.778356 0.899898 0.401401 -2.781764 = -3.41853804 @ 395962 290280
-1.554643 3.709307 -4.807370 -4.411796 3.519162 0.825300 -2.777837 0.899871 0.401368 -2.781767 = -3.42011799 @ 397697 291537
-1.554560 3.709325 -4.807367 -4.411796 3.519848 0.825300 -2.777915 0.899876 0.401366 -2.781240 = -3.42932308 @ 395053 289748
-1.554560 3.709325 -4.807367 -4.411796 3.519848 0.825300 -2.777837 0.899876 0.401366 -2.781240 = -3.43066581 @ 393469 288829
-1.547469 3.877961 -4.904619 -4.178210 3.617396 0.863134 -2.643118 0.874753 0.500410 -2.845482 = -3.49879621 @ 398763 292221
-1.547469 3.877961 -4.904619 -4.178210 3.617396 0.863134 -2.643118 0.874753 0.500410 -2.845482 = -3.49884678 @ 398071 291783
-1.547469 3.877961 -4.904619 -4.178210 3.617396 0.863156 -2.643118 0.874753 0.500410 -2.845478 = -3.49937963 @ 399985 292988
-1.547469 3.877961 -4.904619 -4.178210 3.617396 0.863156 -2.643118 0.874753 0.500410 -2.845478 = -3.49938070 @ 398863 292281
-1.547469 3.877961 -4.904619 -4.178210 3.617396 0.863156 -2.643118 0.874753 0.500410 -2.845478 = -3.49938070 @ 399049 292395
-1.547553 3.877961 -4.904619 -4.178212 3.617396 0.863134 -2.643118 0.874748 0.500405 -2.845482 = -3.49971017 @ 399763 292851
-1.547553 3.877961 -4.904619 -4.178212 3.617396 0.863134 -2.643118 0.874748 0.500405 -2.845482 = -3.49980582 @ 399395 292626
-1.547607 3.877961 -4.904619 -4.178211 3.617396 0.863134 -2.643118 0.874753 0.500405 -2.845482 = -3.50018648 @ 396926 290985
-1.547321 3.878001 -4.904619 -4.178210 3.617396 0.863134 -2.643118 0.874753 0.500410 -2.845482 = -3.50116560 @ 391964 287913
-1.547469 3.877961 -4.904619 -4.178210 3.617396 0.863156 -2.643118 0.874753 0.500410 -2.845466 = -3.50134366 @ 398754 292216
-1.547321 3.878002 -4.904619 -4.178211 3.617396 0.863134 -2.643118 0.874753 0.500410 -2.845482 = -3.50150108 @ 396784 290904
-1.547321 3.878001 -4.904619 -4.178210 3.617396 0.863134 -2.643125 0.874753 0.500410 -2.845482 = -3.50184541 @ 398505 292064
-1.547553 3.877961 -4.904619 -4.178212 3.617396 0.863134 -2.643118 0.874753 0.500405 -2.845482 = -3.50187107 @ 396124 290375
-1.547607 3.877961 -4.904619 -4.178211 3.617412 0.863134 -2.643118 0.874753 0.500405 -2.845482 = -3.50208996 @ 397596 291475
-1.547607 3.877961 -4.904619 -4.178211 3.617412 0.863134 -2.643118 0.874753 0.500405 -2.845482 = -3.50208996 @ 398837 292265
-1.547321 3.878001 -4.904619 -4.178227 3.617396 0.863134 -2.643125 0.874753 0.500410 -2.845482 = -3.50212814 @ 398041 291765
-1.547321 3.877961 -4.904619 -4.178211 3.617396 0.863134 -2.643118 0.874753 0.500405 -2.845482 = -3.50334662 @ 389507 286445
-1.547321 3.877961 -4.904619 -4.178211 3.617396 0.863134 -2.643118 0.874753 0.500405 -2.845482 = -3.50338942 @ 394057 289171
-1.547321 3.877961 -4.904619 -4.178210 3.617396 0.863134 -2.643118 0.874753 0.500410 -2.845482 = -3.50360130 @ 392215 288061
-1.547321 3.877961 -4.904619 -4.178212 3.617396 0.863134 -2.643118 0.874753 0.500410 -2.845482 = -3.50363877 @ 396936 290990
-1.547321 3.877961 -4.904619 -4.178211 3.617396 0.863134 -2.643118 0.874762 0.500405 -2.845482 = -3.50482711 @ 398842 292270
-1.547553 3.877961 -4.904564 -4.178212 3.617396 0.863134 -2.643001 0.874753 0.500405 -2.845482 = -3.51182488 @ 399026 292381
-1.547321 3.877961 -4.904619 -4.178210 3.617396 0.861676 -2.643118 0.874753 0.500410 -2.845482 = -3.52074608 @ 391117 287407
-1.547321 3.877985 -4.904619 -4.178212 3.617594 0.863134 -2.643118 0.874434 0.500405 -2.845482 = -3.52739474 @ 398347 291959
-1.547321 3.877961 -4.904619 -4.178211 3.617396 0.863134 -2.643118 0.874753 0.499232 -2.845482 = -3.60639829 @ 395847 290210
-1.454984 3.636265 -4.881275 -4.387555 3.729881 0.901423 -2.636378 0.911148 0.602577 -2.910666 = -3.61914681 @ 394043 289163
-1.454984 3.636265 -4.881275 -4.387555 3.729881 0.901423 -2.636378 0.911148 0.602577 -2.910666 = -3.61915389 @ 390708 287162
-1.454984 3.636265 -4.881275 -4.387555 3.729881 0.901423 -2.636378 0.911148 0.602577 -2.910666 = -3.61916980 @ 388870 286075
-1.454984 3.636265 -4.881275 -4.387555 3.729881 0.901423 -2.636378 0.911148 0.602577 -2.910666 = -3.61917318 @ 389842 286647
-1.454984 3.636265 -4.881275 -4.387556 3.729881 0.901423 -2.636378 0.911148 0.602577 -2.910666 = -3.61925873 @ 391283 287504
-1.454984 3.636265 -4.881275 -4.387555 3.729881 0.901423 -2.636378 0.911148 0.602578 -2.910666 = -3.61927406 @ 384796 283611
-1.454984 3.636265 -4.881275 -4.387555 3.729881 0.901423 -2.636378 0.911147 0.602577 -2.910666 = -3.61938390 @ 399701 292816
-1.454984 3.636265 -4.881275 -4.387555 3.729881 0.901427 -2.636378 0.911148 0.602577 -2.910666 = -3.62030407 @ 399529 292705
-1.454984 3.636265 -4.881275 -4.387555 3.729881 0.901423 -2.636378 0.911148 0.602592 -2.910666 = -3.62136984 @ 397821 291627
-1.454984 3.636283 -4.881275 -4.387555 3.729881 0.901423 -2.636378 0.911148 0.602577 -2.910666 = -3.62259474 @ 399206 292488
-1.454984 3.636265 -4.881275 -4.387555 3.729941 0.901441 -2.636375 0.911138 0.602577 -2.910666 = -3.62310380 @ 397481 291405
-1.454984 3.636265 -4.881275 -4.387555 3.729881 0.901423 -2.636378 0.911148 0.602578 -2.910747 = -3.62425237 @ 398600 292129
-1.454984 3.636265 -4.881275 -4.387555 3.729881 0.901423 -2.636378 0.910992 0.602577 -2.910666 = -3.62871059 @ 396716 290860
-1.454920 3.636265 -4.881301 -4.387559 3.729948 0.901441 -2.636375 0.911138 0.602316 -2.910666 = -3.63703943 @ 398367 291972
-1.454920 3.636265 -4.881301 -4.387559 3.729941 0.901441 -2.636375 0.911138 0.602316 -2.910666 = -3.63823843 @ 396604 290795
-1.454984 3.636265 -4.880957 -4.387555 3.729881 0.901423 -2.636378 0.911148 0.602577 -2.910666 = -3.64580023 @ 397313 291214
-1.454984 3.636265 -4.881275 -4.387555 3.729298 0.901423 -2.636378 0.911148 0.602578 -2.910666 = -3.65259602 @ 393408 288795
-1.454984 3.636265 -4.879128 -4.387555 3.729881 0.901423 -2.636378 0.911148 0.602577 -2.910666 = -3.73066835 @ 397301 291208
-1.405737 3.873656 -4.980326 -4.334240 3.629348 0.876486 -2.702439 0.939335 0.551636 -2.669728 = -3.92045418 @ 399929 292958
-1.405737 3.873620 -4.980326 -4.334240 3.629405 0.876486 -2.702439 0.939335 0.551636 -2.669729 = -3.92354170 @ 399368 292604
-1.405737 3.873620 -4.980326 -4.334240 3.629405 0.876486 -2.702439 0.939335 0.551636 -2.669728 = -3.92364674 @ 398238 291880
-1.405737 3.873656 -4.980326 -4.334240 3.629405 0.876486 -2.702439 0.939335 0.551636 -2.669728 = -3.92383425 @ 397022 291040
-1.405796 3.873656 -4.980326 -4.334240 3.629405 0.876486 -2.702439 0.939335 0.551636 -2.669728 = -3.92413060 @ 396836 290931
-1.405796 3.873656 -4.980326 -4.334240 3.629405 0.876486 -2.702439 0.939335 0.551636 -2.669728 = -3.92413065 @ 399181 292474
-1.405796 3.873656 -4.980326 -4.334240 3.629405 0.876486 -2.702439 0.939335 0.551636 -2.669728 = -3.92413065 @ 398292 291918
-1.405796 3.873656 -4.980326 -4.334240 3.629405 0.876489 -2.702439 0.939335 0.551636 -2.669728 = -3.92435165 @ 399775 292858
-1.405796 3.873656 -4.980326 -4.334240 3.629681 0.876486 -2.702439 0.939335 0.551636 -2.669728 = -3.92453477 @ 399797 292870
-1.405796 3.873656 -4.980326 -4.334240 3.629681 0.876486 -2.702439 0.939335 0.551636 -2.669728 = -3.92454962 @ 398918 292316
-1.405796 3.873656 -4.980326 -4.334240 3.629681 0.876486 -2.702439 0.939335 0.551636 -2.669728 = -3.92454962 @ 398659 292161
-1.405796 3.873656 -4.980326 -4.334240 3.629681 0.876486 -2.702439 0.939335 0.551636 -2.669728 = -3.92454962 @ 399181 292473
-1.405796 3.873656 -4.980326 -4.334240 3.629548 0.876486 -2.702439 0.939335 0.551636 -2.669728 = -3.92470058 @ 398409 292000
-1.405796 3.873656 -4.980326 -4.334240 3.629759 0.876486 -2.702439 0.939335 0.551636 -2.669728 = -3.92499917 @ 390685 287149
-1.405796 3.873656 -4.980326 -4.334240 3.629759 0.876486 -2.702439 0.939335 0.551636 -2.669728 = -3.92509009 @ 384612 283496
-1.405796 3.873656 -4.980326 -4.334240 3.629769 0.876591 -2.702439 0.939335 0.551636 -2.669728 = -3.92842005 @ 399836 292896
-1.405796 3.873656 -4.980326 -4.334240 3.629769 0.876591 -2.702439 0.939335 0.551636 -2.669728 = -3.92856639 @ 398976 292351
-1.405796 3.873721 -4.980326 -4.334240 3.629759 0.876486 -2.702439 0.939335 0.551636 -2.669728 = -3.93042829 @ 396987 291017
-1.405796 3.873721 -4.980326 -4.334240 3.629759 0.876486 -2.702493 0.939335 0.551636 -2.669728 = -3.93768097 @ 398626 292143
-1.405796 3.873271 -4.980338 -4.334240 3.629548 0.876486 -2.702439 0.939335 0.551636 -2.669728 = -3.94692766 @ 397501 291416
-1.508437 3.573217 -4.755661 -4.344518 3.680178 0.865665 -2.659026 0.979360 0.443748 -2.720904 = -4.03883426 @ 399600 292753
-1.684296 3.648827 -4.800637 -4.258992 3.683895 0.789722 -2.655890 1.077553 0.506209 -2.809503 = -4.06998272 @ 398775 292229
-1.684296 3.648806 -4.800637 -4.258992 3.683895 0.789767 -2.655890 1.077553 0.506209 -2.809503 = -4.07066695 @ 399045 292393
-1.684296 3.648827 -4.800637 -4.258992 3.683895 0.789793 -2.655890 1.077553 0.506209 -2.809503 = -4.07180248 @ 399034 292386
-1.684296 3.648916 -4.800637 -4.258992 3.683895 0.789767 -2.655890 1.077553 0.506209 -2.809503 = -4.07199194 @ 398211 291865
-1.684296 3.648916 -4.800637 -4.258992 3.683895 0.789767 -2.655890 1.077553 0.506209 -2.809503 = -4.07199194 @ 399936 292962
-1.684296 3.648916 -4.800637 -4.258992 3.683895 0.789767 -2.655890 1.077553 0.506183 -2.809503 = -4.07243846 @ 399113 292433
-1.684296 3.648916 -4.800637 -4.258992 3.683825 0.789767 -2.655890 1.077650 0.506209 -2.809503 = -4.07279259 @ 397895 291687
-1.684296 3.648916 -4.800637 -4.258992 3.683825 0.789767 -2.655889 1.077650 0.506209 -2.809503 = -4.07295410 @ 399621 292764
-1.684296 3.648916 -4.800542 -4.258992 3.683825 0.789767 -2.655890 1.077553 0.506209 -2.809665 = -4.07906452 @ 398250 291888
-1.683075 3.648916 -4.800636 -4.258992 3.683825 0.788220 -2.655591 1.077477 0.505903 -2.809503 = -4.10519877 @ 397683 291523
-1.683075 3.648916 -4.800636 -4.258992 3.683825 0.788220 -2.655591 1.077477 0.505903 -2.809503 = -4.10522579 @ 399943 292966
-1.682995 3.649404 -4.800636 -4.258992 3.683825 0.788220 -2.652916 1.077553 0.505903 -2.809839 = -4.11342638 @ 398795 292240
-1.682984 3.649404 -4.800636 -4.258992 3.683825 0.788220 -2.652916 1.077553 0.505903 -2.809839 = -4.11428776 @ 396912 290977
-1.682984 3.649404 -4.800636 -4.258992 3.683825 0.788220 -2.652916 1.077553 0.505903 -2.809839 = -4.11428792 @ 392026 287952
-1.508437 3.573218 -4.755661 -4.344520 3.685076 0.863134 -2.643118 0.979359 0.443748 -2.720905 = -4.12719885 @ 399606 292756
-1.682984 3.648916 -4.800637 -4.258992 3.683825 0.788220 -2.655890 1.077553 0.505556 -2.809503 = -4.12890467 @ 395875 290229
-1.682984 3.648916 -4.800637 -4.258992 3.683825 0.788384 -2.655890 1.077553 0.505556 -2.809503 = -4.13002864 @ 399758 292848
-1.682984 3.648916 -4.800637 -4.258992 3.683825 0.788386 -2.655890 1.077553 0.505556 -2.809503 = -4.13013757 @ 398301 291924
-1.548171 3.705387 -4.930171 -4.385853 3.581710 1.086915 -2.585857 0.945259 0.466659 -2.705783 = -4.15966234 @ 399696 292813
-1.548171 3.705387 -4.930171 -4.385852 3.581660 1.086915 -2.585857 0.945271 0.466659 -2.705783 = -4.15992627 @ 396123 290375
-1.548171 3.705387 -4.930171 -4.385852 3.581710 1.086915 -2.585857 0.945259 0.466659 -2.705783 = -4.15996927 @ 398670 292167
-1.548171 3.705387 -4.930171 -4.385856 3.581660 1.086915 -2.585857 0.945271 0.466659 -2.705783 = -4.16027306 @ 398173 291844
-1.548171 3.705391 -4.930171 -4.385852 3.581710 1.086915 -2.585857 0.945271 0.466659 -2.705783 = -4.16033269 @ 398625 292142
-1.548171 3.705391 -4.930171 -4.385849 3.581710 1.086915 -2.585857 0.945271 0.466659 -2.705783 = -4.16061277 @ 398866 292284
-1.548171 3.705387 -4.930171 -4.385852 3.581710 1.086915 -2.585857 0.945271 0.466659 -2.705783 = -4.16169057 @ 397848 291642
-1.548171 3.705387 -4.930171 -4.385852 3.581711 1.086915 -2.585857 0.945271 0.466710 -2.705783 = -4.16273038 @ 398865 292283
-1.548171 3.705387 -4.930171 -4.385852 3.581711 1.086915 -2.585857 0.945275 0.466710 -2.705783 = -4.16413958 @ 399999 293002
-1.548171 3.705387 -4.930171 -4.385852 3.581711 1.086915 -2.585857 0.945275 0.466710 -2.705783 = -4.16413962 @ 399324 292574
-1.548171 3.705387 -4.930171 -4.385852 3.581710 1.086915 -2.585857 0.945271 0.466783 -2.705783 = -4.16493737 @ 399093 292422
-1.548171 3.705387 -4.930172 -4.385852 3.582139 1.086915 -2.585857 0.946010 0.466659 -2.706688 = -4.16850153 @ 398939 292328
-1.548171 3.705387 -4.930172 -4.385869 3.582130 1.086915 -2.585857 0.946010 0.466659 -2.706688 = -4.16851629 @ 398407 291999
-1.548171 3.705387 -4.930175 -4.385852 3.582130 1.086915 -2.585857 0.946010 0.466659 -2.706694 = -4.16951895 @ 398273 291902
-1.548171 3.705387 -4.930172 -4.385852 3.582130 1.086915 -2.585857 0.946010 0.466659 -2.706694 = -4.16988031 @ 398140 291826
-1.537931 3.771894 -4.971513 -4.406464 3.593873 0.722528 -2.545486 1.025157 0.383623 -2.781470 = -4.27929348 @ 396138 290384
-1.537931 3.771894 -4.971513 -4.406464 3.593873 0.722528 -2.545486 1.025157 0.383623 -2.781470 = -4.27929786 @ 390414 286986
-1.537931 3.771894 -4.971513 -4.406464 3.593873 0.722528 -2.545486 1.025157 0.383623 -2.781470 = -4.27929958 @ 397156 291120
-1.537931 3.771892 -4.971513 -4.406464 3.593873 0.722528 -2.545486 1.025157 0.383623 -2.781469 = -4.28114851 @ 399622 292764
-1.537931 3.771892 -4.971513 -4.406464 3.593873 0.722528 -2.545486 1.025157 0.383623 -2.781469 = -4.28114851 @ 386868 284871
-1.537931 3.771892 -4.971513 -4.406464 3.593873 0.722528 -2.545486 1.025157 0.383623 -2.781469 = -4.28117503 @ 399897 292941
-1.537931 3.771894 -4.971513 -4.406456 3.593873 0.722528 -2.545486 1.025157 0.383623 -2.781470 = -4.28178619 @ 399660 292787
-1.537778 3.771894 -4.971513 -4.406464 3.593873 0.722528 -2.545486 1.025174 0.383593 -2.781495 = -4.29546593 @ 399005 292367
-1.537778 3.771894 -4.971513 -4.406464 3.593873 0.722528 -2.545486 1.025157 0.383593 -2.781495 = -4.29590346 @ 398909 292310
-1.537778 3.771894 -4.971513 -4.406464 3.593873 0.722528 -2.545486 1.025157 0.383623 -2.781470 = -4.29595870 @ 398385 291985
-1.537778 3.771894 -4.971513 -4.406464 3.593873 0.722528 -2.545486 1.025160 0.383623 -2.781470 = -4.29636224 @ 399198 292483
-1.537696 3.771894 -4.971513 -4.406464 3.593873 0.722528 -2.545272 1.025157 0.383711 -2.781470 = -4.32009582 @ 397619 291488
-1.537696 3.771894 -4.971513 -4.406464 3.593873 0.722528 -2.545272 1.025157 0.383711 -2.781470 = -4.32009600 @ 398303 291925
-1.537892 3.771894 -4.971513 -4.406464 3.593390 0.722528 -2.545486 1.025157 0.383623 -2.781470 = -4.32503578 @ 399001 292365
-1.537931 3.771894 -4.971513 -4.406464 3.593390 0.722528 -2.545486 1.025157 0.383623 -2.781470 = -4.33107855 @ 396776 290900
-1.537931 3.772371 -4.971513 -4.406813 3.593751 0.722528 -2.545486 1.025157 0.385028 -2.781470 = -4.34993529 @ 397879 291678
-1.548171 3.705387 -4.930171 -4.379431 3.581660 1.086848 -2.585857 0.946010 0.469013 -2.706688 = -4.38478315 @ 394903 289662
-1.547469 3.877961 -4.904619 -4.178210 3.629769 0.876591 -2.643118 0.874753 0.500410 -2.845482 = -4.52422860 @ 399439 292654
-1.541832 3.552790 -4.848621 -4.366101 3.693875 0.862347 -2.625630 0.993617 0.449923 -3.063138 = -4.71958688 @ 398054 291773
-1.541832 3.552790 -4.848638 -4.366101 3.694020 0.862308 -2.626036 0.993801 0.449923 -3.063138 = -4.74412156 @ 396472 290720
-1.541832 3.552790 -4.848639 -4.366101 3.694020 0.862308 -2.626036 0.993801 0.449923 -3.063138 = -4.74423262 @ 398218 291869
-1.541832 3.552790 -4.848639 -4.366101 3.694020 0.862308 -2.626036 0.993801 0.449923 -3.063138 = -4.74423262 @ 399871 292919
-1.541056 3.552790 -4.848643 -4.366101 3.694037 0.862537 -2.626036 0.993801 0.449923 -3.063138 = -4.75138848 @ 398947 292332
-1.541056 3.552636 -4.848638 -4.366101 3.694020 0.862537 -2.626036 0.993801 0.449923 -3.063138 = -4.76286342 @ 397982 291734
-1.541056 3.552636 -4.848638 -4.366101 3.694020 0.862537 -2.626036 0.993801 0.449923 -3.063013 = -4.76909153 @ 399013 292372
-1.541478 3.552790 -4.847686 -4.366101 3.694020 0.862308 -2.626028 0.993137 0.449923 -3.063282 = -4.78178969 @ 399712 292822
-1.405796 3.873656 -4.980326 -4.334240 3.617396 0.863134 -2.702439 0.939335 0.551636 -2.669728 = -5.08390013 @ 399439 292655
-1.579370 3.538510 -4.870750 -4.181030 3.750480 0.807335 -2.778491 0.794784 0.281606 -2.805009 = -5.54060164 @ 398324 291936
-1.579370 3.538510 -4.870750 -4.181030 3.750480 0.807335 -2.778491 0.794784 0.281606 -2.805009 = -5.54069025 @ 399732 292833
-1.579335 3.538510 -4.870750 -4.181030 3.750480 0.807335 -2.778469 0.794784 0.281606 -2.805009 = -5.54141698 @ 390760 287190
-1.579335 3.538510 -4.870750 -4.181030 3.750480 0.807335 -2.778491 0.794784 0.281606 -2.805009 = -5.54422780 @ 398188 291852
-1.579335 3.538510 -4.870661 -4.181027 3.750480 0.807168 -2.778484 0.794784 0.281606 -2.805009 = -5.54649144 @ 398311 291930
-1.579335 3.538571 -4.870661 -4.181031 3.750480 0.807335 -2.778469 0.794784 0.281606 -2.804906 = -5.54710666 @ 399706 292819
-1.579335 3.538571 -4.870661 -4.181031 3.750480 0.807335 -2.778469 0.794784 0.281606 -2.804906 = -5.54721705 @ 397457 291375
-1.579335 3.538510 -4.870661 -4.181031 3.750480 0.807168 -2.778484 0.794784 0.281606 -2.805009 = -5.54751222 @ 397936 291709
-1.579335 3.538510 -4.870661 -4.181031 3.750480 0.807130 -2.778469 0.794784 0.281606 -2.805009 = -5.54821611 @ 397338 291232
-1.579335 3.538510 -4.870661 -4.181028 3.750480 0.807335 -2.778469 0.794784 0.281606 -2.805009 = -5.54821995 @ 399264 292529
-1.579334 3.538510 -4.870601 -4.181031 3.750146 0.807338 -2.778469 0.794784 0.281606 -2.805009 = -5.54878527 @ 386948 284922
-1.579335 3.538525 -4.870661 -4.181033 3.750480 0.807335 -2.778484 0.794784 0.281606 -2.805009 = -5.54905849 @ 398675 292170
-1.579335 3.538510 -4.870661 -4.181031 3.750480 0.807209 -2.778469 0.794784 0.281606 -2.804906 = -5.54935285 @ 397123 291100
-1.579370 3.538510 -4.870750 -4.181030 3.750269 0.807335 -2.778491 0.794784 0.281606 -2.805008 = -5.54950479 @ 399864 292915
-1.579370 3.538510 -4.870750 -4.181030 3.750269 0.807335 -2.778491 0.794784 0.281606 -2.805009 = -5.54952867 @ 398558 292095
-1.579335 3.538510 -4.870661 -4.181031 3.750480 0.807209 -2.778469 0.794784 0.281618 -2.804906 = -5.54995864 @ 399553 292726
-1.579335 3.538510 -4.870601 -4.181031 3.750146 0.807335 -2.778469 0.794784 0.281606 -2.805009 = -5.55112570 @ 393400 288784
-1.579334 3.538485 -4.870601 -4.181031 3.750146 0.807338 -2.778469 0.794784 0.281606 -2.805009 = -5.55507177 @ 399785 292863
-1.579335 3.538510 -4.870661 -4.181023 3.750480 0.807209 -2.778469 0.794562 0.281618 -2.804906 = -5.58059933 @ 399099 292425
-1.579335 3.538511 -4.870661 -4.181023 3.750480 0.807209 -2.778469 0.794562 0.281618 -2.804906 = -5.58077328 @ 399777 292859
-1.579335 3.538510 -4.870661 -4.181031 3.750480 0.807209 -2.778469 0.794562 0.281618 -2.804906 = -5.58170043 @ 398654 292159
-1.537037 3.668512 -4.996179 -4.232519 3.613645 0.791218 -2.710608 0.996519 0.487052 -2.855243 = -6.15932781 @ 399048 292394
-1.547553 3.877961 -4.904619 -4.178212 3.617396 0.894780 -2.650453 0.874748 0.500405 -2.845482 = -6.60340635 @ 399606 292756
-1.324380 3.614860 -4.926777 -4.305131 3.602683 0.887946 -2.691432 0.908780 0.415214 -2.728911 = -9.02575233 @ 399773 292857
-1.463738 3.674666 -4.862201 -4.308372 3.628832 0.873832 -2.650122 0.936508 0.453708 -2.789784 = -9.05836381 @ 399730 292833
