-0.499696 -4.012579 -4.880914 -1.010260 -3.045746 = -0.00000017 @ 399034 158271
-3.395098 -3.317307 2.346845 2.062944 4.371511 = -0.00000017 @ 399315 158367
-3.395098 -3.317306 2.346845 2.062944 4.371511 = -0.00000017 @ 398966 158250
-0.499691 -4.012575 -4.880912 -1.010246 -3.045731 = -0.00000018 @ 393955 156687
-0.499696 -4.012575 -4.880912 -1.010260 -3.045746 = -0.00000019 @ 392972 156386
-3.395101 -3.317306 2.346845 2.062954 4.371515 = -0.00000019 @ 399259 158345
-3.395101 -3.317306 2.346845 2.062954 4.371513 = -0.00000019 @ 397264 157724
-0.499696 -4.012575 -4.880914 -1.010260 -3.045746 = -0.00000020 @ 397986 157957
-0.499690 -4.012575 -4.880914 -1.010260 -3.045746 = -0.00000021 @ 399745 158493
-2.184984 1.687056 0.587855 2.757362 -2.859080 = -0.00000021 @ 399750 158495
-2.184984 1.687056 0.587855 2.757362 -2.859080 = -0.00000021 @ 399937 158552
-3.395101 -3.317304 2.346845 2.062942 4.371502 = -0.00000023 @ 394744 156939
-0.499696 -4.012575 -4.880912 -1.010241 -3.045746 = -0.00000023 @ 389029 155111
-0.499696 -4.012575 -4.880912 -1.010241 -3.045746 = -0.00000023 @ 385642 153999
-3.395101 -3.317311 2.346845 2.062942 4.371502 = -0.00000023 @ 399093 158291
-3.395101 -3.317311 2.346845 2.062942 4.371502 = -0.00000023 @ 399973 158563
-3.395101 -3.317297 2.346844 2.062954 4.371513 = -0.00000024 @ 394310 156796
-0.499691 -4.012575 -4.880916 -1.010240 -3.045731 = -0.00000025 @ 396094 157363
-0.499691 -4.012575 -4.880920 -1.010267 -3.045732 = -0.00000026 @ 399790 158507
-0.499691 -4.012575 -4.880920 -1.010267 -3.045731 = -0.00000026 @ 381459 152557
-2.184984 1.687061 0.587856 2.757362 -2.859081 = -0.00000027 @ 394817 156961
-2.184984 1.687061 0.587855 2.757362 -2.859081 = -0.00000027 @ 396064 157348
-2.184984 1.687061 0.587855 2.757362 -2.859081 = -0.00000027 @ 397656 157848
-2.184982 1.687061 0.587856 2.757343 -2.859080 = -0.00000027 @ 399357 158380
-2.184982 1.687061 0.587856 2.757343 -2.859080 = -0.00000027 @ 399947 158555
-2.184984 1.687054 0.587856 2.757341 -2.859081 = -0.00000029 @ 399049 158278
-0.499717 -4.012575 -4.880916 -1.010257 -3.045733 = -0.00000029 @ 398154 158006
-3.395101 -3.317299 2.346843 2.062954 4.371502 = -0.00000031 @ 399812 158514
-2.184983 1.687061 0.587856 2.757341 -2.859080 = -0.00000032 @ 399685 158475
-2.184983 1.687061 0.587856 2.757341 -2.859080 = -0.00000032 @ 399773 158502
-0.499720 -4.012575 -4.880912 -1.010266 -3.045731 = -0.00000032 @ 395708 157239
-2.184982 1.687061 0.587856 2.757341 -2.859080 = -0.00000032 @ 399956 158558
-2.184982 1.687061 0.587856 2.757341 -2.859080 = -0.00000032 @ 396064 157348
-2.184982 1.687061 0.587856 2.757341 -2.859080 = -0.00000032 @ 398191 158016
-3.395101 -3.317298 2.346844 2.062954 4.371502 = -0.00000032 @ 398899 158229
-2.184982 1.687061 0.587855 2.757341 -2.859080 = -0.00000032 @ 399607 158453
-2.184984 1.687061 0.587856 2.757341 -2.859081 = -0.00000032 @ 399709 158483
-0.499678 -4.012596 -4.880916 -1.010240 -3.045711 = -0.00000033 @ 397578 157823
-3.395091 -3.317304 2.346845 2.062942 4.371513 = -0.00000033 @ 399899 158540
-3.395091 -3.317304 2.346845 2.062942 4.371513 = -0.00000033 @ 399195 158324
-3.395091 -3.317304 2.346845 2.062942 4.371513 = -0.00000033 @ 399084 158288
-2.184984 1.687061 0.587855 2.757341 -2.859081 = -0.00000033 @ 390873 155737
-2.184984 1.687061 0.587856 2.757341 -2.859081 = -0.00000033 @ 393505 156549
-2.184984 1.687061 0.587856 2.757341 -2.859081 = -0.00000033 @ 399249 158342
-2.184984 1.687061 0.587856 2.757341 -2.859081 = -0.00000033 @ 394667 156915
-2.184984 1.687061 0.587856 2.757341 -2.859081 = -0.00000033 @ 389244 155226
-2.184984 1.687061 0.587856 2.757341 -2.859081 = -0.00000033 @ 388490 154927
-3.395101 -3.317297 2.346844 2.062954 4.371502 = -0.00000034 @ 391006 155783
-3.395101 -3.317297 2.346844 2.062954 4.371502 = -0.00000034 @ 392765 156317
-3.395101 -3.317297 2.346844 2.062954 4.371502 = -0.00000034 @ 389032 155112
-0.499678 -4.012575 -4.880922 -1.010267 -3.045738 = -0.00000034 @ 397131 157686
-3.395090 -3.317306 2.346844 2.062944 4.371511 = -0.00000035 @ 383690 153349
-0.499678 -4.012575 -4.880920 -1.010240 -3.045738 = -0.00000035 @ 396587 157518
-0.499678 -4.012575 -4.880920 -1.010240 -3.045738 = -0.00000035 @ 398479 158101
-0.499720 -4.012577 -4.880918 -1.010266 -3.045731 = -0.00000035 @ 398142 158002
-3.395090 -3.317304 2.346844 2.062944 4.371511 = -0.00000035 @ 399184 158321
-3.395090 -3.317306 2.346845 2.062944 4.371511 = -0.00000035 @ 383311 153227
-3.395090 -3.317304 2.346845 2.062943 4.371513 = -0.00000035 @ 399782 158505
-0.499720 -4.012577 -4.880918 -1.010266 -3.045730 = -0.00000035 @ 399850 158525
-3.395090 -3.317304 2.346845 2.062942 4.371513 = -0.00000035 @ 390954 155762
-0.499720 -4.012577 -4.880918 -1.010266 -3.045730 = -0.00000036 @ 399907 158543
-0.499683 -4.012575 -4.880920 -1.010257 -3.045712 = -0.00000037 @ 390889 155742
-3.395090 -3.317300 2.346845 2.062942 4.371513 = -0.00000037 @ 393870 156657
-0.499683 -4.012575 -4.880920 -1.010257 -3.045712 = -0.00000037 @ 382760 153053
-0.499683 -4.012575 -4.880920 -1.010257 -3.045712 = -0.00000037 @ 399574 158443
-0.499678 -4.012575 -4.880916 -1.010257 -3.045711 = -0.00000038 @ 399243 158340
-3.395101 -3.317297 2.346844 2.062954 4.371530 = -0.00000038 @ 394947 157007
-2.184983 1.687053 0.587849 2.757341 -2.859080 = -0.00000041 @ 391690 155992
-2.184982 1.687053 0.587849 2.757341 -2.859080 = -0.00000041 @ 389226 155221
-0.499720 -4.012577 -4.880921 -1.010237 -3.045731 = -0.00000042 @ 396297 157421
-2.184984 1.687042 0.587847 2.757350 -2.859080 = -0.00000046 @ 399024 158268
-3.395090 -3.317300 2.346845 2.062942 4.371502 = -0.00000047 @ 392829 156336
-0.499679 -4.012577 -4.880920 -1.010257 -3.045701 = -0.00000052 @ 396185 157390
-0.499725 -4.012575 -4.880914 -1.010285 -3.045738 = -0.00000057 @ 383440 153269
-2.184984 1.687042 0.587847 2.757341 -2.859080 = -0.00000059 @ 390430 155597
-3.395117 -3.317323 2.346845 2.062978 4.371513 = -0.00000084 @ 390369 155580
-3.395090 -3.317300 2.346845 2.062979 4.371513 = -0.00000109 @ 398973 158252
4.141241 2.476999 2.669817 -4.522350 3.638998 = -0.00000135 @ 399371 158384
4.141241 2.476999 2.669817 -4.522350 3.638998 = -0.00000135 @ 399421 158398
-0.499703 -4.012672 -4.880918 -1.010266 -3.045748 = -0.00000141 @ 389234 155223
-2.185000 1.687061 0.587856 2.757333 -2.859041 = -0.00000145 @ 369805 148599
-0.499734 -4.012575 -4.880916 -1.010240 -3.045671 = -0.00000148 @ 398942 158243
4.141244 2.476995 2.669817 -4.522350 3.638998 = -0.00000150 @ 397446 157782
4.141241 2.476995 2.669817 -4.522350 3.638998 = -0.00000176 @ 395042 157036
4.141241 2.476995 2.669817 -4.522350 3.638997 = -0.00000177 @ 398955 158247
-3.395102 -3.317302 2.346846 2.063000 4.371513 = -0.00000191 @ 381046 152420
-0.499734 -4.012577 -4.880920 -1.010257 -3.045655 = -0.00000194 @ 391616 155966
4.141244 2.476989 2.669819 -4.522350 3.638998 = -0.00000208 @ 398955 158247
4.141272 2.476989 2.669819 -4.522350 3.639001 = -0.00000215 @ 398978 158254
4.141243 2.476989 2.669819 -4.522348 3.638997 = -0.00000215 @ 399863 158529
4.141243 2.476989 2.669819 -4.522350 3.638997 = -0.00000217 @ 399208 158328
4.141241 2.476989 2.669819 -4.522350 3.639005 = -0.00000224 @ 398476 158100
4.141272 2.476989 2.669819 -4.522350 3.638997 = -0.00000224 @ 397543 157811
4.141241 2.476989 2.669819 -4.522350 3.638997 = -0.00000231 @ 399814 158514
4.141241 2.476989 2.669819 -4.522350 3.638997 = -0.00000235 @ 397825 157908
4.141241 2.476989 2.669819 -4.522350 3.638997 = -0.00000235 @ 396652 157537
4.141241 2.476989 2.669819 -4.522350 3.638997 = -0.00000235 @ 396904 157616
4.141241 2.476989 2.669819 -4.522350 3.638997 = -0.00000235 @ 390647 155662
4.141241 2.476989 2.669819 -4.522350 3.638997 = -0.00000235 @ 388499 154930
4.141241 2.476989 2.669819 -4.522350 3.638997 = -0.00000235 @ 381793 152671
4.141272 2.476989 2.669828 -4.522350 3.638997 = -0.00000243 @ 398846 158213
4.141241 2.476989 2.669817 -4.522334 3.638997 = -0.00000289 @ 396188 157390
4.141228 2.476989 2.669817 -4.522334 3.638995 = -0.00000458 @ 391083 155806
4.141293 2.476994 2.669819 -4.522350 3.638995 = -0.00000480 @ 399989 158568
4.141293 2.476994 2.669819 -4.522350 3.638995 = -0.00000480 @ 396353 157438
4.141293 2.476994 2.669819 -4.522350 3.638995 = -0.00000480 @ 398212 158022
4.141241 2.476994 2.669817 -4.522315 3.638998 = -0.00000480 @ 397045 157656
4.141293 2.476994 2.669817 -4.522334 3.638995 = -0.00000537 @ 397440 157781
4.141241 2.476989 2.669819 -4.522350 3.639039 = -0.00000569 @ 397827 157909
-3.395102 -3.317292 2.346738 2.062957 4.371507 = -0.00000572 @ 383383 153251
4.141293 2.476989 2.669817 -4.522335 3.638995 = -0.00000590 @ 398278 158042
-3.395091 -3.317292 2.346738 2.062957 4.371527 = -0.00000598 @ 383360 153244
-3.395091 -3.317292 2.346738 2.062957 4.371527 = -0.00000598 @ 391113 155815
4.141237 2.477041 2.669814 -4.522317 3.639009 = -0.00000637 @ 398406 158079
4.141231 2.477041 2.669814 -4.522317 3.639009 = -0.00000720 @ 399673 158472
-0.499710 -4.012776 -4.880922 -1.010267 -3.045738 = -0.00000721 @ 399734 158490
-3.395101 -3.317297 2.346844 2.063055 4.371502 = -0.00000725 @ 399404 158394
-2.184994 1.687054 0.587847 2.757440 -2.859068 = -0.00000725 @ 384630 153663
4.141228 2.477041 2.669814 -4.522317 3.639009 = -0.00000761 @ 384902 153757
-2.185017 1.687061 0.587775 2.757333 -2.859088 = -0.00000876 @ 369841 148610
-0.499691 -4.012575 -4.880664 -1.010246 -3.045731 = -0.00001206 @ 387856 154715
-2.185049 1.687066 0.587845 2.757259 -2.859072 = -0.00001238 @ 399806 158512
-0.499434 -4.012575 -4.880920 -1.010240 -3.045882 = -0.00001997 @ 398106 157992
-0.499679 -4.012900 -4.880920 -1.010257 -3.045701 = -0.00002060 @ 394753 156941
-0.499708 -4.012540 -4.881172 -1.010278 -3.045888 = -0.00002249 @ 397771 157891
-0.499725 -4.012540 -4.881172 -1.010278 -3.045888 = -0.00002265 @ 386726 154346
-0.499569 -4.012900 -4.880920 -1.010257 -3.045749 = -0.00002380 @ 397961 157950
-0.499426 -4.012479 -4.880693 -1.010286 -3.045776 = -0.00002878 @ 398981 158255
-0.499426 -4.012479 -4.880692 -1.010286 -3.045776 = -0.00002882 @ 394644 156907
-0.499679 -4.012968 -4.880920 -1.010274 -3.045701 = -0.00003068 @ 396797 157584
-0.499434 -4.012449 -4.880920 -1.010427 -3.045882 = -0.00003111 @ 396724 157558
-0.499725 -4.012516 -4.880883 -1.010664 -3.045738 = -0.00003809 @ 399214 158330
-0.499426 -4.012479 -4.880692 -1.009996 -3.045776 = -0.00004344 @ 390231 155538
4.141384 2.476989 2.669819 -4.522350 3.638997 = -0.00004785 @ 390622 155654
-0.499722 -4.013073 -4.880921 -1.010302 -3.045738 = -0.00005054 @ 399687 158476
-0.499726 -4.013073 -4.880921 -1.010302 -3.045738 = -0.00005059 @ 394343 156808
-0.499725 -4.012508 -4.880883 -1.009738 -3.045738 = -0.00006074 @ 386646 154321
-3.395150 -3.317311 2.346688 2.063086 4.371807 = -0.00007277 @ 368665 148208
4.141189 2.477154 2.669814 -4.522315 3.639030 = -0.00007594 @ 380467 152227
4.141176 2.476956 2.669850 -4.522318 3.638878 = -0.00007804 @ 385637 153997
-0.499412 -4.012575 -4.880920 -1.010299 -3.046294 = -0.00008681 @ 386229 154187
-0.500333 -4.012575 -4.880920 -1.010257 -3.045688 = -0.00008950 @ 388344 154878
-0.500333 -4.012523 -4.880920 -1.010257 -3.045688 = -0.00009064 @ 399042 158276
-0.499720 -4.012138 -4.880794 -1.010741 -3.045731 = -0.00010022 @ 391386 155900
-2.185030 1.687076 0.587556 2.757274 -2.859177 = -0.00010563 @ 392091 156113
-0.499714 -4.011883 -4.880928 -1.010260 -3.045733 = -0.00011192 @ 390276 155551
-2.185030 1.687076 0.587556 2.757185 -2.859177 = -0.00012537 @ 399137 158306
-2.184908 1.687423 0.587855 2.757341 -2.859024 = -0.00013349 @ 387933 154741
-0.499720 -4.011805 -4.880889 -1.010266 -3.045731 = -0.00013756 @ 394895 156991
-0.499720 -4.011805 -4.880914 -1.010266 -3.045731 = -0.00013763 @ 391833 156032
-0.499950 -4.012571 -4.880920 -1.010933 -3.045405 = -0.00013863 @ 399106 158295
-0.499426 -4.012585 -4.880920 -1.010933 -3.045405 = -0.00014047 @ 399992 158569
-2.184994 1.687054 0.587482 2.757440 -2.859073 = -0.00014110 @ 399914 158545
-2.185017 1.687061 0.587775 2.757333 -2.858686 = -0.00014239 @ 397535 157809
-0.499725 -4.012139 -4.881562 -1.010266 -3.045786 = -0.00014422 @ 393461 156536
-0.499719 -4.012577 -4.880921 -1.010237 -3.046590 = -0.00016088 @ 390235 155539
-0.498801 -4.012575 -4.880914 -1.010285 -3.045738 = -0.00017669 @ 393081 156418
-3.395101 -3.317297 2.346844 2.063136 4.370962 = -0.00019329 @ 392552 156254
-2.184901 1.687423 0.587775 2.757601 -2.859024 = -0.00019927 @ 356595 143916
-0.499725 -4.013585 -4.880920 -1.010257 -3.045738 = -0.00021427 @ 399058 158280
-0.499332 -4.012701 -4.881828 -1.010274 -3.045655 = -0.00022214 @ 394420 156831
-3.395101 -3.317297 2.347476 2.062954 4.371502 = -0.00023194 @ 397919 157938
-0.499696 -4.013629 -4.880922 -1.010247 -3.045694 = -0.00023407 @ 399358 158380
-3.394943 -3.317311 2.346693 2.062931 4.370900 = -0.00024115 @ 389045 155122
-0.499725 -4.013660 -4.880920 -1.010257 -3.045738 = -0.00024778 @ 396262 157412
-0.499725 -4.013660 -4.880920 -1.010257 -3.045738 = -0.00024778 @ 392767 156317
-0.499691 -4.012575 -4.880664 -1.009190 -3.045731 = -0.00026032 @ 399416 158397
-0.499727 -4.012501 -4.880919 -1.009111 -3.045738 = -0.00028945 @ 387622 154640
-0.499727 -4.012501 -4.880919 -1.009111 -3.045738 = -0.00028946 @ 399936 158552
-0.499459 -4.012585 -4.880920 -1.009111 -3.045739 = -0.00029996 @ 399051 158278
-0.499426 -4.012585 -4.880920 -1.009111 -3.045748 = -0.00030350 @ 397738 157880
-0.499716 -4.012968 -4.880872 -1.010274 -3.046990 = -0.00037614 @ 394353 156811
-0.499716 -4.012973 -4.880872 -1.010274 -3.046990 = -0.00037703 @ 397372 157755
-0.501040 -4.012575 -4.880916 -1.010240 -3.045712 = -0.00039338 @ 386995 154437
-0.499779 -4.012535 -4.880922 -1.011598 -3.045915 = -0.00040056 @ 370826 148929
-0.500092 -4.012968 -4.880872 -1.010274 -3.046990 = -0.00040981 @ 396414 157456
-0.499679 -4.012571 -4.880920 -1.008883 -3.045701 = -0.00041244 @ 393575 156574
-0.499725 -4.011213 -4.880920 -1.010267 -3.045738 = -0.00042067 @ 385674 154008
-0.499426 -4.011358 -4.881724 -1.010261 -3.045731 = -0.00050376 @ 383890 153412
-0.499727 -4.013660 -4.880920 -1.009111 -3.045738 = -0.00053349 @ 399987 158568
-0.499728 -4.012479 -4.879253 -1.010267 -3.045776 = -0.00059087 @ 393952 156686
-2.185046 1.686257 0.587910 2.757259 -2.859049 = -0.00059808 @ 378566 151542
-0.499727 -4.012701 -4.881828 -1.009216 -3.046644 = -0.00061389 @ 396215 157398
-0.499840 -4.014126 -4.880862 -1.009530 -3.045746 = -0.00063149 @ 399948 158556
-0.499840 -4.014126 -4.880862 -1.009530 -3.045746 = -0.00063150 @ 393582 156576
-0.499696 -4.014126 -4.880862 -1.009530 -3.046055 = -0.00065142 @ 399646 158464
-2.185602 1.687089 0.588202 2.757847 -2.859267 = -0.00071461 @ 390001 155461
-0.499678 -4.012575 -4.878997 -1.010240 -3.045711 = -0.00078567 @ 390223 155535
-0.499725 -4.011213 -4.880920 -1.008938 -3.045738 = -0.00080309 @ 385594 153985
-0.499696 -4.012883 -4.878818 -1.010241 -3.045746 = -0.00095596 @ 395274 157109
-0.499725 -4.014942 -4.880922 -1.010113 -3.045738 = -0.00120212 @ 398699 158167
4.141987 2.477014 2.669871 -4.522317 3.639041 = -0.00153862 @ 391084 155807
-0.499852 -4.012575 -4.880809 -1.013339 -3.045732 = -0.00207639 @ 396508 157490
-0.499569 -4.012829 -4.880927 -1.013532 -3.045749 = -0.00234156 @ 365269 147009
-0.499717 -4.012872 -4.881925 -1.007217 -3.046406 = -0.00238581 @ 398674 158160
-3.395090 -3.317300 2.346845 2.060868 4.371513 = -0.00243853 @ 391979 156079
-0.499683 -4.012575 -4.877423 -1.010257 -3.045712 = -0.00262995 @ 387222 154509
-2.185000 1.688765 0.587340 2.757283 -2.859041 = -0.00301338 @ 390166 155518
-0.499679 -4.012571 -4.880920 -1.005733 -3.045701 = -0.00448559 @ 383097 153162
-0.499725 -4.012776 -4.880707 -1.010741 -3.050587 = -0.00518869 @ 399897 158540
-0.504715 -4.012542 -4.880920 -1.010237 -3.045680 = -0.00545310 @ 399349 158377
-0.504715 -4.012575 -4.880920 -1.010237 -3.045680 = -0.00545726 @ 392644 156281
-0.504715 -4.012577 -4.880921 -1.010293 -3.045738 = -0.00546012 @ 399140 158307
-0.494587 -4.012484 -4.880794 -1.009739 -3.045731 = -0.00578665 @ 399838 158522
-0.494258 -4.012081 -4.880920 -1.010278 -3.048165 = -0.00780936 @ 397565 157819
-0.493177 -4.012575 -4.880920 -1.010240 -3.045435 = -0.00925388 @ 396922 157621
-3.395091 -3.317292 2.342755 2.062957 4.371527 = -0.00941910 @ 390280 155553
-0.499763 -4.015886 -4.878155 -1.005122 -3.046006 = -0.00967672 @ 396122 157372
-0.499763 -4.015886 -4.878155 -1.005122 -3.046006 = -0.00967673 @ 399920 158547
-0.499585 -4.012950 -4.880922 -1.010267 -3.038753 = -0.01086197 @ 378611 151557
-0.493177 -4.016261 -4.880928 -1.010257 -3.045435 = -0.01225997 @ 396656 157539
-0.499426 -4.020209 -4.880724 -1.010505 -3.045832 = -0.01267620 @ 399957 158559
-0.499426 -4.020209 -4.880724 -1.010505 -3.045832 = -0.01267651 @ 396456 157474
-0.499627 -4.020209 -4.880724 -1.009053 -3.045667 = -0.01293590 @ 394784 156950
-0.499627 -4.020244 -4.880700 -1.009053 -3.045667 = -0.01305776 @ 385975 154102
-0.499643 -4.020244 -4.880724 -1.009053 -3.045667 = -0.01306603 @ 397595 157829
-0.499569 -4.012577 -4.880921 -1.018232 -3.045749 = -0.01374460 @ 396307 157424
-0.499584 -4.012577 -4.880921 -1.018232 -3.045749 = -0.01374760 @ 398959 158248
-0.499696 -4.012575 -4.880912 -1.002165 -3.045746 = -0.01427317 @ 390221 155535
4.141138 2.477041 2.669814 -4.524141 3.641207 = -0.02310151 @ 384945 153771
-0.499627 -4.020244 -4.880912 -1.002165 -3.045667 = -0.02688072 @ 399651 158466
-0.499412 -4.023807 -4.880794 -1.009738 -3.046294 = -0.02726015 @ 386759 154356
-0.499412 -4.023808 -4.880794 -1.009738 -3.046294 = -0.02726281 @ 399693 158478
-0.499720 -4.000591 -4.880942 -1.010267 -3.045737 = -0.03208557 @ 399941 158554
-0.499720 -4.000591 -4.880942 -1.010267 -3.045738 = -0.03208611 @ 399729 158488
-0.499725 -4.000591 -4.880942 -1.010267 -3.045738 = -0.03209343 @ 395592 157206
-0.499720 -4.012138 -4.893608 -1.010741 -3.045731 = -0.03501468 @ 399550 158436
-0.513387 -4.012584 -4.880890 -1.010182 -3.045707 = -0.04100754 @ 399515 158426
4.141327 2.476992 2.669919 -4.518274 3.639030 = -0.04743080 @ 352617 142461
4.141327 2.476992 2.669919 -4.518272 3.639030 = -0.04748889 @ 399841 158523
-0.499720 -4.012776 -4.881434 -0.993619 -3.045731 = -0.06027921 @ 382519 152937
-0.499720 -4.012776 -4.881434 -0.993619 -3.045731 = -0.06027935 @ 390962 155764
-0.499720 -4.012701 -4.881828 -0.993619 -3.045731 = -0.06053428 @ 399843 158524
-3.395077 -3.317329 2.335777 2.063010 4.371549 = -0.06870327 @ 381517 152578
-0.499713 -4.012776 -4.880922 -1.031694 -3.045738 = -0.09545192 @ 381771 152665
-0.499950 -4.034862 -4.880920 -1.011612 -3.045405 = -0.10668250 @ 399592 158448
-0.499129 -4.031961 -4.880794 -1.009738 -3.057403 = -0.11174893 @ 396434 157462
-3.395041 -3.317874 2.332008 2.063009 4.371479 = -0.12365827 @ 399900 158540
-3.395041 -3.317874 2.332008 2.063010 4.371479 = -0.12365929 @ 387469 154591
-0.499129 -4.034856 -4.880794 -1.009740 -3.057403 = -0.13614292 @ 399716 158485
-0.499129 -4.034862 -4.880794 -1.009740 -3.057403 = -0.13618774 @ 399267 158347
-0.499129 -4.034862 -4.880794 -1.009738 -3.057403 = -0.13621374 @ 399954 158558
-0.499129 -4.034862 -4.880794 -1.009738 -3.057403 = -0.13621384 @ 391080 155805
-0.499129 -4.034862 -4.880700 -1.009053 -3.057403 = -0.13695439 @ 399651 158466
-0.499426 -4.038498 -4.880692 -1.010261 -3.045731 = -0.14229047 @ 399932 158551
-0.499426 -4.038498 -4.880692 -1.010261 -3.045731 = -0.14229112 @ 398370 158069
-0.499129 -4.034859 -4.880912 -1.002165 -3.057403 = -0.15421273 @ 398982 158255
-0.499129 -4.034862 -4.880912 -1.002165 -3.057403 = -0.15424211 @ 399921 158547
4.141327 2.476992 2.669919 -4.513681 3.639030 = -0.21396984 @ 390617 155652
4.141327 2.476992 2.669919 -4.513681 3.639037 = -0.21398120 @ 399149 158310
4.141325 2.476992 2.669919 -4.513681 3.639037 = -0.21398510 @ 399823 158517
-0.498801 -4.012371 -4.914149 -1.009216 -3.045738 = -0.24606403 @ 398918 158235
-0.498795 -4.012575 -4.914149 -1.009216 -3.045738 = -0.24621503 @ 399788 158506
-0.498801 -4.012574 -4.914149 -1.009216 -3.045738 = -0.24624552 @ 399756 158497
-0.498801 -4.012575 -4.914149 -1.009216 -3.045738 = -0.24626021 @ 395714 157241
-0.499727 -4.012484 -4.914149 -1.009216 -3.046644 = -0.24758574 @ 386031 154119
-0.499717 -4.015181 -4.880654 -1.010782 -3.083901 = -0.31034854 @ 399979 158565
-0.499154 -4.050919 -4.880768 -1.009796 -3.051209 = -0.31754762 @ 399190 158323
-0.499720 -4.054366 -4.880794 -1.010286 -3.045735 = -0.37033793 @ 399512 158425
-0.499344 -4.012701 -4.881828 -1.010572 -3.090138 = -0.41735546 @ 399092 158291
-0.499332 -4.012701 -4.881828 -1.010570 -3.090138 = -0.41742452 @ 399833 158520
-0.499332 -4.012701 -4.881828 -1.010572 -3.090138 = -0.41745985 @ 394964 157012
-0.499332 -4.012701 -4.881828 -1.010572 -3.090138 = -0.41745985 @ 399301 158363
-0.499332 -4.012776 -4.881434 -1.010572 -3.090138 = -0.41760858 @ 399950 158556
-0.499332 -4.012776 -4.881434 -1.010572 -3.090138 = -0.41762230 @ 399843 158524
-0.499332 -4.012577 -4.880921 -1.010572 -3.090138 = -0.41867029 @ 399430 158401
-0.499332 -4.012577 -4.880921 -1.018232 -3.090138 = -0.42880858 @ 399394 158391
-0.499728 -4.012437 -4.880920 -0.962989 -3.045179 = -0.48336966 @ 398921 158236
-0.499728 -4.012437 -4.880920 -0.962989 -3.045083 = -0.48341676 @ 399840 158522
-0.499728 -4.012437 -4.880920 -0.962989 -3.045083 = -0.48341763 @ 399325 158370
-0.493628 -4.012576 -4.880894 -1.058873 -3.044924 = -0.49543580 @ 399649 158465
-0.493628 -4.012576 -4.880894 -1.058873 -3.044924 = -0.49544170 @ 399041 158275
-0.493628 -4.012576 -4.880889 -1.058873 -3.044924 = -0.49553045 @ 399723 158487
-0.548906 -4.012714 -4.881174 -1.009870 -3.045849 = -0.50062617 @ 399515 158426
-0.499725 -4.012577 -4.880921 -1.010741 -3.101275 = -0.63669299 @ 399209 158328
-0.504715 -4.012577 -4.880921 -1.010237 -3.101275 = -0.65340361 @ 389292 155240
-0.504715 -4.012577 -4.880920 -1.010240 -3.101275 = -0.65341063 @ 399210 158329
-0.559309 -4.012900 -4.880920 -1.010925 -3.045749 = -0.72461846 @ 399935 158552
-0.562562 -4.012723 -4.881152 -1.009806 -3.045825 = -0.79856735 @ 398962 158249
-0.562562 -4.012723 -4.880914 -1.010266 -3.045825 = -0.79887270 @ 399225 158335
-0.563663 -4.012726 -4.881152 -1.009806 -3.045825 = -0.81592775 @ 397853 157917
-0.518332 -4.012534 -4.880918 -0.947626 -3.053566 = -0.90648683 @ 399166 158315
-0.499795 -4.038498 -4.818984 -1.011730 -3.034671 = -0.93078362 @ 399368 158383
-0.499795 -4.038498 -4.818984 -1.011730 -3.034671 = -0.93078747 @ 399852 158526
4.141293 2.496746 2.669839 -4.522317 3.638995 = -1.11008877 @ 399609 158454
4.141220 2.496746 2.669839 -4.522317 3.639030 = -1.11019046 @ 399926 158549
4.141220 2.496746 2.669839 -4.522317 3.639030 = -1.11019660 @ 399869 158531
4.141220 2.496746 2.669839 -4.522317 3.639030 = -1.11019724 @ 382538 152949
4.141220 2.496746 2.669839 -4.522317 3.639030 = -1.11019724 @ 399470 158413
4.141220 2.496746 2.669839 -4.522317 3.639030 = -1.11019724 @ 399501 158422
-0.428098 -4.012424 -4.880544 -1.009304 -3.038801 = -1.18384839 @ 399451 158407
-0.499779 -4.012900 -4.880921 -1.084951 -3.045915 = -1.19510487 @ 399626 158458
-0.499129 -4.012575 -4.955244 -1.009738 -3.057403 = -1.26199641 @ 398325 158056
-0.499726 -3.933989 -4.882975 -1.010269 -3.045778 = -1.44157732 @ 398866 158219
-0.499725 -4.012776 -4.880798 -1.097347 -3.050587 = -1.64221429 @ 399641 158462
-0.498801 -4.015337 -4.880798 -1.097347 -3.045915 = -1.65589481 @ 399634 158460
-0.499779 -4.055997 -4.880798 -1.097347 -3.045915 = -2.01607264 @ 399369 158383
-0.499779 -4.055997 -4.880798 -1.097347 -3.045915 = -2.01608295 @ 399688 158476
-1.525961 3.783907 -4.951032 -4.386372 3.628909 = -2.13668766 @ 396289 157419
-1.525961 3.783902 -4.951036 -4.386372 3.628909 = -2.13748730 @ 395148 157066
-1.525961 3.783902 -4.951036 -4.386372 3.628909 = -2.13749944 @ 397930 157941
-1.525961 3.783902 -4.951036 -4.386372 3.628909 = -2.13752359 @ 387618 154639
-1.525961 3.783902 -4.951036 -4.386372 3.628909 = -2.13752382 @ 394691 156922
-1.525961 3.783902 -4.951036 -4.386372 3.628909 = -2.13752483 @ 393828 156646
-1.525961 3.783902 -4.951036 -4.386372 3.628909 = -2.13752858 @ 390978 155774
-1.525961 3.783902 -4.951036 -4.386372 3.628909 = -2.13753093 @ 393182 156448
-1.525961 3.783902 -4.951036 -4.386372 3.628909 = -2.13753358 @ 389225 155221
-1.525961 3.783902 -4.951036 -4.386372 3.628909 = -2.13753796 @ 395023 157030
-1.525961 3.783902 -4.951036 -4.386372 3.628909 = -2.13753823 @ 398083 157985
-1.525961 3.783902 -4.951036 -4.386372 3.628909 = -2.13754487 @ 390108 155501
-1.525961 3.783902 -4.951036 -4.386372 3.628909 = -2.13755077 @ 381310 152508
-1.525961 3.783902 -4.951036 -4.386372 3.628909 = -2.13756710 @ 397042 157655
-1.525961 3.783902 -4.951036 -4.386372 3.628909 = -2.13756735 @ 389036 155114
-1.525961 3.783902 -4.951036 -4.386372 3.628909 = -2.13757119 @ 395037 157034
-1.525951 3.783903 -4.951036 -4.386381 3.628909 = -2.13760748 @ 394372 156816
-1.525951 3.783903 -4.951036 -4.386381 3.628909 = -2.13762260 @ 390993 155779
-1.525951 3.783903 -4.951036 -4.386381 3.628909 = -2.13763007 @ 382853 153083
-1.525951 3.783903 -4.951036 -4.386381 3.628909 = -2.13763007 @ 387736 154679
-1.525951 3.783903 -4.951036 -4.386381 3.628909 = -2.13763011 @ 396905 157616
-1.525951 3.783903 -4.951036 -4.386381 3.628909 = -2.13763227 @ 393198 156452
-1.525951 3.783903 -4.951036 -4.386381 3.628909 = -2.13763328 @ 397121 157683
-1.525951 3.783903 -4.951036 -4.386381 3.628909 = -2.13763328 @ 399244 158340
-1.525951 3.783903 -4.951036 -4.386381 3.628909 = -2.13765833 @ 399144 158308
-1.525963 3.783902 -4.951036 -4.386372 3.628909 = -2.13780882 @ 399713 158484
-1.525951 3.783903 -4.951036 -4.386381 3.628909 = -2.13797204 @ 397939 157944
-1.525951 3.783907 -4.951032 -4.386381 3.628909 = -2.13823818 @ 363155 146201
-1.525951 3.783903 -4.951039 -4.386381 3.628909 = -2.13860640 @ 396384 157447
-1.525951 3.783906 -4.951036 -4.386381 3.628909 = -2.13874054 @ 399157 158312
-1.525951 3.783901 -4.951024 -4.386381 3.628912 = -2.13896127 @ 368032 147991
-1.525961 3.783907 -4.951079 -4.386377 3.628909 = -2.13918959 @ 383537 153301
-1.525937 3.783882 -4.951034 -4.386378 3.628867 = -2.14046347 @ 383415 153261
-1.525947 3.783907 -4.951080 -4.386377 3.628929 = -2.14146172 @ 373929 149959
-1.525955 3.783947 -4.951388 -4.386324 3.629287 = -2.14281138 @ 372236 149405
-1.525937 3.783824 -4.951073 -4.386344 3.628627 = -2.14374437 @ 390903 155746
-1.525937 3.783824 -4.951073 -4.386344 3.628627 = -2.14379379 @ 377735 151264
-1.525937 3.783824 -4.951073 -4.386344 3.628627 = -2.14385123 @ 388439 154909
-1.525955 3.783922 -4.951388 -4.386324 3.629287 = -2.14518662 @ 399017 158266
-1.525937 3.783781 -4.951425 -4.386467 3.629795 = -2.14609348 @ 394195 156755
-0.499728 -4.115851 -4.880920 -1.010240 -3.045083 = -2.15666496 @ 399469 158412
-0.499691 -4.115851 -4.880754 -1.010240 -3.045731 = -2.16024847 @ 398312 158052
-0.499691 -4.115851 -4.880754 -1.010240 -3.045731 = -2.16025510 @ 399789 158507
-0.499728 -4.115851 -4.881828 -1.010572 -3.045179 = -2.17594140 @ 397989 157958
-0.499696 -4.115851 -4.880754 -0.962994 -3.046055 = -2.46945943 @ 397835 157911
-0.499696 -4.115851 -4.880754 -0.962994 -3.046055 = -2.46947034 @ 399702 158480
-0.559309 -4.015337 -4.880929 -1.010298 -2.958172 = -2.50318028 @ 399035 158274
-0.452404 -4.012552 -4.880437 -1.010241 -3.141994 = -2.52910000 @ 399213 158330
-0.452404 -4.012552 -4.880437 -1.010241 -3.141994 = -2.52910232 @ 399959 158559
-0.452404 -4.012575 -4.880437 -1.010241 -3.141994 = -2.53054061 @ 398314 158052
-0.559309 -4.015337 -4.865391 -1.010925 -2.958172 = -2.62588223 @ 399890 158537
-0.559309 -4.015337 -4.865391 -1.010925 -2.958172 = -2.62589097 @ 399951 158557
-0.559309 -4.015337 -4.865392 -1.010926 -2.958172 = -2.62612471 @ 399880 158534
-0.559309 -4.015337 -4.865392 -1.010925 -2.958172 = -2.62615473 @ 399847 158525
-0.511762 -4.012479 -4.880692 -1.010257 -3.156909 = -2.67003823 @ 398977 158253
-0.450510 -4.012431 -4.880381 -1.010240 -3.151036 = -3.01879187 @ 399170 158317
-0.450510 -4.012431 -4.880381 -1.010240 -3.151036 = -3.01880728 @ 399591 158448
-0.450510 -4.012431 -4.880381 -1.010240 -3.151067 = -3.02070278 @ 398934 158240
-0.450510 -4.012160 -4.882855 -1.010240 -3.151036 = -3.02710760 @ 399943 158554
-0.450510 -4.012160 -4.882855 -1.010240 -3.151036 = -3.02711393 @ 399930 158550
-0.499852 -4.012575 -4.753688 -1.010257 -3.045732 = -3.47543176 @ 399894 158539
-0.499720 -4.148075 -4.880889 -1.010266 -3.054775 = -3.80974454 @ 398903 158230
-0.499640 -4.115851 -4.880920 -1.097371 -3.045733 = -3.95810757 @ 399303 158363
-1.544051 3.544228 -4.999354 -4.416408 3.664656 = -3.97758055 @ 399016 158266
-1.544043 3.544228 -4.999354 -4.416408 3.664656 = -3.97772270 @ 396513 157491
-1.544043 3.544228 -4.999354 -4.416407 3.664656 = -3.97775445 @ 355545 143491
-1.544067 3.544228 -4.999354 -4.416407 3.664656 = -3.97775577 @ 394598 156893
-1.544043 3.544228 -4.999354 -4.416407 3.664656 = -3.97775623 @ 399776 158503
-1.544051 3.544233 -4.999354 -4.416408 3.664656 = -3.97803338 @ 399340 158374
-1.544043 3.544228 -4.999354 -4.416409 3.664656 = -3.97803999 @ 399704 158481
-1.544043 3.544228 -4.999354 -4.416406 3.664656 = -3.97814749 @ 399796 158509
-1.544043 3.544228 -4.999354 -4.416410 3.664656 = -3.97816287 @ 399107 158296
-1.544043 3.544228 -4.999354 -4.416407 3.664631 = -3.97993033 @ 397408 157765
-1.544043 3.544228 -4.999354 -4.416407 3.664631 = -3.97993314 @ 392188 156142
-1.544051 3.544228 -4.999354 -4.416395 3.664656 = -3.98095160 @ 399701 158480
-1.542518 3.544228 -4.999354 -4.416406 3.664586 = -4.00400845 @ 399757 158497
-1.542518 3.544228 -4.999354 -4.416407 3.664586 = -4.00421204 @ 398823 158204
-1.542518 3.544228 -4.999354 -4.416407 3.664586 = -4.00421211 @ 394926 157001
-1.545009 3.544228 -4.999354 -4.416407 3.664631 = -4.00925986 @ 394815 156960
-1.544043 3.544228 -4.999354 -4.414805 3.664656 = -4.08861478 @ 394552 156879
-0.499723 -4.013651 -4.880895 -1.143771 -3.045388 = -4.13264684 @ 399981 158566
-1.511044 3.783824 -4.951073 -4.386344 3.628627 = -4.78177094 @ 399883 158535
-1.511044 3.783824 -4.951073 -4.386344 3.628627 = -4.78177094 @ 399928 158549
-0.499675 -4.163822 -4.881438 -1.010237 -3.063107 = -4.78352411 @ 399979 158565
-0.499667 -4.166426 -4.881172 -1.010278 -3.045733 = -4.87110812 @ 399217 158331
-0.499667 -4.166426 -4.881172 -1.010278 -3.045733 = -4.87110812 @ 399351 158378
-0.499640 -4.166426 -4.881172 -1.010278 -3.045733 = -4.87337154 @ 399245 158341
-1.511045 3.580790 -4.958082 -4.090728 3.533733 = -6.14746597 @ 397927 157940
-1.511044 3.580792 -4.958087 -4.090723 3.533733 = -6.14778395 @ 399870 158531
-1.511045 3.580790 -4.958082 -4.090728 3.533733 = -6.14779841 @ 399906 158543
-1.511044 3.580792 -4.958087 -4.090723 3.533733 = -6.14783592 @ 391771 156014
-1.511044 3.580792 -4.958082 -4.090724 3.533734 = -6.14856309 @ 399700 158480
-1.511045 3.580790 -4.958082 -4.090730 3.533733 = -6.14857480 @ 397759 157887
-1.511044 3.580792 -4.958082 -4.090723 3.533734 = -6.14924601 @ 389684 155366
-1.511044 3.580792 -4.958082 -4.090723 3.533734 = -6.14924601 @ 399746 158494
-1.511044 3.580792 -4.958082 -4.090723 3.533734 = -6.14926916 @ 392368 156201
-1.511044 3.580792 -4.958082 -4.090723 3.533734 = -6.14931231 @ 397655 157847
-1.511044 3.580792 -4.958082 -4.090723 3.533734 = -6.14931284 @ 393257 156475
-1.511044 3.580792 -4.958082 -4.090723 3.533734 = -6.14931291 @ 388444 154911
-1.511045 3.580790 -4.958082 -4.090723 3.533733 = -6.14937991 @ 392619 156274
-1.511045 3.580790 -4.958082 -4.090723 3.533733 = -6.14943861 @ 390261 155547
-1.511045 3.580790 -4.958082 -4.090723 3.533733 = -6.14946916 @ 389526 155315
-1.511044 3.580792 -4.958082 -4.090723 3.533734 = -6.14947508 @ 399400 158392
-1.511044 3.580790 -4.958082 -4.090723 3.533733 = -6.14968017 @ 391956 156067
-1.511045 3.580790 -4.958101 -4.090723 3.533733 = -6.15316701 @ 393551 156562
-1.511041 3.580783 -4.958082 -4.090723 3.533744 = -6.15332399 @ 383366 153245
-1.511041 3.580783 -4.958082 -4.090723 3.533744 = -6.15337594 @ 390869 155736
-1.511061 3.580792 -4.958082 -4.090723 3.533734 = -6.15367274 @ 399481 158416
-1.511084 3.580790 -4.958077 -4.090730 3.533733 = -6.15695762 @ 399081 158287
-1.511084 3.580790 -4.958082 -4.090730 3.533733 = -6.15837797 @ 399011 158264
-1.511044 3.580838 -4.958082 -4.090723 3.533734 = -6.17451742 @ 397498 157798
-1.511044 3.581388 -4.958082 -4.090723 3.533597 = -6.25475555 @ 394865 156981
-1.511044 3.581388 -4.958082 -4.090723 3.533597 = -6.25475683 @ 394724 156932
-0.331124 -4.012573 -4.880921 -1.010417 -3.048124 = -6.34301870 @ 399813 158514
-0.331124 -4.012575 -4.880891 -1.010417 -3.048120 = -6.34346202 @ 399808 158513
-0.331124 -4.012577 -4.880921 -1.010417 -3.048124 = -6.34360217 @ 399473 158414
-0.331124 -4.012575 -4.880921 -1.010417 -3.048124 = -6.34376093 @ 399320 158368
-0.331219 -4.012575 -4.880889 -1.010240 -3.045738 = -6.35693373 @ 399659 158468
-0.499686 -4.114975 -4.880780 -0.850918 -3.046404 = -6.79781234 @ 399981 158566
-0.450510 -4.139370 -4.950202 -0.977984 -3.151036 = -6.96059207 @ 399491 158419
-0.331219 -4.012900 -4.880920 -1.084951 -3.048124 = -7.18242249 @ 399780 158504
-0.331219 -4.012900 -4.880921 -1.084951 -3.048124 = -7.18293478 @ 399919 158547
-0.499654 -4.203482 -4.886198 -1.004752 -3.044761 = -7.66552958 @ 398950 158245
-0.331219 -3.991194 -4.839048 -1.084951 -3.047887 = -7.68639577 @ 397832 157910
-0.499809 -4.012574 -4.881200 -0.817860 -3.045732 = -7.79912519 @ 399851 158526
-0.499809 -4.012574 -4.881200 -0.817860 -3.045732 = -7.79912907 @ 397745 157883
-0.331219 -3.933989 -4.882975 -1.084951 -3.048124 = -8.49258625 @ 399564 158440
-1.517286 3.644659 -4.900486 -4.629904 3.763229 = -8.78058471 @ 398944 158243
-1.517286 3.644659 -4.900471 -4.629948 3.763246 = -8.78088356 @ 397678 157859
-1.517286 3.644687 -4.900486 -4.629948 3.763229 = -8.78155463 @ 397674 157858
-1.517286 3.644687 -4.900486 -4.629948 3.763229 = -8.78155475 @ 396447 157466
-1.517286 3.644659 -4.900486 -4.629948 3.763229 = -8.78192827 @ 394273 156785
-1.517286 3.644659 -4.900471 -4.629946 3.763229 = -8.78193805 @ 390757 155702
-1.517286 3.644659 -4.900471 -4.629948 3.763229 = -8.78267749 @ 371231 149066
-1.517286 3.644659 -4.900471 -4.629948 3.763229 = -8.78273329 @ 390185 155524
-1.517285 3.644659 -4.900472 -4.629948 3.763228 = -8.78311461 @ 384858 153741
-1.517421 3.644659 -4.900486 -4.629591 3.763229 = -8.80958837 @ 397904 157933
-1.517421 3.644659 -4.900486 -4.629948 3.763229 = -8.80990520 @ 394698 156924
-1.517286 3.644659 -4.900471 -4.630049 3.763229 = -8.82470023 @ 392981 156388
-1.517286 3.644659 -4.900471 -4.630050 3.763229 = -8.82555091 @ 399500 158421
-1.516787 3.644659 -4.900471 -4.630270 3.763542 = -8.92241273 @ 394834 156966
-1.315254 3.617775 -4.893608 -4.397738 3.397525 = -9.15326582 @ 396986 157639
-1.315252 3.617779 -4.893608 -4.397738 3.397526 = -9.15410828 @ 392662 156287
-1.315252 3.617779 -4.893608 -4.397738 3.397526 = -9.15411720 @ 398937 158241
-1.315252 3.617785 -4.893585 -4.397738 3.397517 = -9.15834423 @ 399689 158476
-1.315252 3.617779 -4.893585 -4.397738 3.397526 = -9.16089944 @ 399816 158515
-1.315252 3.617779 -4.893585 -4.397738 3.397526 = -9.16122519 @ 398722 158173
-1.315252 3.617785 -4.893585 -4.397738 3.397526 = -9.16525758 @ 399285 158353
-1.315254 3.617780 -4.893608 -4.394899 3.397525 = -9.47984150 @ 397552 157814
-0.704220 -4.012138 -4.880794 -1.010267 -3.045735 = -9.64317546 @ 399740 158492
-0.704220 -4.012138 -4.880794 -1.010267 -3.045731 = -9.64325098 @ 399810 158513
-0.704220 -4.012138 -4.880794 -1.010267 -3.045731 = -9.64326068 @ 398435 158088
-0.704220 -4.012138 -4.880794 -1.010267 -3.045731 = -9.64326069 @ 397504 157800
-0.704220 -4.012138 -4.880794 -1.010266 -3.045731 = -9.64366315 @ 399903 158542
-0.704220 -4.011784 -4.880794 -1.010267 -3.045731 = -9.66765595 @ 397615 157835
-0.704256 -4.012431 -4.880381 -1.014047 -3.068494 = -9.83982778 @ 399930 158550
-0.704220 -4.012138 -4.914149 -1.009216 -3.045731 = -9.86856292 @ 399735 158490
-0.499434 -3.807503 -4.881172 -1.010548 -3.045882 = -9.91115199 @ 399677 158473
-0.704256 -4.012160 -4.882855 -1.014047 -3.068494 = -9.91137600 @ 399763 158499
-1.756956 3.657480 -4.890161 -4.226281 3.905026 = -10.21509624 @ 393655 156596
-1.756956 3.657480 -4.890161 -4.226281 3.905026 = -10.21509758 @ 392162 156134
-1.756956 3.657480 -4.890159 -4.226281 3.905027 = -10.21519272 @ 389061 155136
-1.756956 3.657480 -4.890159 -4.226281 3.905027 = -10.21521702 @ 399270 158348
-1.756956 3.657480 -4.890159 -4.226281 3.905027 = -10.21521702 @ 389947 155445
-1.756956 3.657480 -4.890159 -4.226281 3.905027 = -10.21526284 @ 393234 156463
-1.756956 3.657480 -4.890159 -4.226281 3.905027 = -10.21537620 @ 399690 158477
-1.756956 3.657476 -4.890159 -4.226281 3.905026 = -10.21542647 @ 396066 157349
-1.756956 3.657476 -4.890159 -4.226281 3.905026 = -10.21543092 @ 397801 157900
-1.756956 3.657476 -4.890159 -4.226281 3.905026 = -10.21544293 @ 380986 152398
-1.756956 3.657476 -4.890159 -4.226281 3.905026 = -10.21550397 @ 389902 155432
-1.756956 3.657480 -4.890159 -4.226281 3.905027 = -10.21553198 @ 377409 151153
-1.756956 3.657476 -4.890159 -4.226281 3.905027 = -10.21554648 @ 387805 154699
-1.756956 3.657476 -4.890159 -4.226281 3.905026 = -10.21557444 @ 399902 158542
-1.756956 3.657480 -4.890159 -4.226280 3.905027 = -10.21570914 @ 388466 154919
-1.756956 3.657480 -4.890159 -4.226281 3.905026 = -10.21601930 @ 398647 158151
-1.756960 3.657480 -4.890158 -4.226281 3.905027 = -10.21602209 @ 399768 158500
-1.756956 3.657480 -4.890159 -4.226279 3.905026 = -10.21618061 @ 375754 150573
-1.756975 3.657475 -4.890159 -4.226280 3.905026 = -10.21707847 @ 385015 153798
-1.756975 3.657475 -4.890159 -4.226279 3.905026 = -10.21729037 @ 388578 154957
-1.756975 3.657475 -4.890159 -4.226279 3.905026 = -10.21732994 @ 382710 153034
-1.756960 3.657480 -4.890159 -4.226281 3.905027 = -10.21803223 @ 399732 158489
-1.756956 3.657480 -4.890159 -4.226281 3.905057 = -10.23374210 @ 396510 157490
-1.756975 3.657475 -4.890159 -4.226279 3.904931 = -10.23616362 @ 398989 158257
-1.756956 3.657618 -4.890159 -4.226281 3.905027 = -10.27034991 @ 395216 157092
-1.756975 3.657475 -4.890159 -4.226279 3.905290 = -10.31295312 @ 394410 156828
-1.756703 3.657475 -4.890160 -4.226279 3.905290 = -10.33866147 @ 399046 158277
-1.756703 3.657475 -4.890159 -4.226279 3.905290 = -10.33907121 @ 397885 157927
-1.756956 3.657618 -4.890159 -4.226281 3.903634 = -10.41302057 @ 397589 157827
-1.718356 3.631385 -4.705307 -4.523748 3.600686 = -10.44195173 @ 398958 158248
-1.718011 3.629214 -4.705156 -4.523755 3.601103 = -10.51857948 @ 398873 158221
-1.718011 3.629214 -4.705149 -4.523755 3.600686 = -10.53446592 @ 399875 158533
-1.718011 3.629214 -4.705149 -4.523755 3.600686 = -10.53461271 @ 399779 158504
-0.504497 -4.012575 -4.880041 -0.788454 -3.045703 = -10.75159130 @ 399289 158354
-1.756956 3.657476 -4.887906 -4.226281 3.905026 = -10.78168163 @ 394547 156877
-0.499720 -4.012576 -4.880925 -0.788450 -3.045731 = -10.79667007 @ 399367 158383
-0.450510 -4.012431 -4.880925 -0.788450 -3.151036 = -13.88180569 @ 399892 158538
-1.515868 4.087732 -4.918453 -4.526507 3.543376 = -14.90436012 @ 399305 158364
-1.515868 4.087732 -4.918453 -4.526507 3.543376 = -14.90436012 @ 399434 158402
-1.515868 4.087732 -4.918453 -4.526507 3.543376 = -14.90436012 @ 399636 158461
-1.515868 4.087732 -4.918454 -4.526537 3.543372 = -14.92854476 @ 394515 156861
-1.515868 4.087732 -4.918454 -4.526541 3.543555 = -14.96498757 @ 399958 158559
-1.515868 4.087732 -4.918454 -4.526541 3.543555 = -14.96542510 @ 398967 158250
