-1.425128 5.482864 -0.800321 = 2709.09350557 @ 399139 76408
-1.425128 5.482864 -0.800321 = 2709.09350557 @ 393099 74980
-7.083506 4.858057 -0.800321 = 2709.09350557 @ 393899 75159
-7.083506 4.858057 -0.800321 = 2709.09350557 @ 394173 75217
-7.083506 4.858057 -0.800321 = 2709.09350557 @ 399621 76527
-0.800321 4.858057 -0.800321 = 2709.09350557 @ 395347 75491
-1.425128 5.482864 5.482864 = 2709.09350557 @ 397864 76105
5.482864 4.858057 5.482864 = 2709.09350557 @ 399063 76388
-0.800321 4.858057 5.482864 = 2709.09350557 @ 398884 76346
5.482864 4.858057 -0.800321 = 2709.09350557 @ 396339 75739
5.482864 4.858057 -0.800321 = 2709.09350557 @ 398392 76251
-7.083506 -7.083506 -1.425128 = 2709.09350557 @ 398859 76341
-7.083506 5.482864 4.858057 = 2709.09350557 @ 399234 76433
-7.083506 5.482864 4.858057 = 2709.09350557 @ 399206 76425
-7.083506 -0.800321 -1.425128 = 2709.09350557 @ 398086 76148
-7.083506 -0.800321 -1.425128 = 2709.09350557 @ 398885 76347
-0.800321 4.858057 5.482864 = 2709.09350557 @ 396013 75663
-1.425128 5.482864 -0.800321 = 2709.09350557 @ 399964 76604
5.482864 -7.083506 -7.708314 = 2709.09350557 @ 398739 76316
-0.800321 -7.708314 5.482864 = 2709.09350557 @ 398048 76139
-7.083506 -7.083506 -1.425128 = 2709.09350557 @ 390455 74341
-0.800321 5.482864 4.858057 = 2709.09350557 @ 398643 76297
-0.800321 4.858057 -0.800321 = 2709.09350557 @ 399043 76382
-0.800321 4.858057 -0.800321 = 2709.09350557 @ 392868 74937
-7.083506 4.858057 5.482864 = 2709.09350557 @ 399458 76491
-0.800321 -7.083506 -7.708314 = 2709.09350557 @ 394707 75331
-0.800321 -7.083506 -7.708314 = 2709.09350557 @ 399593 76519
-7.083506 -7.708314 -0.800321 = 2709.09350557 @ 396857 75858
4.858057 5.482864 5.482864 = 2709.09350557 @ 396123 75693
-0.800321 4.858057 5.482864 = 2709.09350557 @ 399918 76594
5.482864 5.482864 4.858057 = 2709.09350557 @ 398016 76133
-1.425128 5.482864 -7.083506 = 2709.09350557 @ 395528 75533
-0.800321 -7.083506 -1.425128 = 2709.09350557 @ 393080 74976
5.482864 -7.708314 5.482864 = 2709.09350557 @ 398724 76314
5.482864 -7.708314 5.482864 = 2709.09350557 @ 397097 75913
5.482864 -7.708314 5.482864 = 2709.09350557 @ 395560 75540
-7.083506 -7.708314 5.482864 = 2709.09350557 @ 398769 76322
-0.800321 -7.708314 5.482864 = 2709.09350557 @ 399559 76512
-0.800321 -7.708314 -0.800321 = 2709.09350557 @ 398696 76308
-0.800321 -7.708314 -0.800321 = 2709.09350557 @ 399364 76468
-0.800321 -7.708314 5.482864 = 2709.09350557 @ 399265 76440
-7.083506 5.482864 -1.425128 = 2709.09350557 @ 397148 75925
-7.083506 -1.425128 5.482864 = 2709.09350557 @ 399877 76583
-7.083506 5.482864 4.858057 = 2709.09350557 @ 394847 75374
-7.083506 5.482864 -7.708314 = 2709.09350557 @ 395744 75597
5.482864 5.482864 -7.708314 = 2709.09350557 @ 395082 75435
5.482864 5.482864 -7.708314 = 2709.09350557 @ 395530 75534
-7.083506 -7.708314 -0.800321 = 2709.09350557 @ 394556 75293
-7.083506 -7.708314 -0.800321 = 2709.09350557 @ 399655 76534
5.482864 -7.708314 -7.083506 = 2709.09350557 @ 399503 76500
-0.800321 5.482864 4.858057 = 2709.09350557 @ 397551 76026
-0.800321 5.482864 4.858057 = 2709.09350557 @ 399212 76426
-7.083506 4.858057 -7.083506 = 2709.09350557 @ 399422 76483
-7.083506 4.858057 -7.083506 = 2709.09350557 @ 393096 74979
-7.083506 4.858057 5.482864 = 2709.09350557 @ 399285 76446
-7.083506 5.482864 -7.708314 = 2709.09350557 @ 394262 75230
-7.083506 4.858057 5.482864 = 2709.09350557 @ 391480 74579
4.858057 5.482864 -7.083506 = 2709.09350557 @ 397313 75961
4.858057 5.482864 -7.083506 = 2709.09350557 @ 397351 75969
-0.800321 5.482864 -7.708314 = 2709.09350557 @ 395403 75506
-0.800321 5.482864 -7.708314 = 2709.09350557 @ 399254 76437
-0.800321 5.482864 -7.708314 = 2709.09350557 @ 396184 75706
5.482864 -7.708314 -7.083506 = 2709.09350557 @ 399217 76427
5.482864 -7.708314 -7.083506 = 2709.09350557 @ 399633 76529
5.482864 5.482864 -1.425129 = 2709.09350557 @ 399258 76438
-0.800321 -7.083506 4.858057 = 2709.09350557 @ 397173 75931
-0.800321 -7.708314 -7.083506 = 2709.09350557 @ 396761 75835
-7.083506 -1.425128 5.482864 = 2709.09350557 @ 395638 75558
-7.083506 -1.425128 5.482864 = 2709.09350557 @ 399298 76450
-7.083506 4.858057 -7.083506 = 2709.09350557 @ 392133 74748
-7.083506 4.858057 -7.083506 = 2709.09350557 @ 399725 76545
5.482864 -1.425128 5.482864 = 2709.09350557 @ 397674 76059
5.482864 -0.800321 -7.708314 = 2709.09350557 @ 399703 76543
5.482864 -7.708314 -0.800321 = 2709.09350557 @ 392007 74715
5.482864 4.858057 5.482864 = 2709.09350557 @ 399245 76435
-0.800321 -1.425128 5.482864 = 2709.09350557 @ 397714 76069
-7.083506 5.482864 4.858057 = 2709.09350557 @ 394089 75199
-7.083506 -1.425128 -0.800321 = 2709.09350557 @ 399652 76533
5.482864 -1.425128 5.482864 = 2709.09350557 @ 398698 76309
5.482864 4.858057 -7.083506 = 2709.09350557 @ 399244 76435
5.482864 4.858057 -7.083506 = 2709.09350557 @ 399326 76457
-0.800321 4.858057 -7.083506 = 2709.09350557 @ 399521 76506
-7.083506 -1.425128 -0.800321 = 2709.09350557 @ 397900 76113
-0.800321 5.482864 -1.425129 = 2709.09350557 @ 394125 75206
-0.800321 5.482864 -1.425129 = 2709.09350557 @ 397766 76079
-0.800321 4.858057 -0.800321 = 2709.09350557 @ 399401 76477
-7.083506 -0.800321 4.858057 = 2709.09350557 @ 398366 76246
-7.083506 -0.800321 -7.708314 = 2709.09350557 @ 387431 73601
-7.083506 -0.800321 -7.708314 = 2709.09350557 @ 394144 75212
5.482864 -1.425128 -7.083506 = 2709.09350557 @ 399987 76610
-7.083506 5.482864 -7.708314 = 2709.09350557 @ 396837 75853
-7.083506 -7.708314 -7.083507 = 2709.09350557 @ 395382 75501
-7.083506 -7.708314 -7.083507 = 2709.09350557 @ 395477 75522
-0.800321 -0.800321 -7.708314 = 2709.09350557 @ 399701 76542
-0.800321 -1.425128 5.482864 = 2709.09350557 @ 397997 76129
5.482864 -7.708314 -0.800321 = 2709.09350557 @ 398945 76360
-0.800321 -1.425128 5.482864 = 2709.09350557 @ 399370 76469
-0.800321 -0.800321 -7.708314 = 2709.09350557 @ 399414 76481
5.482864 4.858057 -0.800321 = 2709.09350557 @ 399028 76378
5.482864 4.858057 -0.800321 = 2709.09350557 @ 393908 75161
5.482864 4.858057 -7.083506 = 2709.09350557 @ 392646 74888
-7.083506 -0.800321 -1.425128 = 2709.09350557 @ 392590 74876
5.482864 -1.425128 -0.800321 = 2709.09350557 @ 398491 76270
5.482864 -1.425128 -0.800321 = 2709.09350557 @ 398825 76334
-0.800321 5.482864 -7.708314 = 2709.09350557 @ 399960 76602
5.482864 -1.425128 -7.083506 = 2709.09350557 @ 398165 76194
5.482864 -1.425128 -7.083506 = 2709.09350557 @ 398936 76358
-0.800321 4.858057 -7.083506 = 2709.09350557 @ 398708 76311
-0.800321 4.858057 -7.083507 = 2709.09350557 @ 394801 75358
-0.800321 -7.708314 -0.800321 = 2709.09350557 @ 396469 75770
-1.425128 -0.800321 -7.083506 = 2709.09350557 @ 398834 76337
-1.425128 -0.800321 -7.083506 = 2709.09350557 @ 399507 76502
-7.083506 -7.083506 -7.708314 = 2709.09350557 @ 399914 76593
-1.425128 5.482864 -7.083507 = 2709.09350557 @ 393426 75052
-1.425128 5.482864 -7.083507 = 2709.09350557 @ 394076 75195
-1.425128 5.482864 -7.083507 = 2709.09350557 @ 398620 76292
-0.800321 -7.708314 -7.083507 = 2709.09350557 @ 398644 76298
-7.083506 -7.083506 -7.708314 = 2709.09350557 @ 398762 76320
-0.800321 -1.425128 -0.800321 = 2709.09350557 @ 399961 76603
-0.800321 -1.425128 -7.083506 = 2709.09350557 @ 398371 76247
-0.800321 -1.425128 -7.083506 = 2709.09350557 @ 399131 76405
-7.083506 -7.083506 -7.708314 = 2709.09350557 @ 398019 76134
-7.083506 -7.083506 -7.708314 = 2709.09350557 @ 399194 76423
5.482864 -1.425128 5.482864 = 2709.09350557 @ 399458 76490
5.482864 -1.425128 -7.083506 = 2709.09350557 @ 397118 75919
-7.083506 -0.800321 4.858057 = 2709.09350557 @ 396315 75734
-7.083506 -0.800321 4.858057 = 2709.09350557 @ 398985 76371
-0.800321 -7.083506 -7.708314 = 2709.09350557 @ 398648 76298
-7.083506 4.858057 -0.800321 = 2709.09350557 @ 399997 76611
-7.083506 4.858057 -0.800321 = 2709.09350557 @ 399024 76377
-7.083506 -1.425128 -7.083506 = 2709.09350557 @ 398016 76133
-7.083506 -1.425128 -7.083506 = 2709.09350557 @ 397967 76123
-0.800321 -0.800321 4.858057 = 2709.09350557 @ 390172 74276
-0.800321 -0.800321 4.858057 = 2709.09350557 @ 393332 75029
-0.800321 -0.800321 4.858057 = 2709.09350557 @ 399811 76566
-0.800321 -1.425128 -7.083506 = 2709.09350557 @ 394638 75315
-7.083506 -1.425128 -0.800321 = 2709.09350557 @ 392688 74897
-0.800321 -7.708314 -7.083507 = 2709.09350557 @ 396515 75779
-0.800321 -1.425128 -0.800321 = 2709.09350557 @ 398669 76303
-0.800321 -7.083506 -1.425129 = 2709.09350557 @ 398847 76339
-0.800321 -1.425128 -0.800321 = 2709.09350557 @ 396026 75668
4.858057 -7.083506 5.482864 = 2709.09350557 @ 397940 76119
4.858057 -7.083506 5.482864 = 2709.09350557 @ 399729 76545
5.482864 -0.800321 -7.708314 = 2709.09350557 @ 393811 75141
5.482864 -0.800321 -7.708314 = 2709.09350557 @ 394893 75388
4.858057 -7.083507 5.482864 = 2709.09350557 @ 397483 76005
4.858057 -7.083507 5.482864 = 2709.09350557 @ 395307 75485
-0.800321 -0.800321 -1.425129 = 2709.09350557 @ 399919 76595
-1.425128 5.482864 5.482864 = 2709.09350557 @ 395485 75525
-1.425128 5.482864 5.482864 = 2709.09350557 @ 399193 76422
5.482864 -0.800321 4.858057 = 2709.09350557 @ 397007 75893
5.482864 -0.800321 4.858057 = 2709.09350557 @ 398635 76296
-7.083506 -1.425128 -7.083507 = 2709.09350557 @ 394757 75346
5.482864 -1.425128 -0.800321 = 2709.09350557 @ 398816 76332
5.482864 -1.425128 -0.800321 = 2709.09350557 @ 395391 75503
4.858057 5.482864 -0.800321 = 2709.09350557 @ 395555 75539
4.858057 5.482864 -0.800321 = 2709.09350557 @ 396069 75680
4.858057 -7.083507 -0.800321 = 2709.09350557 @ 396603 75800
-7.083506 -7.708314 5.482864 = 2709.09350557 @ 394747 75343
-7.083506 -7.708314 5.482864 = 2709.09350557 @ 398990 76372
5.482864 -0.800321 -1.425129 = 2709.09350557 @ 399468 76492
5.482864 5.482864 4.858057 = 2709.09350557 @ 399177 76418
5.482864 -0.800321 -1.425128 = 2709.09350557 @ 399206 76426
4.858057 5.482864 -7.083506 = 2709.09350557 @ 394688 75328
-7.083506 -7.708314 5.482864 = 2709.09350557 @ 398801 76328
5.482864 4.858057 5.482864 = 2709.09350557 @ 394499 75281
5.482864 5.482864 -1.425128 = 2709.09350557 @ 397965 76123
-7.083506 -0.800321 -1.425129 = 2709.09350557 @ 398086 76149
4.858057 -7.083506 -7.083507 = 2709.09350557 @ 395779 75605
4.858057 -7.083506 -7.083507 = 2709.09350557 @ 399633 76529
4.858057 -7.083507 -7.083507 = 2709.09350557 @ 387949 73723
4.858057 -7.083507 -7.083507 = 2709.09350557 @ 397090 75910
-0.800321 -0.800321 -7.708314 = 2709.09350557 @ 399823 76569
-7.083506 5.482864 -1.425128 = 2709.09350557 @ 399986 76609
5.482864 -1.425128 5.482864 = 2709.09350557 @ 396392 75753
-7.083506 5.482864 -1.425128 = 2709.09350557 @ 395153 75452
-7.083506 4.858057 5.482864 = 2709.09350557 @ 393920 75163
5.482864 -0.800321 -7.708314 = 2709.09350557 @ 399381 76472
5.482864 5.482864 4.858057 = 2709.09350557 @ 394916 75394
-7.083506 -7.083507 4.858057 = 2709.09350557 @ 398765 76321
5.482864 -0.800321 4.858057 = 2709.09350557 @ 398385 76250
5.482864 -0.800321 4.858057 = 2709.09350557 @ 399257 76438
-7.083506 5.482864 -1.425128 = 2709.09350557 @ 392873 74938
-0.800321 -7.708314 5.482864 = 2709.09350557 @ 396265 75722
-0.800321 -0.800321 -1.425128 = 2709.09350557 @ 396669 75815
5.482864 -0.800321 -7.708314 = 2709.09350557 @ 395035 75424
-0.800321 -7.083506 4.858057 = 2709.09350557 @ 395464 75520
5.482864 5.482864 -1.425128 = 2709.09350557 @ 397083 75909
5.482864 -0.800321 4.858057 = 2709.09350557 @ 395129 75444
-1.425129 -7.083507 5.482864 = 2709.09350557 @ 397494 76009
5.482864 -0.800321 -1.425129 = 2709.09350557 @ 399353 76465
-1.425129 -7.083507 -0.800321 = 2709.09350557 @ 397743 76075
-1.425129 -7.083507 -0.800321 = 2709.09350557 @ 398452 76264
-7.083506 -0.800321 -1.425129 = 2709.09350557 @ 399611 76524
-7.083506 -7.083507 4.858057 = 2709.09350557 @ 391356 74547
-0.800321 -0.800321 -1.425129 = 2709.09350557 @ 399048 76383
-0.800321 -0.800321 -1.425129 = 2709.09350557 @ 397845 76098
-1.425129 -7.083507 -7.083506 = 2709.09350557 @ 398755 76319
4.858057 5.482864 5.482864 = 2709.09350557 @ 398429 76260
4.858057 5.482864 5.482864 = 2709.09350557 @ 399120 76403
5.482864 -7.083507 4.858057 = 2709.09350557 @ 397001 75891
5.482864 5.482864 -1.425129 = 2709.09350557 @ 399330 76458
-1.425129 -7.083507 -7.083507 = 2709.09350557 @ 396644 75809
-7.083506 5.482864 -7.708314 = 2709.09350557 @ 397349 75968
5.482864 -7.083507 4.858057 = 2709.09350557 @ 394488 75278
-7.083506 -0.800321 -7.708314 = 2709.09350557 @ 399551 76511
5.482864 -7.083507 -7.708314 = 2709.09350557 @ 388661 73897
5.482864 -7.083507 -7.708314 = 2709.09350557 @ 395145 75450
5.482864 -7.083507 -7.708314 = 2709.09350557 @ 396559 75789
-0.800321 -0.800321 -7.708314 = 2709.09350557 @ 399149 76410
5.482864 -7.708313 -0.800321 = 2709.09350557 @ 398329 76236
5.482864 -7.708313 -0.800321 = 2709.09350557 @ 396928 75876
5.482864 -7.708313 -0.800321 = 2709.09350557 @ 399223 76429
-7.083506 -0.800321 -7.708314 = 2709.09350557 @ 392753 74910
-0.800321 -0.800321 -7.708314 = 2709.09350557 @ 398199 76205
-0.800321 -0.800321 -7.708314 = 2709.09350557 @ 399114 76400
-0.800321 -0.800321 -1.425129 = 2709.09350557 @ 393512 75072
5.482864 -7.083507 4.858057 = 2709.09350557 @ 396542 75785
4.858057 -0.800321 -0.800321 = 2709.09350557 @ 397870 76107
4.858057 -0.800321 -0.800321 = 2709.09350557 @ 398270 76223
5.482864 -7.083506 -1.425128 = 2709.09350557 @ 398398 76252
-0.800321 -7.083507 -1.425128 = 2709.09350557 @ 399744 76548
-1.425129 -7.083507 5.482864 = 2709.09350557 @ 396417 75759
5.482864 -7.083506 -1.425129 = 2709.09350557 @ 397050 75901
5.482864 4.858057 -7.083507 = 2709.09350557 @ 393877 75156
4.858057 -0.800321 -0.800321 = 2709.09350557 @ 397426 75989
4.858057 -0.800321 -0.800321 = 2709.09350557 @ 399248 76436
4.858057 5.482864 -0.800321 = 2709.09350557 @ 393391 75044
4.858057 5.482864 -0.800321 = 2709.09350557 @ 399266 76441
-7.083506 -1.425128 -0.800321 = 2709.09350557 @ 396580 75794
4.858057 -0.800321 -7.083506 = 2709.09350557 @ 399222 76429
4.858057 -0.800321 -7.083506 = 2709.09350557 @ 395188 75459
5.482864 -7.083507 -1.425128 = 2709.09350557 @ 386784 73441
-7.083506 -7.708314 5.482864 = 2709.09350557 @ 396833 75851
-7.083506 -7.708314 5.482864 = 2709.09350557 @ 399271 76442
4.858057 -0.800321 5.482864 = 2709.09350557 @ 399135 76407
4.858057 -0.800321 5.482864 = 2709.09350557 @ 399306 76451
4.858057 -0.800321 5.482864 = 2709.09350557 @ 399630 76528
4.858057 -0.800321 -7.083507 = 2709.09350557 @ 392791 74919
-7.083506 4.858056 5.482864 = 2709.09350557 @ 398058 76141
-1.425129 -0.800321 5.482864 = 2709.09350557 @ 396974 75885
-1.425129 -0.800321 5.482864 = 2709.09350557 @ 399574 76517
-1.425128 -0.800321 5.482864 = 2709.09350557 @ 398424 76259
-7.083506 5.482864 -1.425128 = 2709.09350557 @ 394611 75308
4.858057 -7.083506 -0.800321 = 2709.09350557 @ 399225 76430
-0.800321 -7.083507 -1.425128 = 2709.09350557 @ 399574 76516
-7.083506 -7.708314 -0.800321 = 2709.09350557 @ 397110 75917
4.858057 5.482864 5.482864 = 2709.09350557 @ 398364 76245
-1.425129 -0.800321 -0.800321 = 2709.09350557 @ 397852 76101
-1.425129 -0.800321 -0.800321 = 2709.09350557 @ 398729 76315
5.482864 5.482864 -7.708314 = 2709.09350557 @ 393124 74986
-7.083506 -7.083506 4.858057 = 2709.09350557 @ 399770 76554
-0.800321 5.482864 -1.425128 = 2709.09350557 @ 392079 74734
-7.083506 -0.800321 -1.425128 = 2709.09350556 @ 398949 76361
-1.425128 -0.800321 -0.800321 = 2709.09350556 @ 397374 75976
-7.083506 -7.083506 -7.708314 = 2709.09350556 @ 392292 74795
4.858057 -7.083506 -0.800321 = 2709.09350556 @ 398470 76266
4.858057 -7.083506 -0.800321 = 2709.09350556 @ 395620 75555
-7.083506 -0.800321 -7.708314 = 2709.09350556 @ 399113 76400
5.482864 5.482864 4.858057 = 2709.09350556 @ 396865 75860
-0.800321 -7.708314 -7.083506 = 2709.09350556 @ 399993 76610
-7.083506 -1.425128 -7.083506 = 2709.09350556 @ 394667 75322
-7.083506 -1.425128 -7.083506 = 2709.09350556 @ 399422 76483
-0.800321 -1.425128 -7.083506 = 2709.09350556 @ 393982 75177
-7.083506 4.858057 -7.083507 = 2709.09350556 @ 393933 75167
-7.083506 -7.708314 -7.083506 = 2709.09350556 @ 399018 76377
-0.800321 -0.800321 4.858057 = 2709.09350556 @ 391875 74683
5.482864 -7.083506 -1.425128 = 2709.09350556 @ 392185 74764
-1.425129 5.482864 -7.083507 = 2709.09350556 @ 399915 76593
-1.425129 -0.800322 -7.083507 = 2709.09350556 @ 396234 75715
-0.800321 4.858056 -7.083506 = 2709.09350556 @ 393340 75031
-1.425128 5.482864 -0.800321 = 2709.09350556 @ 398285 76226
5.482864 4.858056 -7.083506 = 2709.09350556 @ 398748 76318
-0.800322 -1.425128 -0.800321 = 2709.09350556 @ 398425 76259
4.858057 -0.800321 5.482865 = 2709.09350556 @ 387480 73612
-1.425129 5.482864 -0.800320 = 2709.09350555 @ 391912 74691
-1.425128 -7.083507 -7.083506 = 2709.09350555 @ 394866 75380
-1.425128 -7.083507 -7.083506 = 2709.09350555 @ 399088 76393
5.482864 -7.708314 -7.083506 = 2709.09350555 @ 394115 75204
5.482864 -1.425128 -0.800320 = 2709.09350555 @ 392152 74754
-7.083506 -7.708313 -0.800321 = 2709.09350555 @ 399893 76588
-1.425129 -7.083507 5.482864 = 2709.09350555 @ 399243 76435
-0.800321 -7.708313 5.482864 = 2709.09350555 @ 398526 76276
4.858057 5.482864 -0.800320 = 2709.09350555 @ 399651 76533
5.482865 -1.425128 -7.083507 = 2709.09350555 @ 386927 73481
-1.425129 -7.083507 -0.800322 = 2709.09350555 @ 399196 76423
-1.425128 -7.083507 -0.800321 = 2709.09350555 @ 394948 75402
-0.800322 -1.425128 5.482864 = 2709.09350555 @ 393313 75026
-1.425129 5.482864 5.482864 = 2709.09350555 @ 393938 75168
5.482864 -7.083507 4.858056 = 2709.09350554 @ 397973 76124
-0.800321 -7.083507 4.858056 = 2709.09350554 @ 397771 76081
-0.800321 -7.083507 4.858056 = 2709.09350554 @ 397817 76091
-0.800321 -7.083507 4.858056 = 2709.09350554 @ 399768 76553
5.482864 -7.083507 4.858056 = 2709.09350554 @ 399032 76379
4.858056 -0.800321 -0.800322 = 2709.09350554 @ 383017 72507
-0.800322 4.858057 -0.800321 = 2709.09350554 @ 395194 75461
-7.083506 -7.708314 -7.083505 = 2709.09350554 @ 393462 75060
4.858057 5.482864 -7.083505 = 2709.09350554 @ 396210 75712
4.858057 5.482864 -7.083505 = 2709.09350554 @ 399440 76486
-0.800321 -0.800321 4.858056 = 2709.09350554 @ 395807 75611
-0.800321 -0.800321 4.858056 = 2709.09350554 @ 395264 75477
-0.800321 -7.083507 4.858057 = 2709.09350554 @ 396363 75744
5.482864 5.482864 -7.708315 = 2709.09350553 @ 399389 76474
-0.800321 5.482864 -7.708315 = 2709.09350553 @ 396386 75750
5.482864 5.482864 -7.708315 = 2709.09350553 @ 393661 75105
-0.800322 -1.425128 5.482865 = 2709.09350553 @ 391834 74671
5.482864 -0.800321 4.858056 = 2709.09350553 @ 398858 76341
5.482864 5.482864 4.858056 = 2709.09350553 @ 393490 75067
-1.425130 5.482864 -0.800321 = 2709.09350553 @ 398633 76295
-1.425129 -0.800322 5.482865 = 2709.09350553 @ 395336 75490
-1.425129 -0.800322 5.482865 = 2709.09350553 @ 399735 76546
-7.083506 -1.425130 -0.800322 = 2709.09350552 @ 399006 76375
-7.083506 -1.425130 -0.800322 = 2709.09350552 @ 393056 74971
-0.800321 -1.425130 -0.800322 = 2709.09350552 @ 399866 76580
-7.083506 -7.083505 -1.425128 = 2709.09350552 @ 399965 76604
-1.425129 -0.800322 -0.800322 = 2709.09350551 @ 396414 75759
5.482864 -0.800321 -1.425130 = 2709.09350550 @ 395041 75425
-7.083506 -1.425130 5.482864 = 2709.09350550 @ 398799 76327
-7.083506 4.858057 5.482866 = 2709.09350550 @ 387642 73654
5.482864 -1.425130 -0.800321 = 2709.09350550 @ 392255 74784
5.482864 -1.425130 -0.800321 = 2709.09350550 @ 398278 76224
-0.800321 -7.708314 -7.083508 = 2709.09350549 @ 396433 75762
-0.800321 4.858057 -7.083508 = 2709.09350549 @ 393407 75049
-1.425130 -7.083506 -7.083505 = 2709.09350549 @ 395707 75576
-1.425129 -0.800322 -0.800322 = 2709.09350549 @ 398626 76293
-7.083506 -7.708314 -7.083508 = 2709.09350547 @ 397135 75923
4.858059 -0.800321 -7.083506 = 2709.09350547 @ 394792 75355
-0.800321 -7.708313 -0.800323 = 2709.09350546 @ 394042 75189
-7.083506 -0.800323 4.858058 = 2709.09350546 @ 399516 76503
5.482864 -7.083508 -7.708314 = 2709.09350545 @ 399908 76591
-7.083507 -7.083508 -7.708314 = 2709.09350545 @ 394931 75399
-0.800323 -7.708315 -0.800321 = 2709.09350545 @ 394925 75397
5.482864 4.858057 5.482866 = 2709.09350545 @ 397702 76065
5.482864 -7.708314 5.482866 = 2709.09350544 @ 394895 75388
-1.425130 -7.083505 -0.800321 = 2709.09350544 @ 398922 76355
-1.425129 -7.083508 5.482864 = 2709.09350544 @ 393534 75077
-7.083506 4.858056 -7.083504 = 2709.09350543 @ 392104 74741
-7.083506 -7.083507 -1.425130 = 2709.09350542 @ 396151 75700
-7.083506 -7.083507 -1.425130 = 2709.09350542 @ 396769 75836
-7.083506 -7.083507 -1.425130 = 2709.09350542 @ 399516 76504
-7.083506 4.858059 -0.800321 = 2709.09350541 @ 399578 76517
5.482864 -1.425130 -7.083503 = 2709.09350524 @ 390218 74287
-0.800318 -1.425128 -7.083508 = 2709.09350523 @ 396188 75707
5.482864 -7.708314 5.482861 = 2709.09350522 @ 386583 73390
4.858054 5.482863 -7.083506 = 2709.09350521 @ 396698 75821
4.858054 -0.800322 -7.083507 = 2709.09350519 @ 399901 76590
5.482867 4.858055 -7.083507 = 2709.09350519 @ 388373 73828
5.482867 5.482864 -1.425130 = 2709.09350518 @ 389889 74209
-7.083510 5.482864 -7.708314 = 2709.09350514 @ 394778 75351
-7.083510 5.482864 -7.708315 = 2709.09350513 @ 391976 74707
5.482864 5.482864 -1.425125 = 2709.09350509 @ 399058 76387
5.482868 -1.425128 5.482864 = 2709.09350506 @ 394307 75239
-1.425128 -0.800317 -7.083506 = 2709.09350505 @ 390154 74272
-0.800321 -7.083511 -1.425129 = 2709.09350503 @ 398167 76194
-7.083506 -0.800317 -7.708314 = 2709.09350502 @ 379218 71536
4.858061 -7.083505 -7.083507 = 2709.09350501 @ 394857 75377
-1.425129 -7.083511 5.482866 = 2709.09350492 @ 393627 75096
-0.800325 -0.800321 -1.425130 = 2709.09350491 @ 395177 75456
-1.425129 -7.083511 -7.083507 = 2709.09350484 @ 399856 76578
5.482864 4.858057 5.482859 = 2709.09350476 @ 392862 74936
-7.083506 -1.425130 5.482859 = 2709.09350469 @ 398532 76278
-0.800327 4.858057 -0.800321 = 2709.09350459 @ 397892 76111
5.482864 -7.083512 -1.425128 = 2709.09350457 @ 394020 75184
5.482864 -7.083512 -1.425128 = 2709.09350445 @ 399863 76579
-0.800321 -7.083512 -7.708314 = 2709.09350445 @ 398861 76342
-7.083507 -7.083512 4.858057 = 2709.09350445 @ 396954 75882
-0.800321 -7.083512 -1.425128 = 2709.09350443 @ 394818 75363
-7.083506 -7.083512 4.858056 = 2709.09350441 @ 395052 75427
-7.083506 5.482858 4.858057 = 2709.09350433 @ 399569 76514
-7.083506 5.482858 -7.708314 = 2709.09350433 @ 396877 75863
-7.083506 5.482870 -1.425128 = 2709.09350431 @ 399640 76530
4.858051 -0.800322 -7.083506 = 2709.09350428 @ 399972 76606
-7.083506 -7.708320 5.482864 = 2709.09350419 @ 399772 76554
-0.800321 5.482871 -1.425128 = 2709.09350409 @ 394555 75292
-7.708321 -0.800322 -7.083506 = 2709.09350390 @ 397599 76039
-7.708321 -0.800322 -7.083507 = 2709.09350390 @ 399887 76587
4.858061 5.482871 -0.800322 = 2709.09350334 @ 394899 75390
4.858057 -7.083508 5.482856 = 2709.09350318 @ 387290 73571
-0.800330 5.482864 -1.425128 = 2709.09350279 @ 394733 75339
-7.083506 5.482854 -1.425129 = 2709.09350191 @ 385721 73210
5.482868 -7.708324 -7.083508 = 2709.09350169 @ 391659 74627
-7.083506 -7.708302 -7.083506 = 2709.09350061 @ 397365 75974
-7.083506 -7.708302 -0.800321 = 2709.09350061 @ 396208 75712
-0.800321 5.482864 4.858045 = 2709.09350050 @ 398377 76248
-0.800321 5.482864 4.858045 = 2709.09350050 @ 399519 76504
-0.800321 5.482864 4.858071 = 2709.09349837 @ 399880 76584
-7.083506 4.858073 -0.800321 = 2709.09349702 @ 392801 74922
-0.800321 4.858040 5.482864 = 2709.09349616 @ 396625 75803
-7.083506 -0.800322 -1.425107 = 2709.09348982 @ 394681 75326
-1.425130 -0.800298 -7.083507 = 2709.09348804 @ 398538 76280
-7.708289 5.482864 -7.083506 = 2709.09348469 @ 398890 76348
-7.708289 -7.083506 -0.800321 = 2709.09348469 @ 399675 76538
-7.708289 5.482864 -7.083506 = 2709.09348469 @ 399813 76567
-7.708289 5.482864 -7.083506 = 2709.09348469 @ 398132 76182
-7.708289 5.482864 5.482864 = 2709.09348469 @ 391617 74618
-7.708289 5.482864 5.482864 = 2709.09348469 @ 393475 75063
-7.708289 5.482864 5.482864 = 2709.09348469 @ 397355 75970
-7.708289 -0.800321 5.482864 = 2709.09348469 @ 397343 75968
-7.708289 5.482864 -0.800321 = 2709.09348469 @ 398588 76288
-7.708289 -7.083506 -0.800321 = 2709.09348469 @ 397863 76105
-7.708289 5.482864 -0.800321 = 2709.09348465 @ 399508 76502
-7.708289 5.482864 -7.083507 = 2709.09348465 @ 395990 75658
-7.708289 -0.800321 -0.800321 = 2709.09348465 @ 399939 76597
-7.708289 -7.083507 5.482864 = 2709.09348465 @ 399213 76427
-7.708289 -7.083507 -7.083507 = 2709.09348465 @ 397234 75943
-7.708289 -0.800321 5.482864 = 2709.09348464 @ 397269 75950
-7.708289 -0.800321 -0.800321 = 2709.09348464 @ 399838 76573
-7.708289 -0.800321 -7.083507 = 2709.09348464 @ 398205 76206
-7.708289 -0.800321 -0.800321 = 2709.09348464 @ 398196 76204
-7.708289 -0.800321 -0.800321 = 2709.09348464 @ 394446 75266
-7.708289 -7.083507 5.482864 = 2709.09348463 @ 393858 75152
-7.708289 -7.083507 5.482864 = 2709.09348463 @ 399526 76507
-7.708289 5.482863 -7.083506 = 2709.09348461 @ 397353 75970
-7.708289 5.482863 -0.800321 = 2709.09348461 @ 399615 76525
-7.708289 -0.800322 5.482864 = 2709.09348461 @ 397313 75961
-7.708289 5.482864 -7.083508 = 2709.09348457 @ 391322 74542
-7.708289 -7.083507 -7.083508 = 2709.09348455 @ 398660 76302
-7.708289 5.482863 5.482866 = 2709.09348449 @ 397099 75913
-7.708289 5.482863 5.482866 = 2709.09348448 @ 398248 76218
-7.708289 -7.083507 -0.800324 = 2709.09348432 @ 397873 76107
-7.708289 -7.083507 -0.800324 = 2709.09348432 @ 399735 76546
-7.708289 -7.083504 -7.083507 = 2709.09348429 @ 395143 75449
5.482864 -0.800295 -1.425128 = 2709.09348419 @ 397196 75934
5.482864 -0.800295 -1.425129 = 2709.09348417 @ 387140 73535
-0.800321 -7.083537 -1.425128 = 2709.09347573 @ 394696 75329
-0.800321 5.482899 -7.708315 = 2709.09346654 @ 399654 76534
-0.800321 -7.708350 -7.083507 = 2709.09346013 @ 398418 76258
-7.708289 -0.800349 -7.083507 = 2709.09345987 @ 397507 76013
4.858050 -0.800273 -0.800321 = 2709.09343021 @ 399051 76384
4.858050 -0.800273 -0.800321 = 2709.09343021 @ 399599 76521
4.858050 -0.800273 -0.800321 = 2709.09343021 @ 398925 76356
-0.800321 4.858008 -0.800321 = 2709.09342430 @ 399094 76395
-7.083506 4.858008 -0.800321 = 2709.09342430 @ 395469 75521
-0.800321 4.858008 5.482864 = 2709.09342430 @ 396922 75874
-7.708288 -0.800273 -7.083507 = 2709.09341021 @ 394646 75317
-0.800321 5.482935 -1.425128 = 2709.09334669 @ 394608 75307
-7.083506 5.482848 4.857961 = 2709.09318710 @ 393747 75126
-0.800321 -7.708519 -0.800325 = 2709.09207824 @ 399963 76603
-7.083507 -7.083512 -7.708634 = 2709.09004582 @ 394444 75265
-7.707767 -7.083512 5.482864 = 2709.08338638 @ 397379 75977
-7.707767 -7.083512 5.482864 = 2709.08338638 @ 394859 75378
-7.707767 -7.083512 -7.083507 = 2709.08338637 @ 397711 76067
-7.707767 -7.083512 -7.083506 = 2709.08338635 @ 395473 75522
-7.707600 5.482864 5.482864 = 2709.07626848 @ 399111 76399
-7.707520 -0.800322 5.482864 = 2709.07220463 @ 392245 74781
-0.800321 -7.082607 -7.708314 = 2709.06758998 @ 393718 75120
-1.425129 5.482864 5.483929 = 2709.05718924 @ 392777 74916
-7.709574 -0.800322 5.482865 = 2709.03980700 @ 399905 76590
4.858059 5.482864 -7.085528 = 2708.96243801 @ 394131 75209
4.858059 5.482864 -7.085528 = 2708.96243801 @ 399931 76597
5.482864 -0.803061 -7.708316 = 2708.85277950 @ 392579 74874
5.482864 -7.708313 -0.803258 = 2708.81683104 @ 390250 74295
-7.708289 5.482863 -0.795549 = 2708.36390370 @ 391560 74602
-7.708289 5.482863 -0.795549 = 2708.36390370 @ 399406 76478
-7.713761 -0.800322 -0.800321 = 2708.09179102 @ 399820 76568
-7.713763 -0.800322 -0.800321 = 2708.09118113 @ 391391 74555
-0.812173 -1.425131 -7.083505 = 2704.58416674 @ 397562 76029
-7.720305 -0.800321 -7.083507 = 2704.25086992 @ 393966 75174
-7.083506 -1.425128 5.453035 = 2680.50601567 @ 390132 74265
5.482864 -7.743177 -0.800320 = 2668.54489851 @ 399600 76521
5.482864 -7.743177 -0.800320 = 2668.54489851 @ 399780 76557
5.482864 -7.743177 -0.800320 = 2668.54489851 @ 399446 76488
5.482864 -7.743177 -7.083191 = 2668.54174865 @ 397658 76055
4.858057 5.482864 5.444979 = 2662.98446870 @ 395870 75626
-0.800322 4.819641 5.482866 = 2659.94608234 @ 391827 74669
-0.800322 4.819641 5.482866 = 2659.94608234 @ 399534 76508
-7.708289 5.434859 -7.083507 = 2635.10905142 @ 399117 76402
-0.744967 5.482864 4.853126 = 2611.55197256 @ 398831 76336
-1.480484 5.482864 5.487783 = 2607.21374062 @ 398831 76337
5.482864 5.434859 -7.660596 = 2559.55285439 @ 398280 76225
-0.800321 -1.377124 -7.131225 = 2559.49407173 @ 399345 76463
5.482865 -1.377124 -7.131225 = 2559.49407172 @ 398280 76225
5.482865 -1.377124 -7.131225 = 2559.49407172 @ 398992 76373
-1.425129 5.482864 -0.868801 = 2558.94984382 @ 398852 76340
5.563874 5.482864 4.864356 = 2503.10964558 @ 399505 76501
-1.471991 -7.083507 -0.868801 = 2490.16206722 @ 399910 76592
-1.471992 -7.083507 -0.868801 = 2490.16147090 @ 397564 76030
-0.800326 -0.884199 -7.708314 = 2484.59786437 @ 399897 76588
-0.800326 -0.884200 -7.708314 = 2484.59281761 @ 397805 76088
-0.800326 -0.884200 -1.425128 = 2484.59281761 @ 399374 76470
4.858057 4.858057 4.858057 = 2132.18694657 @ 396916 75873
4.858057 4.858057 -7.708314 = 2132.18694657 @ 397275 75950
4.858057 4.858057 -1.425128 = 2132.18694657 @ 399973 76606
4.858057 4.858057 -1.425128 = 2132.18694657 @ 396114 75691
4.858057 4.858057 -1.425128 = 2132.18694657 @ 396347 75740
-1.425130 4.858057 -7.708314 = 2132.18694654 @ 394585 75301
-1.425130 4.858057 4.858057 = 2132.18694654 @ 395615 75554
4.858057 4.858057 4.858052 = 2132.18694599 @ 399229 76431
4.858057 -1.425128 4.858052 = 2132.18694599 @ 394781 75352
4.858057 -1.425128 4.858052 = 2132.18694599 @ 399452 76489
4.858057 -1.425128 4.858052 = 2132.18694599 @ 394789 75354
4.858057 -1.425128 4.858052 = 2132.18694599 @ 396903 75869
4.858057 -1.425128 4.858052 = 2132.18694599 @ 398046 76139
-7.708289 -7.708313 4.858052 = 2132.18692954 @ 398899 76348
-7.708288 -7.703049 -7.708314 = 2131.44823489 @ 395546 75537
-7.708288 -7.703049 -1.425129 = 2131.44823489 @ 397484 76006
-7.708288 -7.703049 -1.425129 = 2131.44823489 @ 399289 76447
-1.425128 -7.702889 -7.708314 = 2131.40250138 @ 397608 76042
-7.708289 -7.702851 -7.708314 = 2131.39137565 @ 396143 75697
4.858057 -7.702844 -7.708314 = 2131.38939896 @ 393798 75138
