-0.499613 -4.012492 -4.880648 -1.010160 -3.045324 1.762446 3.204797 -2.007944 -3.890644 -3.245193 = -0.00009233 @ 397321 278558
-0.499613 -4.012492 -4.880648 -1.010160 -3.045324 1.762446 3.204797 -2.007944 -3.890641 -3.245193 = -0.00009262 @ 397078 278420
-0.499613 -4.012492 -4.880648 -1.010160 -3.045324 1.762658 3.204797 -2.007930 -3.890708 -3.245193 = -0.00010990 @ 397657 278727
-0.499613 -4.012492 -4.880648 -1.010160 -3.045282 1.762715 3.204797 -2.007944 -3.890641 -3.245193 = -0.00013503 @ 398582 279215
-2.184629 1.687131 0.587925 2.757366 -2.858873 -0.038974 -4.492090 -2.645860 -2.390069 -1.099911 = -0.00013508 @ 398603 279226
-0.499613 -4.012492 -4.880648 -1.010160 -3.045282 1.762715 3.204797 -2.007944 -3.890639 -3.245193 = -0.00013520 @ 399757 279836
-2.184629 1.687131 0.587925 2.757366 -2.858873 -0.038974 -4.492096 -2.645860 -2.390069 -1.099971 = -0.00013609 @ 396752 278249
-2.184629 1.687131 0.587925 2.757366 -2.858873 -0.038974 -4.492096 -2.645860 -2.390069 -1.099980 = -0.00013666 @ 399474 279687
-2.184629 1.687131 0.587925 2.757366 -2.858873 -0.038974 -4.492090 -2.645860 -2.390069 -1.099971 = -0.00013698 @ 394380 276954
-2.184629 1.687131 0.587925 2.757366 -2.858873 -0.038974 -4.492090 -2.645860 -2.390069 -1.099971 = -0.00013698 @ 393538 276509
-0.499613 -4.012492 -4.880648 -1.010160 -3.045324 1.762780 3.204797 -2.007944 -3.890641 -3.245193 = -0.00013973 @ 399159 279519
-0.499615 -4.012492 -4.880657 -1.010160 -3.045324 1.762795 3.204797 -2.007944 -3.890641 -3.245193 = -0.00014214 @ 399825 279872
-0.499613 -4.012492 -4.880648 -1.010160 -3.045324 1.762795 3.204797 -2.007944 -3.890641 -3.245193 = -0.00014324 @ 397242 278516
-0.499741 -4.012219 -4.880674 -1.010160 -3.045324 1.762478 3.204982 -2.007456 -3.890641 -3.245193 = -0.00014996 @ 399507 279704
-0.499741 -4.012323 -4.880674 -1.010160 -3.045340 1.762756 3.204982 -2.007861 -3.890641 -3.245193 = -0.00015477 @ 398598 279224
-2.184630 1.687128 0.587925 2.757366 -2.858921 -0.038974 -4.492091 -2.645898 -2.390059 -1.099620 = -0.00015955 @ 397507 278652
-0.499741 -4.012323 -4.880674 -1.010160 -3.045340 1.762756 3.204982 -2.007933 -3.890641 -3.245193 = -0.00015989 @ 398526 279185
-0.499748 -4.012323 -4.880674 -1.010160 -3.045340 1.762756 3.204982 -2.007933 -3.890641 -3.245193 = -0.00016008 @ 399079 279475
-0.499748 -4.012323 -4.880674 -1.010160 -3.045340 1.762756 3.204982 -2.007933 -3.890641 -3.245193 = -0.00016017 @ 399911 279917
-0.499748 -4.012320 -4.880674 -1.010160 -3.045340 1.762756 3.204982 -2.007933 -3.890641 -3.245193 = -0.00016055 @ 399639 279774
-0.499741 -4.012323 -4.880674 -1.010231 -3.045322 1.762756 3.204982 -2.007933 -3.890641 -3.245193 = -0.00016114 @ 398264 279041
-2.184629 1.687131 0.587925 2.757366 -2.858880 -0.038974 -4.492090 -2.645860 -2.390069 -1.099638 = -0.00016364 @ 399158 279518
-2.184629 1.687131 0.587925 2.757366 -2.858875 -0.038974 -4.492090 -2.645860 -2.390069 -1.099638 = -0.00016436 @ 396734 278240
-0.499741 -4.012323 -4.880674 -1.010160 -3.045322 1.762756 3.204982 -2.007955 -3.890641 -3.245193 = -0.00016526 @ 399775 279845
-0.499613 -4.012492 -4.880648 -1.010160 -3.045324 1.762924 3.204797 -2.007944 -3.890687 -3.245193 = -0.00017242 @ 396986 278372
-2.184641 1.687086 0.587931 2.757366 -2.859363 -0.038989 -4.492086 -2.645785 -2.389755 -1.099951 = -0.00017368 @ 398995 279428
-2.185111 1.687113 0.587925 2.757366 -2.858621 -0.039000 -4.492090 -2.645790 -2.389755 -1.099967 = -0.00017685 @ 399681 279796
-2.185111 1.687113 0.587925 2.757366 -2.858621 -0.039000 -4.492090 -2.645790 -2.389755 -1.099971 = -0.00017706 @ 398229 279021
-0.499741 -4.012323 -4.880674 -1.010160 -3.045340 1.762756 3.205086 -2.007933 -3.890641 -3.245193 = -0.00017728 @ 399990 279959
-2.185111 1.687113 0.587925 2.757366 -2.858626 -0.038974 -4.492103 -2.645790 -2.389755 -1.099971 = -0.00017969 @ 398923 279391
-3.395467 -3.317755 2.346701 2.062755 4.371574 3.120092 0.544179 -4.743693 3.612161 2.474192 = -0.00018065 @ 399227 279555
-2.184641 1.687086 0.587931 2.757366 -2.859406 -0.038998 -4.492086 -2.645785 -2.389755 -1.099951 = -0.00018221 @ 399393 279643
-2.185111 1.687131 0.587925 2.757366 -2.858621 -0.038974 -4.492091 -2.645790 -2.389755 -1.099971 = -0.00018435 @ 399229 279556
-2.185111 1.687131 0.587925 2.757366 -2.858621 -0.038974 -4.492090 -2.645790 -2.389755 -1.099971 = -0.00018453 @ 398723 279289
-2.185111 1.687131 0.587925 2.757366 -2.858621 -0.038974 -4.492090 -2.645790 -2.389755 -1.099971 = -0.00018453 @ 397324 278560
-2.184641 1.687086 0.587931 2.757366 -2.859406 -0.038989 -4.492086 -2.645785 -2.389755 -1.099951 = -0.00018466 @ 395836 277760
-2.184641 1.687086 0.587931 2.757366 -2.859406 -0.038989 -4.492086 -2.645785 -2.389755 -1.099951 = -0.00018466 @ 390767 275011
-3.395492 -3.317755 2.346541 2.062880 4.371574 3.120092 0.544000 -4.743684 3.612161 2.474192 = -0.00018539 @ 398301 279060
-3.395492 -3.317755 2.346540 2.062880 4.371574 3.120092 0.544000 -4.743684 3.612161 2.474192 = -0.00018547 @ 399861 279891
-3.395491 -3.317755 2.346701 2.062755 4.371574 3.120092 0.544179 -4.743693 3.612161 2.474192 = -0.00018694 @ 398073 278940
-3.395491 -3.317755 2.346701 2.062755 4.371574 3.120092 0.544179 -4.743693 3.612161 2.474180 = -0.00018857 @ 399740 279827
-3.395079 -3.317755 2.346701 2.063089 4.371574 3.120092 0.544435 -4.743693 3.612161 2.474192 = -0.00019182 @ 398560 279203
-3.395463 -3.317755 2.346701 2.063002 4.371305 3.120092 0.544261 -4.743672 3.612161 2.474193 = -0.00019686 @ 399498 279699
-3.395491 -3.317755 2.346607 2.063258 4.371574 3.119872 0.544124 -4.743672 3.612150 2.474192 = -0.00019718 @ 399731 279822
-3.395491 -3.317755 2.346607 2.063258 4.371574 3.119872 0.544131 -4.743672 3.612161 2.474192 = -0.00019765 @ 398436 279135
-0.499613 -4.012408 -4.880688 -1.010160 -3.045135 1.762756 3.204982 -2.007933 -3.890642 -3.245193 = -0.00019802 @ 399492 279696
-3.395491 -3.317755 2.346607 2.063258 4.371574 3.119872 0.544131 -4.743672 3.612150 2.474192 = -0.00019803 @ 399355 279623
-3.395491 -3.317755 2.346607 2.063259 4.371574 3.119872 0.544131 -4.743672 3.612150 2.474192 = -0.00019818 @ 399635 279772
-3.395480 -3.317755 2.346701 2.062968 4.371305 3.120092 0.544261 -4.743672 3.612161 2.474192 = -0.00020039 @ 399208 279545
-3.395480 -3.317755 2.346701 2.063002 4.371305 3.120092 0.544261 -4.743672 3.612161 2.474193 = -0.00020125 @ 399476 279688
-3.395480 -3.317755 2.346701 2.063002 4.371305 3.120092 0.544261 -4.743672 3.612161 2.474192 = -0.00020138 @ 399225 279554
-0.499130 -4.012555 -4.880900 -1.010149 -3.046296 1.762092 3.204893 -2.007856 -3.890655 -3.245329 = -0.00020248 @ 399288 279587
-0.499130 -4.012555 -4.880900 -1.010149 -3.046296 1.762092 3.204893 -2.007856 -3.890641 -3.245329 = -0.00020376 @ 398297 279058
-0.499130 -4.012555 -4.880900 -1.010149 -3.046296 1.762092 3.204893 -2.007856 -3.890641 -3.245329 = -0.00020376 @ 398547 279197
-0.499741 -4.012408 -4.880648 -1.010160 -3.045135 1.762756 3.204982 -2.007933 -3.890641 -3.244827 = -0.00020385 @ 392998 276214
-3.395492 -3.317755 2.346828 2.063258 4.371574 3.120092 0.543734 -4.743661 3.612161 2.474192 = -0.00020821 @ 398634 279243
-3.395492 -3.317755 2.346811 2.063258 4.371574 3.120092 0.543734 -4.743661 3.612161 2.474192 = -0.00020836 @ 396949 278353
-3.395491 -3.317755 2.346541 2.063258 4.371574 3.119872 0.544131 -4.743672 3.612161 2.474192 = -0.00020983 @ 396670 278205
-3.395491 -3.317755 2.346541 2.063258 4.371574 3.119872 0.544131 -4.743672 3.612161 2.474192 = -0.00020983 @ 399998 279964
-3.395490 -3.317755 2.346811 2.063258 4.371574 3.120079 0.543704 -4.743661 3.612161 2.474192 = -0.00021132 @ 399486 279693
-2.184629 1.687131 0.587925 2.757366 -2.858623 -0.038974 -4.492114 -2.645716 -2.390069 -1.099971 = -0.00021716 @ 399493 279697
-2.184629 1.687131 0.587925 2.757366 -2.858621 -0.038974 -4.492114 -2.645716 -2.390069 -1.099971 = -0.00021797 @ 394833 277206
-3.395492 -3.317755 2.346541 2.063258 4.371574 3.120092 0.544000 -4.743684 3.612161 2.474192 = -0.00021882 @ 399897 279910
-3.395492 -3.317755 2.346541 2.063258 4.371574 3.120092 0.544000 -4.743684 3.612161 2.474192 = -0.00021887 @ 398281 279050
-3.395491 -3.317755 2.346491 2.063258 4.371574 3.119880 0.544131 -4.743672 3.612161 2.474192 = -0.00022105 @ 398184 278998
-3.395492 -3.317755 2.346590 2.063258 4.371574 3.120092 0.544253 -4.743687 3.612161 2.474192 = -0.00023669 @ 399077 279474
-3.395491 -3.317755 2.346701 2.063258 4.371305 3.120092 0.544261 -4.743672 3.612161 2.474192 = -0.00023796 @ 397943 278871
-3.395492 -3.317755 2.346541 2.063258 4.371574 3.120092 0.543734 -4.743670 3.612161 2.474192 = -0.00023854 @ 391825 275593
-3.395492 -3.317755 2.346541 2.063258 4.371574 3.120092 0.543734 -4.743670 3.612161 2.474192 = -0.00023854 @ 399992 279960
-3.395492 -3.317755 2.346541 2.063258 4.371574 3.120092 0.543734 -4.743661 3.612161 2.474192 = -0.00023884 @ 393606 276545
-3.395491 -3.317755 2.346701 2.062755 4.371574 3.120092 0.544435 -4.743693 3.612161 2.474192 = -0.00024705 @ 396596 278166
-2.184636 1.686621 0.587926 2.757317 -2.858621 -0.039271 -4.492103 -2.645806 -2.390209 -1.099974 = -0.00025298 @ 398255 279035
-2.184636 1.686621 0.587918 2.757317 -2.858621 -0.039233 -4.492103 -2.645806 -2.390209 -1.099974 = -0.00025386 @ 399305 279596
-0.499622 -4.012445 -4.880648 -1.010160 -3.045324 1.762658 3.204857 -2.007930 -3.890708 -3.244235 = -0.00025478 @ 398352 279087
-0.499622 -4.012445 -4.880648 -1.010160 -3.045324 1.762658 3.204857 -2.007937 -3.890708 -3.244235 = -0.00025524 @ 399465 279682
-0.499575 -4.012445 -4.880648 -1.010160 -3.045324 1.762658 3.204857 -2.007930 -3.890708 -3.244235 = -0.00025675 @ 397925 278862
-0.499575 -4.012445 -4.880648 -1.010160 -3.045324 1.762658 3.204857 -2.007930 -3.890708 -3.244235 = -0.00025675 @ 399456 279677
-2.184629 1.687131 0.587827 2.757366 -2.858621 -0.038974 -4.492090 -2.645560 -2.390069 -1.099971 = -0.00025694 @ 399043 279456
-3.395483 -3.317755 2.346701 2.063258 4.371574 3.120092 0.544435 -4.743693 3.612161 2.474192 = -0.00026710 @ 399857 279889
-3.395483 -3.317755 2.346701 2.063258 4.371574 3.120092 0.544435 -4.743693 3.612161 2.474192 = -0.00026712 @ 399182 279531
-0.499613 -4.012408 -4.880648 -1.010160 -3.045175 1.761490 3.204797 -2.007944 -3.890641 -3.245193 = -0.00027873 @ 391258 275297
-3.395512 -3.317668 2.346537 2.062767 4.371506 3.119989 0.544253 -4.743254 3.612172 2.474081 = -0.00028261 @ 398410 279121
-0.499575 -4.012445 -4.880648 -1.010208 -3.045135 1.762756 3.204857 -2.007792 -3.890824 -3.244235 = -0.00030640 @ 394976 277281
-2.184636 1.686829 0.587926 2.757317 -2.858621 -0.038970 -4.492103 -2.645806 -2.389526 -1.099885 = -0.00030700 @ 398777 279316
-2.184636 1.686829 0.587926 2.757317 -2.858621 -0.038970 -4.492103 -2.645806 -2.389526 -1.099974 = -0.00030834 @ 398521 279183
-0.499130 -4.012403 -4.880900 -1.010220 -3.045035 1.762760 3.205067 -2.007930 -3.890956 -3.245329 = -0.00031064 @ 392696 276052
-2.185111 1.686314 0.587926 2.757367 -2.859037 -0.038974 -4.492251 -2.645790 -2.389755 -1.099971 = -0.00031144 @ 399176 279528
-2.185111 1.686314 0.587926 2.757367 -2.859037 -0.038974 -4.492251 -2.645790 -2.389754 -1.099971 = -0.00031154 @ 399870 279896
-2.185111 1.686284 0.587926 2.757367 -2.859037 -0.038974 -4.492251 -2.645790 -2.389755 -1.099971 = -0.00033015 @ 393804 276649
-3.395491 -3.317755 2.346541 2.063258 4.371574 3.119870 0.543320 -4.743672 3.612161 2.474192 = -0.00035036 @ 399767 279841
-2.184641 1.687086 0.588541 2.757366 -2.859406 -0.038989 -4.492086 -2.645785 -2.389755 -1.099951 = -0.00037261 @ 397171 278480
-0.498823 -4.012415 -4.880910 -1.010160 -3.045175 1.762924 3.204797 -2.007944 -3.890641 -3.245193 = -0.00037342 @ 387373 273234
-3.395492 -3.317330 2.346585 2.063258 4.371697 3.120118 0.544736 -4.743466 3.612175 2.474192 = -0.00038020 @ 395072 277331
-3.395412 -3.317330 2.346585 2.063258 4.371958 3.120118 0.544736 -4.743466 3.612175 2.474192 = -0.00041842 @ 399179 279529
-2.184629 1.686284 0.587925 2.757366 -2.858621 -0.038975 -4.492311 -2.645791 -2.389757 -1.099971 = -0.00045609 @ 392455 275922
-3.395492 -3.316943 2.346586 2.063258 4.371717 3.119734 0.543085 -4.743601 3.612175 2.474192 = -0.00046829 @ 393889 276694
-3.395492 -3.316943 2.346582 2.063258 4.371717 3.119734 0.543085 -4.743601 3.612175 2.474192 = -0.00046904 @ 399429 279662
-2.184636 1.686155 0.587926 2.757317 -2.858621 -0.039233 -4.492103 -2.645806 -2.390209 -1.099974 = -0.00050875 @ 398187 278999
-3.394937 -3.317801 2.346502 2.063341 4.370137 3.119911 0.542801 -4.744581 3.611360 2.473853 = -0.00195394 @ 356433 255389
-1.481157 3.673998 -4.858067 -4.298352 3.630815 0.871728 -2.656355 0.961390 0.458922 -2.772641 = -0.00228338 @ 399382 279637
-1.481157 3.673998 -4.858067 -4.298352 3.630815 0.871728 -2.656356 0.961390 0.458922 -2.772641 = -0.00228643 @ 398578 279213
-1.481237 3.673998 -4.858067 -4.298352 3.630818 0.871728 -2.656356 0.961390 0.458922 -2.772641 = -0.00229282 @ 399388 279640
-1.481237 3.673998 -4.858067 -4.298352 3.630815 0.871728 -2.656356 0.961390 0.458922 -2.772641 = -0.00229593 @ 398833 279344
-1.481157 3.673985 -4.858067 -4.298352 3.630815 0.871728 -2.656356 0.961390 0.458922 -2.772641 = -0.00229819 @ 397535 278666
-1.481237 3.673998 -4.858067 -4.298352 3.630816 0.871728 -2.656356 0.961390 0.458905 -2.772641 = -0.00232722 @ 399662 279786
-1.481237 3.673998 -4.858067 -4.298352 3.630815 0.871728 -2.656356 0.961390 0.458905 -2.772641 = -0.00232816 @ 399543 279723
-1.481237 3.673998 -4.858067 -4.298352 3.630815 0.871728 -2.656356 0.961390 0.458905 -2.772641 = -0.00232816 @ 398684 279269
-1.481237 3.673998 -4.858067 -4.298352 3.630815 0.871728 -2.656356 0.961392 0.458905 -2.772641 = -0.00233331 @ 399454 279676
-1.481237 3.673998 -4.858067 -4.298352 3.630815 0.871728 -2.656356 0.961410 0.458922 -2.772641 = -0.00236245 @ 399088 279481
-1.481237 3.673998 -4.858067 -4.298352 3.630815 0.871728 -2.656356 0.961410 0.458922 -2.772641 = -0.00236290 @ 399337 279613
-1.481237 3.673998 -4.858067 -4.298352 3.630815 0.871728 -2.656356 0.961410 0.458922 -2.772634 = -0.00236591 @ 399669 279790
-0.499130 -4.015938 -4.880948 -1.010210 -3.045135 1.762756 3.204982 -2.007930 -3.890641 -3.245329 = -0.00284603 @ 399226 279554
-1.481340 3.674461 -4.858067 -4.298352 3.630816 0.871728 -2.656167 0.961388 0.458922 -2.772418 = -0.00285341 @ 399936 279930
-1.481340 3.674461 -4.858067 -4.298352 3.630816 0.871728 -2.656167 0.961388 0.458922 -2.772418 = -0.00285343 @ 399271 279578
-1.481340 3.674461 -4.858067 -4.298352 3.630815 0.871730 -2.656167 0.961388 0.458922 -2.772418 = -0.00285347 @ 399856 279888
-1.481340 3.674461 -4.858067 -4.298352 3.630815 0.871728 -2.656167 0.961388 0.458922 -2.772418 = -0.00285491 @ 398228 279021
-1.481340 3.674461 -4.858067 -4.298352 3.630815 0.871728 -2.656167 0.961388 0.458917 -2.772418 = -0.00287042 @ 399304 279596
0.163410 3.780864 4.524272 -1.389088 -1.393790 -4.155931 4.296487 2.944662 3.273547 2.899483 = -0.00292461 @ 398791 279324
-1.481340 3.674461 -4.858067 -4.298352 3.630815 0.871728 -2.656167 0.961388 0.458922 -2.772368 = -0.00294119 @ 396733 278239
0.163411 3.780864 4.524309 -1.389139 -1.393515 -4.156616 4.296481 2.944950 3.273674 2.899661 = -0.00307774 @ 399408 279652
-3.395492 -3.317755 2.346541 2.063258 4.371574 3.122671 0.544435 -4.743305 3.612161 2.474295 = -0.00308281 @ 399919 279921
-3.395492 -3.317755 2.346541 2.063258 4.371574 3.122671 0.544435 -4.743305 3.612161 2.474295 = -0.00308282 @ 392683 276045
0.163411 3.780864 4.524309 -1.389139 -1.393507 -4.156616 4.296481 2.944950 3.273674 2.899661 = -0.00309245 @ 399579 279742
0.163411 3.780852 4.524309 -1.389139 -1.393507 -4.156616 4.296481 2.944950 3.273674 2.899661 = -0.00312354 @ 399668 279789
-1.481157 3.673985 -4.858037 -4.298131 3.630735 0.871512 -2.656356 0.961390 0.458922 -2.772648 = -0.00317064 @ 399243 279563
-1.481157 3.673985 -4.858037 -4.298131 3.630735 0.871512 -2.656356 0.961390 0.458922 -2.772641 = -0.00317103 @ 398636 279244
0.163210 3.780892 4.524267 -1.389139 -1.393515 -4.155871 4.296481 2.944652 3.273794 2.899726 = -0.00317538 @ 398183 278997
0.163210 3.780892 4.524267 -1.389139 -1.393515 -4.155871 4.296481 2.944652 3.273794 2.899729 = -0.00318465 @ 399137 279507
0.163210 3.780892 4.524267 -1.389139 -1.393515 -4.155871 4.296481 2.944652 3.273794 2.899729 = -0.00318465 @ 399619 279763
0.163264 3.780906 4.524267 -1.389139 -1.393515 -4.155871 4.296481 2.944652 3.273794 2.899726 = -0.00321437 @ 399111 279493
0.163411 3.780864 4.524228 -1.389088 -1.393641 -4.155828 4.296496 2.944662 3.273674 2.899661 = -0.00327790 @ 399297 279592
0.163411 3.780864 4.524228 -1.389088 -1.393641 -4.155828 4.296498 2.944662 3.273674 2.899661 = -0.00327970 @ 399413 279654
0.163411 3.780865 4.524272 -1.389088 -1.393641 -4.155895 4.296332 2.944662 3.273674 2.899725 = -0.00332591 @ 399796 279857
0.163411 3.780864 4.524272 -1.389090 -1.393641 -4.155895 4.296332 2.944662 3.273674 2.899725 = -0.00332736 @ 399556 279730
0.163411 3.780864 4.524272 -1.389088 -1.393641 -4.155895 4.296332 2.944662 3.273674 2.899725 = -0.00332853 @ 398606 279228
0.163411 3.780864 4.524272 -1.389088 -1.393641 -4.155895 4.296332 2.944662 3.273674 2.899725 = -0.00332853 @ 398151 278980
0.163411 3.780864 4.524228 -1.389088 -1.393641 -4.155828 4.296496 2.944632 3.273674 2.899661 = -0.00333284 @ 399920 279922
0.163411 3.780864 4.524228 -1.389088 -1.393641 -4.155828 4.296496 2.944632 3.273674 2.899661 = -0.00333318 @ 399788 279852
0.163411 3.780864 4.524228 -1.389088 -1.393641 -4.155828 4.296496 2.944632 3.273674 2.899661 = -0.00333318 @ 399980 279954
0.163411 3.780864 4.524228 -1.389088 -1.393641 -4.155828 4.296496 2.944632 3.273674 2.899661 = -0.00333320 @ 399452 279675
-1.481340 3.673985 -4.858037 -4.298131 3.630707 0.871512 -2.656356 0.961390 0.458922 -2.772641 = -0.00333774 @ 397210 278500
0.163348 3.780864 4.524272 -1.389088 -1.393641 -4.155828 4.296487 2.944662 3.273674 2.899731 = -0.00336784 @ 399093 279484
0.163348 3.780864 4.524272 -1.389088 -1.393641 -4.155828 4.296487 2.944662 3.273674 2.899731 = -0.00336790 @ 399934 279929
0.163411 3.780869 4.524272 -1.389088 -1.393641 -4.155895 4.296487 2.944662 3.273674 2.899725 = -0.00338101 @ 399272 279578
-1.481340 3.674548 -4.858067 -4.298352 3.630815 0.871728 -2.656356 0.961446 0.458922 -2.772641 = -0.00346397 @ 398101 278954
-1.481340 3.674548 -4.858067 -4.298352 3.630815 0.871728 -2.656356 0.961446 0.458922 -2.772641 = -0.00346397 @ 397898 278848
-1.481340 3.673985 -4.858037 -4.298131 3.630598 0.871512 -2.656356 0.961390 0.458922 -2.772686 = -0.00353741 @ 398096 278952
-1.481340 3.674461 -4.858037 -4.298131 3.631094 0.871544 -2.656356 0.961446 0.458922 -2.772641 = -0.00358664 @ 396265 277989
-1.481340 3.674461 -4.858037 -4.298131 3.631094 0.871544 -2.656356 0.961446 0.458922 -2.772641 = -0.00358664 @ 398344 279083
-1.481340 3.674461 -4.858037 -4.298131 3.631094 0.871544 -2.656356 0.961446 0.458922 -2.772641 = -0.00358664 @ 398009 278906
-1.481340 3.673985 -4.858037 -4.298131 3.630598 0.871544 -2.656356 0.961446 0.458922 -2.772641 = -0.00361895 @ 399701 279806
-1.481340 3.673985 -4.858037 -4.298131 3.630598 0.871544 -2.656356 0.961446 0.458922 -2.772641 = -0.00361930 @ 395359 277492
0.163513 3.780892 4.524273 -1.389139 -1.393638 -4.156406 4.296481 2.944652 3.273542 2.899726 = -0.00373501 @ 396360 278041
-1.481340 3.674500 -4.858067 -4.298352 3.630815 0.871540 -2.656356 0.961388 0.458922 -2.772368 = -0.00375015 @ 399718 279815
0.163264 3.780915 4.523992 -1.389139 -1.393515 -4.155871 4.296481 2.944652 3.273433 2.899726 = -0.00376100 @ 397166 278476
0.163411 3.780864 4.524118 -1.389072 -1.393534 -4.155828 4.296716 2.944662 3.273939 2.899668 = -0.00379122 @ 398900 279379
0.163411 3.780864 4.524118 -1.389072 -1.393534 -4.155828 4.296716 2.944662 3.273939 2.899668 = -0.00379130 @ 399789 279853
-1.481340 3.674461 -4.858067 -4.298352 3.630815 0.871423 -2.656356 0.961388 0.458922 -2.772368 = -0.00391296 @ 397151 278468
0.163411 3.780864 4.524272 -1.389088 -1.393534 -4.155828 4.296487 2.944662 3.273510 2.899476 = -0.00392226 @ 395809 277745
0.163411 3.780864 4.524272 -1.389088 -1.393534 -4.155828 4.296488 2.944662 3.273510 2.899476 = -0.00392492 @ 399261 279573
0.163411 3.780864 4.524118 -1.389072 -1.393534 -4.155828 4.296716 2.944662 3.273939 2.899725 = -0.00395700 @ 398332 279077
0.163513 3.780892 4.524273 -1.389461 -1.393515 -4.156406 4.296481 2.944652 3.273542 2.899726 = -0.00422189 @ 395362 277494
-1.481340 3.674461 -4.858037 -4.298202 3.630409 0.871540 -2.656356 0.961388 0.459073 -2.772368 = -0.00429477 @ 399136 279507
0.163688 3.781497 4.524272 -1.389088 -1.393515 -4.155871 4.296481 2.944652 3.273794 2.899726 = -0.00431612 @ 395468 277553
0.163411 3.780721 4.524272 -1.389088 -1.393534 -4.155828 4.296716 2.944662 3.273939 2.899725 = -0.00440948 @ 396456 278092
0.163264 3.780892 4.524509 -1.389139 -1.393515 -4.155871 4.296314 2.944652 3.273433 2.899726 = -0.00453930 @ 398421 279126
0.163870 3.781327 4.524273 -1.389139 -1.393515 -4.156616 4.296481 2.944950 3.273542 2.899726 = -0.00480275 @ 393681 276584
-1.481340 3.674461 -4.858037 -4.298200 3.630409 0.871540 -2.655546 0.961388 0.458922 -2.772368 = -0.00481552 @ 391736 275547
0.162795 3.780863 4.524272 -1.389088 -1.394474 -4.155398 4.296487 2.944662 3.273433 2.899725 = -0.00482332 @ 398655 279254
0.163870 3.781327 4.524309 -1.389139 -1.393515 -4.156616 4.296481 2.944950 3.273542 2.899726 = -0.00487983 @ 399248 279566
0.163870 3.781327 4.524309 -1.389139 -1.393515 -4.156616 4.296481 2.944950 3.273542 2.899726 = -0.00487995 @ 398564 279206
0.163870 3.781327 4.524309 -1.389139 -1.393515 -4.156616 4.296486 2.944950 3.273542 2.899726 = -0.00488708 @ 398469 279152
0.163878 3.781327 4.524309 -1.389139 -1.393515 -4.156616 4.296481 2.944950 3.273542 2.899726 = -0.00492529 @ 399167 279523
0.163264 3.780892 4.524509 -1.389139 -1.393515 -4.155871 4.296481 2.944652 3.273433 2.899726 = -0.00493267 @ 395139 277367
-1.481340 3.674078 -4.858123 -4.297573 3.630815 0.871728 -2.656356 0.961388 0.458922 -2.772368 = -0.00500248 @ 396852 278302
0.162563 3.780863 4.524272 -1.389088 -1.394474 -4.155393 4.296487 2.944662 3.273433 2.899725 = -0.00506291 @ 392764 276089
0.163264 3.780304 4.524267 -1.389088 -1.393641 -4.155828 4.296487 2.944662 3.273674 2.899726 = -0.00546586 @ 398166 278989
-1.481344 3.674461 -4.858113 -4.297573 3.630815 0.871728 -2.656356 0.961490 0.458922 -2.772368 = -0.00554153 @ 398676 279265
-1.481340 3.674461 -4.858117 -4.297573 3.630815 0.871728 -2.656356 0.961388 0.458922 -2.772368 = -0.00595062 @ 398268 279043
-1.481340 3.674461 -4.858113 -4.297573 3.630815 0.871728 -2.656356 0.961388 0.458922 -2.772368 = -0.00595231 @ 396516 278124
0.163411 3.780864 4.524272 -1.389088 -1.393534 -4.155393 4.296487 2.944662 3.273433 2.899725 = -0.00603228 @ 392110 275743
-1.481340 3.674007 -4.858037 -4.297575 3.630409 0.871540 -2.656356 0.961388 0.458922 -2.772368 = -0.00613632 @ 394206 276863
-1.481340 3.674368 -4.858113 -4.297573 3.631210 0.871554 -2.656344 0.961872 0.458949 -2.772368 = -0.00636641 @ 398454 279144
-1.481340 3.674368 -4.858113 -4.297573 3.631210 0.871554 -2.656344 0.961872 0.458946 -2.772368 = -0.00637063 @ 399354 279622
-1.481340 3.674458 -4.857785 -4.297575 3.631210 0.871552 -2.656344 0.961872 0.458960 -2.772513 = -0.00733085 @ 391082 275201
-1.481340 3.674461 -4.858113 -4.297573 3.629406 0.871554 -2.656344 0.961872 0.458949 -2.772368 = -0.01341509 @ 396484 278107
0.162622 3.778613 4.524272 -1.388745 -1.393052 -4.155266 4.296509 2.944563 3.273419 2.899850 = -0.02708977 @ 393461 276469
0.163732 3.778613 4.524272 -1.388745 -1.393052 -4.155266 4.296509 2.944563 3.273419 2.899850 = -0.02782502 @ 392070 275721
-3.395918 -3.317659 2.350461 2.063908 4.376828 3.119676 0.546441 -4.736776 3.611593 2.472986 = -0.03528358 @ 367026 261960
0.163870 3.781327 4.524273 -1.389139 -1.392757 -4.152997 4.294060 2.944950 3.273436 2.899726 = -0.04029524 @ 398662 279257
-1.481346 3.674459 -4.857783 -4.297222 3.630463 0.871518 -2.656374 0.962017 0.454508 -2.772367 = -0.13943067 @ 382056 270383
-1.481487 3.680315 -4.857776 -4.296581 3.630475 0.871540 -2.656122 0.961864 0.458887 -2.771747 = -0.21195521 @ 392894 276158
-1.481487 3.680315 -4.857776 -4.296581 3.630475 0.871540 -2.656122 0.961864 0.458887 -2.771747 = -0.21195521 @ 399888 279905
-1.445646 3.656817 -4.873849 -4.239786 3.615552 0.887773 -2.632687 0.884413 0.538933 -2.778052 = -1.11447769 @ 399448 279673
-1.445646 3.656817 -4.873849 -4.239786 3.615552 0.887773 -2.632687 0.884411 0.538933 -2.778054 = -1.11450562 @ 399401 279647
-1.445004 3.656817 -4.873849 -4.239786 3.615552 0.887773 -2.632687 0.884413 0.538933 -2.778054 = -1.11887111 @ 399859 279890
-1.445004 3.656817 -4.873849 -4.239786 3.615552 0.887773 -2.632687 0.884413 0.538933 -2.778054 = -1.11887245 @ 397652 278724
-1.445004 3.656817 -4.873849 -4.239786 3.615552 0.887773 -2.632687 0.884413 0.538933 -2.778054 = -1.11887246 @ 396711 278227
-1.445004 3.656817 -4.873849 -4.239786 3.615552 0.887687 -2.632687 0.884413 0.538933 -2.778054 = -1.11941064 @ 397058 278410
-1.445004 3.656817 -4.873849 -4.239786 3.615502 0.887773 -2.632687 0.884470 0.538933 -2.778054 = -1.12221299 @ 399921 279922
-1.445004 3.656817 -4.873849 -4.239786 3.615502 0.887773 -2.632687 0.884470 0.538933 -2.778054 = -1.12225015 @ 398627 279239
-1.510981 3.699413 -4.842714 -4.356621 3.647308 0.854534 -2.681814 1.044610 0.383679 -2.772483 = -1.28590204 @ 398423 279128
-1.510981 3.699414 -4.842714 -4.356621 3.647308 0.854534 -2.681814 1.044610 0.383679 -2.772483 = -1.28594823 @ 399469 279684
-1.510981 3.699413 -4.842714 -4.356621 3.647180 0.854534 -2.681814 1.044610 0.383679 -2.772483 = -1.28742284 @ 399036 279453
-1.510981 3.699564 -4.842714 -4.356712 3.647308 0.854534 -2.681814 1.044539 0.383679 -2.772483 = -1.29136527 @ 398240 279027
-1.510981 3.699564 -4.842714 -4.356798 3.647308 0.854534 -2.681814 1.044539 0.383679 -2.772463 = -1.29461076 @ 399768 279842
-1.510981 3.699564 -4.842714 -4.356798 3.647308 0.854534 -2.681814 1.044539 0.383679 -2.772466 = -1.29480265 @ 398303 279062
-1.510981 3.699564 -4.842712 -4.356798 3.647308 0.854534 -2.681814 1.044539 0.383677 -2.772466 = -1.29490687 @ 399753 279834
-1.510981 3.699564 -4.842714 -4.356798 3.647308 0.854534 -2.681814 1.044539 0.383679 -2.772483 = -1.29521244 @ 397163 278475
-1.510981 3.699564 -4.842714 -4.356798 3.647308 0.854534 -2.681814 1.044610 0.383679 -2.772483 = -1.29790684 @ 398392 279111
-1.510981 3.699564 -4.842714 -4.356798 3.647308 0.854534 -2.681814 1.044610 0.383679 -2.772483 = -1.29794546 @ 397471 278634
-1.510933 3.699564 -4.842714 -4.356798 3.647308 0.854534 -2.681814 1.044610 0.383679 -2.772483 = -1.29833141 @ 398200 279006
-1.516911 3.628343 -4.910733 -4.220740 3.656571 0.826053 -2.701295 0.892126 0.432368 -2.812965 = -1.32832574 @ 398548 279197
-1.516911 3.628343 -4.910733 -4.220743 3.656571 0.826053 -2.701295 0.892126 0.432368 -2.812965 = -1.32836889 @ 399441 279669
-1.516911 3.628343 -4.910733 -4.220740 3.656571 0.826053 -2.701295 0.892119 0.432368 -2.812965 = -1.32853513 @ 399184 279532
-1.516911 3.628343 -4.910733 -4.220740 3.656571 0.826053 -2.701295 0.892119 0.432368 -2.812965 = -1.32853513 @ 396958 278357
-1.516910 3.628343 -4.910733 -4.220740 3.656571 0.826053 -2.701295 0.892119 0.432368 -2.812965 = -1.32856538 @ 399791 279854
-1.516911 3.628343 -4.910733 -4.220729 3.656570 0.826053 -2.701295 0.892119 0.432368 -2.812965 = -1.32856646 @ 399879 279900
-1.516911 3.628343 -4.910733 -4.220729 3.656571 0.826053 -2.701295 0.892119 0.432368 -2.812965 = -1.32857813 @ 399867 279894
-1.516911 3.628343 -4.910734 -4.220729 3.656571 0.826053 -2.701295 0.892119 0.432368 -2.812965 = -1.32858322 @ 398867 279361
-1.516911 3.628343 -4.910734 -4.220729 3.656571 0.826053 -2.701295 0.892119 0.432368 -2.812965 = -1.32858326 @ 399997 279963
-1.516911 3.628343 -4.910733 -4.220729 3.656571 0.826053 -2.701295 0.892119 0.432368 -2.812965 = -1.32858938 @ 396876 278314
-1.516911 3.628343 -4.910733 -4.220729 3.656571 0.826053 -2.701295 0.892119 0.432368 -2.812965 = -1.32859107 @ 398609 279229
-1.516911 3.628343 -4.910734 -4.220729 3.656571 0.826053 -2.701295 0.892119 0.432368 -2.812965 = -1.32861398 @ 399851 279886
-1.516911 3.628343 -4.910733 -4.220740 3.656571 0.826048 -2.701295 0.892119 0.432368 -2.812965 = -1.32874144 @ 398215 279014
-1.516912 3.628343 -4.910726 -4.220729 3.656530 0.826052 -2.701295 0.892119 0.432367 -2.812965 = -1.32923382 @ 393716 276603
-1.516912 3.628343 -4.910726 -4.220729 3.656530 0.826216 -2.701295 0.892119 0.432367 -2.812965 = -1.32936569 @ 397874 278835
-1.516893 3.628343 -4.910726 -4.220729 3.656530 0.826053 -2.701295 0.892235 0.432368 -2.812965 = -1.33107759 @ 399065 279467
-1.516911 3.628343 -4.910726 -4.220729 3.656530 0.826053 -2.701295 0.892235 0.432368 -2.812965 = -1.33194254 @ 397034 278397
-1.516911 3.628343 -4.910726 -4.220503 3.656530 0.826053 -2.701295 0.892119 0.432368 -2.812965 = -1.33215642 @ 396145 277924
-1.516911 3.628343 -4.910726 -4.220503 3.656530 0.826053 -2.701295 0.892119 0.432368 -2.812672 = -1.33312638 @ 397997 278900
-1.516911 3.628343 -4.910726 -4.220729 3.656530 0.825156 -2.701295 0.892119 0.432368 -2.812965 = -1.34178860 @ 394706 277135
-1.516911 3.628278 -4.910726 -4.220729 3.656530 0.825156 -2.701295 0.892119 0.432368 -2.812965 = -1.34276441 @ 395600 277635
-1.459449 3.775217 -4.963018 -4.257172 3.576502 0.851651 -2.663621 0.940408 0.477356 -2.823159 = -1.41195548 @ 397088 278425
-1.459449 3.775217 -4.963018 -4.257172 3.576502 0.851651 -2.663621 0.940408 0.477356 -2.823159 = -1.41195568 @ 397981 278891
-1.459449 3.775208 -4.963018 -4.257179 3.576502 0.851651 -2.663621 0.940408 0.477356 -2.823159 = -1.41205660 @ 388943 274062
-1.459449 3.775208 -4.963018 -4.257179 3.576502 0.851651 -2.663621 0.940408 0.477356 -2.823159 = -1.41206062 @ 397354 278575
-1.459449 3.775208 -4.963018 -4.257179 3.576502 0.851651 -2.663621 0.940408 0.477356 -2.823159 = -1.41206062 @ 398534 279190
-1.459448 3.775208 -4.963018 -4.257179 3.576502 0.851649 -2.663621 0.940408 0.477356 -2.823159 = -1.41216617 @ 398600 279225
-1.459448 3.775208 -4.963018 -4.257179 3.576502 0.851649 -2.663621 0.940408 0.477356 -2.823159 = -1.41216617 @ 387886 273509
-1.459448 3.775208 -4.963018 -4.257179 3.576502 0.851649 -2.663621 0.940408 0.477356 -2.823159 = -1.41216617 @ 398937 279398
-1.459449 3.775208 -4.963018 -4.257179 3.576502 0.851649 -2.663621 0.940408 0.477356 -2.823160 = -1.41217211 @ 399612 279760
-1.459448 3.775208 -4.963018 -4.257179 3.576502 0.851649 -2.663621 0.940408 0.477356 -2.823159 = -1.41217357 @ 399969 279948
-1.459449 3.775208 -4.963018 -4.257179 3.576502 0.851649 -2.663621 0.940408 0.477356 -2.823159 = -1.41219291 @ 372578 265068
-1.459449 3.775208 -4.963018 -4.257179 3.576502 0.851649 -2.663621 0.940408 0.477356 -2.823159 = -1.41219292 @ 398919 279388
-1.459430 3.775198 -4.963013 -4.257178 3.576528 0.851651 -2.663621 0.940394 0.477356 -2.823144 = -1.41276742 @ 399756 279835
-1.459430 3.775189 -4.963012 -4.257178 3.576530 0.851651 -2.663621 0.940394 0.477356 -2.823143 = -1.41308538 @ 397783 278789
-1.459449 3.775208 -4.963018 -4.257172 3.576502 0.851651 -2.663621 0.940408 0.477356 -2.823013 = -1.41348991 @ 396925 278340
-1.459363 3.775208 -4.963018 -4.257172 3.576502 0.851651 -2.663621 0.940408 0.477356 -2.823159 = -1.41568108 @ 399922 279923
-1.459449 3.775217 -4.963018 -4.257172 3.576502 0.851651 -2.663621 0.940498 0.477356 -2.823159 = -1.41639174 @ 397801 278798
-1.459449 3.775208 -4.963018 -4.257172 3.576279 0.851651 -2.663621 0.940408 0.477356 -2.823013 = -1.41767427 @ 398115 278962
-1.459432 3.775194 -4.963013 -4.257178 3.576600 0.851651 -2.663621 0.940374 0.477356 -2.823137 = -1.41798996 @ 399502 279702
-1.459449 3.775208 -4.963018 -4.257179 3.576502 0.851649 -2.663621 0.940408 0.477485 -2.823159 = -1.41813929 @ 396129 277916
-1.459448 3.775208 -4.963018 -4.257179 3.576502 0.851651 -2.663621 0.940806 0.477356 -2.823159 = -1.42563584 @ 395234 277419
-1.459430 3.775197 -4.962806 -4.257283 3.576589 0.851220 -2.663620 0.939913 0.477356 -2.823144 = -1.43070622 @ 399979 279953
-1.459430 3.775197 -4.962806 -4.257283 3.576589 0.851220 -2.663620 0.939913 0.477356 -2.823144 = -1.43071667 @ 397470 278633
-1.459449 3.775208 -4.963043 -4.257179 3.576521 0.851649 -2.663676 0.941254 0.477356 -2.823159 = -1.43880805 @ 399975 279951
-1.459449 3.775208 -4.963043 -4.257179 3.576521 0.851649 -2.663676 0.941254 0.477356 -2.823159 = -1.43880950 @ 396922 278339
-1.388677 3.569710 -4.914612 -4.375827 3.591245 0.863314 -2.677175 1.028968 0.432066 -2.754635 = -1.74017809 @ 399217 279550
-1.388677 3.569710 -4.914612 -4.375734 3.591245 0.863314 -2.677387 1.028968 0.432066 -2.754635 = -1.74066143 @ 398571 279209
-1.388677 3.569710 -4.914612 -4.375847 3.591245 0.863314 -2.677175 1.028968 0.432066 -2.754635 = -1.74073966 @ 396993 278376
-1.388677 3.569710 -4.914612 -4.375847 3.591245 0.863314 -2.677175 1.028968 0.432063 -2.754635 = -1.74096435 @ 399981 279954
-1.388677 3.569710 -4.914612 -4.375847 3.591245 0.863314 -2.677175 1.028968 0.432063 -2.754635 = -1.74096615 @ 399759 279837
-1.388677 3.569710 -4.914612 -4.375847 3.591245 0.863314 -2.677175 1.028968 0.432066 -2.754685 = -1.74098306 @ 399878 279900
-1.388677 3.569710 -4.914612 -4.375847 3.591245 0.863314 -2.677175 1.028968 0.432075 -2.754685 = -1.74102368 @ 399270 279577
-1.388677 3.569710 -4.914612 -4.375849 3.591245 0.863314 -2.676959 1.028968 0.432066 -2.754685 = -1.74136977 @ 399311 279599
-1.388677 3.569710 -4.914612 -4.375849 3.591245 0.863314 -2.676957 1.028968 0.432066 -2.754685 = -1.74141201 @ 398912 279385
-1.388677 3.569671 -4.914612 -4.375847 3.591245 0.863314 -2.677387 1.028968 0.432478 -2.754635 = -1.74257898 @ 398185 278998
-1.388677 3.569671 -4.914612 -4.375847 3.591245 0.863314 -2.677387 1.028968 0.432478 -2.754635 = -1.74258995 @ 399842 279881
-1.388677 3.569710 -4.914614 -4.375847 3.591180 0.863314 -2.677425 1.028968 0.432066 -2.754635 = -1.74449588 @ 399993 279961
-1.388677 3.569710 -4.914614 -4.375847 3.591180 0.863314 -2.677425 1.028968 0.432066 -2.754635 = -1.74449614 @ 398675 279264
-1.388677 3.569710 -4.914614 -4.375847 3.591180 0.863314 -2.677425 1.028968 0.432066 -2.754635 = -1.74449615 @ 398562 279205
-1.388677 3.569710 -4.914614 -4.375846 3.591180 0.863314 -2.677425 1.028968 0.432066 -2.754635 = -1.74462917 @ 399886 279904
-1.388677 3.569710 -4.914612 -4.374718 3.591625 0.863649 -2.677425 1.028968 0.432066 -2.754635 = -1.74893797 @ 399001 279431
-1.388677 3.569924 -4.914608 -4.375847 3.591245 0.863314 -2.677425 1.029839 0.432066 -2.754635 = -1.75259062 @ 396992 278375
-1.388677 3.569129 -4.914604 -4.374553 3.592537 0.863309 -2.677425 1.029839 0.432071 -2.754691 = -1.75589333 @ 399570 279738
-1.388677 3.569129 -4.914604 -4.374553 3.592534 0.863309 -2.677425 1.029839 0.432066 -2.754691 = -1.75618060 @ 398433 279133
-1.388677 3.569129 -4.914604 -4.374553 3.592583 0.863314 -2.677425 1.029839 0.432066 -2.754691 = -1.75725751 @ 397449 278623
-1.482488 3.672073 -4.859356 -4.303095 3.635931 0.884109 -2.635999 0.958019 0.460206 -2.781990 = -1.83049415 @ 399397 279646
-1.470361 3.554497 -4.767329 -4.288121 3.670796 0.908854 -2.625853 0.901557 0.518534 -2.724458 = -2.15367922 @ 386953 273011
-1.470361 3.554497 -4.767329 -4.288121 3.670796 0.908854 -2.625853 0.901557 0.518534 -2.724458 = -2.15367922 @ 399918 279921
-1.470361 3.554497 -4.767329 -4.288121 3.670796 0.908854 -2.625853 0.901557 0.518534 -2.724458 = -2.15368483 @ 399974 279950
-1.470361 3.554497 -4.767329 -4.288121 3.670796 0.908854 -2.625853 0.901557 0.518534 -2.724467 = -2.15391788 @ 399428 279662
-1.470361 3.554497 -4.767329 -4.288121 3.670796 0.908854 -2.625853 0.901557 0.518534 -2.724467 = -2.15394157 @ 399876 279899
-1.470361 3.554497 -4.767326 -4.288121 3.670796 0.908854 -2.625853 0.901557 0.518534 -2.724458 = -2.15400119 @ 394656 277109
-1.470361 3.554497 -4.767326 -4.288121 3.670796 0.908854 -2.625853 0.901557 0.518534 -2.724319 = -2.15898232 @ 397920 278859
-1.469911 3.554103 -4.767326 -4.288114 3.670796 0.908854 -2.625853 0.901557 0.518534 -2.724458 = -2.16403460 @ 399985 279956
-1.469911 3.554103 -4.767326 -4.288114 3.670796 0.908854 -2.625853 0.901557 0.518534 -2.724458 = -2.16404078 @ 398669 279261
-1.470361 3.554691 -4.767317 -4.285667 3.670796 0.908854 -2.625853 0.901557 0.518534 -2.724458 = -2.18181508 @ 396309 278012
-1.470361 3.554691 -4.767317 -4.285667 3.670796 0.908854 -2.625853 0.901543 0.518534 -2.724458 = -2.18289802 @ 399862 279891
-1.470361 3.554691 -4.767317 -4.285667 3.670796 0.908854 -2.625853 0.901543 0.518534 -2.724458 = -2.18291589 @ 399392 279642
-3.396509 -3.316965 2.347186 2.064344 4.370780 3.119504 0.551179 -4.740853 3.610883 2.393756 = -2.25953118 @ 399763 279839
-3.396509 -3.316965 2.347186 2.064344 4.370780 3.119504 0.551179 -4.740853 3.610883 2.393756 = -2.25953636 @ 399703 279807
-3.396479 -3.316965 2.347186 2.064344 4.370780 3.119504 0.551179 -4.740853 3.610883 2.393760 = -2.26029386 @ 399450 279674
-3.396479 -3.316965 2.347186 2.064344 4.370780 3.119504 0.551179 -4.740853 3.610883 2.393760 = -2.26029386 @ 399714 279813
-3.396509 -3.316965 2.347186 2.064344 4.370780 3.119504 0.551179 -4.740853 3.611015 2.393760 = -2.26029513 @ 399389 279641
-3.396509 -3.316965 2.347186 2.064344 4.370780 3.119504 0.551179 -4.740853 3.611015 2.393743 = -2.26114477 @ 399209 279545
-1.492016 3.692283 -4.907033 -4.333159 3.632578 0.778115 -2.530584 0.837671 0.419096 -2.743960 = -2.64108522 @ 398288 279054
-1.492016 3.692283 -4.907019 -4.333159 3.632578 0.778115 -2.530625 0.837671 0.419098 -2.743960 = -2.64120656 @ 399133 279505
-1.492016 3.692292 -4.907040 -4.333159 3.632512 0.778086 -2.530625 0.837671 0.419085 -2.743960 = -2.64130361 @ 399463 279681
-1.492016 3.692283 -4.907033 -4.333159 3.632578 0.778115 -2.530625 0.837671 0.419087 -2.743960 = -2.64136070 @ 399527 279715
-1.492016 3.692283 -4.907033 -4.333159 3.632578 0.778115 -2.530625 0.837671 0.419096 -2.743960 = -2.64159136 @ 397918 278858
-1.492016 3.692283 -4.907033 -4.333159 3.632512 0.778086 -2.530625 0.837665 0.419096 -2.743960 = -2.64179390 @ 387778 273452
-1.492016 3.692283 -4.907033 -4.333159 3.632512 0.778086 -2.530625 0.837665 0.419096 -2.743960 = -2.64179390 @ 397385 278591
-1.492016 3.692283 -4.907033 -4.333159 3.632508 0.778086 -2.530625 0.837665 0.419096 -2.743960 = -2.64188659 @ 388410 273787
-1.492016 3.692283 -4.907033 -4.333159 3.632512 0.778086 -2.530625 0.837671 0.419096 -2.743960 = -2.64195408 @ 395036 277313
-1.492016 3.692283 -4.907033 -4.333159 3.632512 0.778086 -2.530625 0.837665 0.419096 -2.743960 = -2.64196323 @ 391990 275680
-1.492000 3.692283 -4.907020 -4.333161 3.632505 0.778084 -2.530625 0.837698 0.419104 -2.743937 = -2.64234055 @ 395258 277432
-1.492016 3.692292 -4.907040 -4.333159 3.632512 0.778086 -2.530625 0.837671 0.419096 -2.743960 = -2.64244668 @ 396499 278114
-1.492016 3.692283 -4.907033 -4.333159 3.632458 0.778086 -2.530625 0.837671 0.419096 -2.743960 = -2.64422210 @ 399416 279656
-1.492016 3.692283 -4.907033 -4.333159 3.632512 0.778086 -2.530673 0.837665 0.419096 -2.743960 = -2.64437179 @ 398047 278926
-1.492023 3.692283 -4.907033 -4.333159 3.632512 0.778086 -2.530673 0.837665 0.419096 -2.743960 = -2.64494440 @ 399541 279722
-1.471476 3.713799 -4.819699 -4.262306 3.644479 0.974222 -2.825680 1.036606 0.397914 -2.810857 = -2.73930202 @ 399444 279670
-1.471476 3.713799 -4.819699 -4.262306 3.644479 0.974226 -2.825680 1.036606 0.397914 -2.810857 = -2.73930363 @ 397985 278893
-1.471476 3.713799 -4.819699 -4.262306 3.644479 0.974217 -2.825680 1.036606 0.397914 -2.810857 = -2.73935443 @ 398586 279217
-1.461870 3.733508 -4.920335 -4.286018 3.708284 0.844176 -2.732794 0.895221 0.504446 -2.654819 = -2.73976312 @ 395252 277429
-1.461870 3.733508 -4.920335 -4.286018 3.708284 0.844178 -2.732794 0.895221 0.504433 -2.654819 = -2.73999474 @ 399604 279755
-1.471638 3.713799 -4.819699 -4.262306 3.644916 0.974220 -2.825680 1.036587 0.397914 -2.810857 = -2.74094783 @ 399987 279957
-1.471626 3.713799 -4.819699 -4.262308 3.644916 0.974220 -2.825680 1.036587 0.397914 -2.810857 = -2.74111348 @ 399967 279947
-1.471626 3.713799 -4.819699 -4.262308 3.644916 0.974220 -2.825680 1.036587 0.397914 -2.810857 = -2.74111996 @ 399850 279885
-1.471476 3.713799 -4.819707 -4.262306 3.644916 0.974220 -2.825680 1.036587 0.397914 -2.810857 = -2.74112126 @ 398169 278990
-1.471626 3.713799 -4.819699 -4.262307 3.644916 0.974220 -2.825680 1.036587 0.397914 -2.810857 = -2.74113112 @ 399094 279484
-1.471626 3.713799 -4.819699 -4.262306 3.644916 0.974174 -2.825680 1.036587 0.397914 -2.810857 = -2.74147254 @ 399449 279673
-1.471476 3.713799 -4.819699 -4.262350 3.644916 0.974215 -2.826104 1.036587 0.397914 -2.810857 = -2.74170714 @ 398246 279030
-1.471476 3.713799 -4.819699 -4.262350 3.644916 0.974220 -2.826104 1.036587 0.397914 -2.810857 = -2.74200997 @ 394340 276933
-1.471476 3.713799 -4.819699 -4.262306 3.644916 0.974220 -2.825667 1.036587 0.397914 -2.810857 = -2.74204768 @ 399405 279649
-1.471476 3.713799 -4.819699 -4.262306 3.644916 0.974220 -2.825680 1.036593 0.397914 -2.810857 = -2.74212966 @ 399381 279636
-1.471476 3.713799 -4.819699 -4.262306 3.644916 0.974220 -2.825680 1.036587 0.397914 -2.810857 = -2.74224232 @ 398702 279279
-1.471476 3.713799 -4.819699 -4.262350 3.644916 0.974215 -2.826104 1.036587 0.397914 -2.810854 = -2.74228247 @ 399383 279637
-1.461858 3.733508 -4.920335 -4.286018 3.708284 0.844176 -2.732552 0.895378 0.504446 -2.654836 = -2.74309165 @ 399099 279487
-1.461858 3.733508 -4.920335 -4.286018 3.708284 0.844176 -2.732552 0.895386 0.504446 -2.654836 = -2.74323887 @ 397916 278857
-1.461870 3.733508 -4.920335 -4.286018 3.708284 0.844174 -2.732720 0.895221 0.504446 -2.654810 = -2.74345232 @ 399702 279807
-1.461861 3.733508 -4.920335 -4.286018 3.708284 0.844176 -2.732552 0.895386 0.504446 -2.654836 = -2.74351075 @ 399213 279548
-1.461870 3.733508 -4.920335 -4.286018 3.708284 0.844176 -2.732720 0.895221 0.504451 -2.654819 = -2.74380750 @ 399018 279440
-1.461870 3.733508 -4.920335 -4.286018 3.708284 0.844176 -2.732552 0.895386 0.504446 -2.654836 = -2.74434931 @ 397046 278404
-1.471476 3.713799 -4.819699 -4.262306 3.644916 0.974187 -2.826104 1.036587 0.398753 -2.810950 = -2.74443224 @ 398540 279193
-1.471476 3.713799 -4.819699 -4.262306 3.644916 0.974187 -2.826104 1.036587 0.398753 -2.810950 = -2.74452611 @ 399744 279829
-1.471476 3.713799 -4.819699 -4.262306 3.644916 0.974220 -2.826104 1.036587 0.398753 -2.810857 = -2.74571053 @ 390297 274766
-1.471476 3.713799 -4.819699 -4.262306 3.644916 0.974220 -2.826104 1.036587 0.398753 -2.810857 = -2.74584215 @ 395483 277561
-1.471476 3.713799 -4.819691 -4.262306 3.644916 0.974187 -2.826094 1.036587 0.398753 -2.810950 = -2.74591103 @ 399122 279499
-1.471476 3.713799 -4.819699 -4.262306 3.644915 0.974220 -2.826104 1.036587 0.398753 -2.810857 = -2.74595914 @ 399708 279810
-1.471476 3.713799 -4.819699 -4.262306 3.644916 0.974220 -2.826104 1.036587 0.398753 -2.810950 = -2.74684954 @ 393579 276531
-1.471476 3.713799 -4.819699 -4.262306 3.644916 0.974220 -2.826104 1.036587 0.398753 -2.810950 = -2.74685423 @ 399978 279952
-1.471476 3.713799 -4.819699 -4.262095 3.644916 0.974220 -2.826104 1.036587 0.397200 -2.810857 = -2.74709008 @ 396085 277891
-1.471476 3.713799 -4.819699 -4.262095 3.644916 0.974220 -2.826104 1.036587 0.397200 -2.810857 = -2.74709008 @ 399631 279770
-1.471476 3.713799 -4.819699 -4.262306 3.645025 0.974220 -2.826104 1.036587 0.402053 -2.810946 = -2.91522148 @ 398091 278949
-1.471476 3.713799 -4.819699 -4.262306 3.644916 0.974220 -2.826104 1.036587 0.402053 -2.810946 = -2.91780729 @ 397326 278560
-1.406114 3.699206 -4.919478 -4.186060 3.758422 0.920877 -2.573363 0.972618 0.415347 -2.769073 = -3.06639225 @ 386545 272799
-1.406114 3.699206 -4.919478 -4.186060 3.758422 0.920877 -2.573363 0.972618 0.415347 -2.769073 = -3.06643593 @ 399946 279935
-1.406114 3.699207 -4.919478 -4.186060 3.758422 0.920877 -2.573367 0.972622 0.415347 -2.769070 = -3.06661980 @ 398257 279037
-1.406114 3.699206 -4.919478 -4.186060 3.758452 0.920877 -2.573363 0.972618 0.414931 -2.769073 = -3.07692985 @ 398617 279234
-1.378802 3.750542 -4.746268 -4.295936 3.670633 0.710940 -2.721541 0.994366 0.377996 -2.811818 = -3.55066529 @ 399651 279780
-1.378802 3.750542 -4.746268 -4.295936 3.670633 0.710940 -2.721541 0.994366 0.377996 -2.811818 = -3.55072223 @ 399618 279763
-1.378802 3.750542 -4.746268 -4.295936 3.670633 0.710940 -2.721541 0.994366 0.377996 -2.811818 = -3.55072223 @ 398343 279083
-1.378802 3.750542 -4.746268 -4.295936 3.670610 0.710940 -2.721541 0.994366 0.377996 -2.811818 = -3.55171929 @ 396574 278154
-1.378802 3.750542 -4.746274 -4.295936 3.670633 0.710940 -2.721541 0.994366 0.377996 -2.811818 = -3.55208756 @ 398397 279114
-1.378802 3.750542 -4.746274 -4.295936 3.670633 0.710940 -2.721541 0.994366 0.378001 -2.811818 = -3.55241380 @ 399443 279670
-1.378802 3.750542 -4.746274 -4.295936 3.670633 0.710940 -2.721541 0.994370 0.378006 -2.811818 = -3.55302323 @ 399766 279841
-1.378802 3.750542 -4.746274 -4.295936 3.670633 0.710940 -2.721541 0.994366 0.378006 -2.811818 = -3.55304855 @ 399479 279689
-1.378802 3.750542 -4.746407 -4.295936 3.670595 0.710940 -2.721593 0.994369 0.377996 -2.811679 = -3.55388459 @ 399266 279575
-1.378802 3.750541 -4.746407 -4.295936 3.670610 0.710940 -2.721541 0.994366 0.377996 -2.811818 = -3.55422934 @ 399827 279873
-1.378802 3.750542 -4.746406 -4.295936 3.670595 0.710940 -2.721593 0.994366 0.377996 -2.811679 = -3.55429527 @ 399118 279497
-1.378802 3.750542 -4.746407 -4.295936 3.670595 0.710940 -2.721593 0.994366 0.377996 -2.811684 = -3.55439778 @ 399326 279607
-1.378802 3.750542 -4.746407 -4.295936 3.670595 0.710940 -2.721593 0.994366 0.377996 -2.811679 = -3.55440225 @ 386995 273033
-1.378802 3.750542 -4.746407 -4.295936 3.670610 0.710940 -2.721541 0.994366 0.377996 -2.811818 = -3.55444886 @ 396188 277948
-1.378802 3.750542 -4.746407 -4.295936 3.670595 0.710940 -2.721593 0.994366 0.377996 -2.811679 = -3.55449175 @ 399813 279865
-1.378787 3.750545 -4.746409 -4.296002 3.670595 0.710939 -2.721590 0.994365 0.377996 -2.811685 = -3.55536240 @ 398847 279351
-1.378703 3.750542 -4.746407 -4.295936 3.670595 0.710940 -2.721593 0.994366 0.377996 -2.811679 = -3.55710444 @ 395975 277833
-1.378787 3.750545 -4.746409 -4.296002 3.670595 0.710939 -2.721664 0.994365 0.377996 -2.811685 = -3.56201489 @ 397012 278386
-1.378802 3.750542 -4.746406 -4.295936 3.670689 0.710940 -2.721593 0.994366 0.377996 -2.811679 = -3.56218621 @ 396157 277931
-1.378802 3.750545 -4.746064 -4.296001 3.670595 0.710903 -2.721590 0.994367 0.377996 -2.811698 = -3.57049241 @ 396907 278331
-1.378802 3.750542 -4.746406 -4.295936 3.670689 0.710771 -2.721593 0.994366 0.377996 -2.811679 = -3.57106282 @ 396749 278247
-1.378802 3.750542 -4.746407 -4.296128 3.670610 0.710940 -2.721593 0.994366 0.377996 -2.811818 = -3.57337647 @ 396465 278097
-1.378802 3.750545 -4.746412 -4.296001 3.670464 0.710939 -2.721590 0.994044 0.377996 -2.811698 = -3.58242540 @ 396525 278128
-1.378802 3.750542 -4.746406 -4.295936 3.670595 0.711689 -2.721593 0.994366 0.377996 -2.811679 = -3.58485910 @ 392544 275969
-1.378787 3.750471 -4.746409 -4.296002 3.670595 0.710938 -2.721593 0.994365 0.377996 -2.812681 = -3.59368569 @ 399438 279667
-1.584176 3.897272 -4.889861 -4.232587 3.632651 0.845304 -2.663839 0.954243 0.425490 -2.842977 = -3.94206748 @ 399995 279962
-1.584176 3.897272 -4.889861 -4.232587 3.632651 0.845304 -2.663839 0.954243 0.425490 -2.842977 = -3.94206897 @ 399855 279888
-1.584176 3.897273 -4.889861 -4.232587 3.632651 0.845304 -2.663839 0.954243 0.425490 -2.842977 = -3.94216122 @ 399149 279513
-1.584176 3.897273 -4.889861 -4.232587 3.632651 0.845304 -2.663839 0.954243 0.425490 -2.842977 = -3.94216122 @ 396951 278354
-1.584176 3.897273 -4.889861 -4.232587 3.632651 0.845304 -2.663839 0.954243 0.425471 -2.842977 = -3.94244249 @ 399490 279695
-1.584176 3.897273 -4.889861 -4.232488 3.632682 0.845304 -2.663839 0.954243 0.425490 -2.842977 = -3.94317638 @ 399021 279441
-1.584176 3.897273 -4.889861 -4.232488 3.632682 0.845304 -2.663839 0.954243 0.425490 -2.842977 = -3.94320054 @ 399907 279915
-1.584176 3.897273 -4.889861 -4.232587 3.632651 0.845304 -2.663839 0.954214 0.425490 -2.842977 = -3.94320578 @ 399575 279740
-1.584176 3.897273 -4.889861 -4.232587 3.632645 0.845304 -2.663839 0.954214 0.425490 -2.842977 = -3.94327213 @ 399417 279656
-1.584176 3.897273 -4.889861 -4.232488 3.632682 0.845304 -2.663841 0.954243 0.425490 -2.842977 = -3.94337630 @ 399582 279744
-1.584176 3.897273 -4.889861 -4.232488 3.632675 0.845304 -2.663839 0.954243 0.425490 -2.842977 = -3.94382667 @ 398474 279155
-1.584335 3.897273 -4.889861 -4.232587 3.632636 0.845304 -2.663839 0.954243 0.425445 -2.842977 = -3.95121416 @ 398538 279192
-1.480813 3.715069 -4.884387 -4.276315 3.570449 0.921287 -2.776431 1.191822 0.542117 -2.847234 = -4.27317749 @ 397430 278613
-1.480813 3.715069 -4.884387 -4.276315 3.570449 0.921287 -2.776431 1.191822 0.542111 -2.847234 = -4.27345286 @ 399004 279433
-1.480813 3.715069 -4.884387 -4.276315 3.570449 0.921287 -2.776431 1.191822 0.542111 -2.847234 = -4.27345286 @ 399877 279899
-1.480815 3.715068 -4.884515 -4.276309 3.570435 0.921287 -2.776457 1.191822 0.542117 -2.847236 = -4.27916241 @ 399940 279932
-1.480815 3.715068 -4.884515 -4.276309 3.570435 0.921287 -2.776457 1.191822 0.542117 -2.847236 = -4.27922460 @ 399546 279725
-1.480815 3.715068 -4.884515 -4.276309 3.570435 0.921287 -2.776457 1.191822 0.542117 -2.847236 = -4.27923897 @ 399984 279956
-1.480808 3.715068 -4.884515 -4.276309 3.570435 0.921287 -2.776461 1.191822 0.542117 -2.847236 = -4.28014136 @ 399781 279849
-1.480805 3.715068 -4.884387 -4.276314 3.570449 0.920854 -2.776432 1.192556 0.542117 -2.847504 = -4.29714766 @ 399163 279521
-1.480805 3.715068 -4.884387 -4.276314 3.570449 0.920854 -2.776432 1.192556 0.542117 -2.847504 = -4.29724290 @ 399809 279863
-1.480815 3.715068 -4.884387 -4.276314 3.570449 0.920854 -2.776432 1.192556 0.542117 -2.847504 = -4.29833437 @ 397966 278883
-1.480813 3.715069 -4.884389 -4.276314 3.570449 0.921287 -2.776431 1.191822 0.543218 -2.847234 = -4.32829167 @ 399078 279474
-1.480813 3.715069 -4.884388 -4.276314 3.570449 0.921287 -2.776431 1.191822 0.543218 -2.847234 = -4.32834143 @ 397909 278853
-1.517604 3.748457 -4.974052 -4.374768 3.641308 0.786062 -2.722923 1.120837 0.577322 -2.689730 = -4.42299575 @ 399790 279853
-1.517604 3.748457 -4.974052 -4.374768 3.641308 0.786062 -2.722923 1.120837 0.577322 -2.689729 = -4.42324005 @ 399935 279930
-1.517604 3.748457 -4.974052 -4.374768 3.641308 0.786062 -2.722923 1.120837 0.577322 -2.689730 = -4.42355565 @ 399458 279678
-1.517604 3.748457 -4.974052 -4.374768 3.641312 0.786062 -2.722923 1.120837 0.577322 -2.689730 = -4.42437401 @ 398653 279253
-1.517604 3.748457 -4.974052 -4.374768 3.641312 0.786062 -2.722923 1.120837 0.577322 -2.689730 = -4.42437408 @ 398674 279264
-1.489417 3.648195 -4.948515 -4.312829 3.776119 0.865308 -2.716935 0.793133 0.473543 -2.958617 = -4.57843331 @ 398060 278933
-1.489417 3.648195 -4.948515 -4.312829 3.776119 0.865308 -2.716935 0.793133 0.473543 -2.958617 = -4.57843331 @ 399858 279889
-1.489461 3.648195 -4.948515 -4.312829 3.776119 0.865316 -2.716935 0.793116 0.473543 -2.958617 = -4.57865768 @ 398658 279255
-1.489461 3.648195 -4.948515 -4.312829 3.776119 0.865316 -2.716938 0.793116 0.473543 -2.958617 = -4.57870609 @ 399348 279619
-1.489461 3.648195 -4.948516 -4.312829 3.776101 0.865308 -2.716935 0.793116 0.473543 -2.958617 = -4.57879274 @ 399191 279536
-1.489416 3.648195 -4.948515 -4.312830 3.776119 0.865308 -2.716935 0.793116 0.473543 -2.958617 = -4.57880281 @ 399693 279802
-1.489461 3.648195 -4.948515 -4.312829 3.776101 0.865308 -2.716935 0.793116 0.473543 -2.958617 = -4.57884664 @ 397831 278813
-1.489416 3.648195 -4.948515 -4.312829 3.776119 0.865308 -2.716935 0.793116 0.473543 -2.958617 = -4.57889101 @ 399410 279653
-1.489461 3.648195 -4.948518 -4.312860 3.776119 0.865308 -2.716935 0.793116 0.473543 -2.958617 = -4.57923511 @ 396755 278251
-1.489461 3.648195 -4.948515 -4.312860 3.776119 0.865308 -2.716935 0.793116 0.473542 -2.958617 = -4.57932793 @ 399758 279837
-1.489461 3.648195 -4.948515 -4.312860 3.776119 0.865308 -2.716935 0.793116 0.473542 -2.958617 = -4.57938348 @ 399596 279751
-1.489461 3.648195 -4.948515 -4.312860 3.776119 0.865308 -2.716935 0.793116 0.473543 -2.958617 = -4.57946132 @ 397606 278701
-1.489461 3.648195 -4.948515 -4.312829 3.776119 0.865308 -2.716935 0.793116 0.473546 -2.958617 = -4.57964864 @ 399412 279654
-1.489398 3.648195 -4.948515 -4.312829 3.776120 0.865308 -2.716935 0.793116 0.473543 -2.958618 = -4.57965112 @ 399455 279676
-1.489461 3.648195 -4.948515 -4.312829 3.776119 0.865308 -2.716935 0.793116 0.473546 -2.958617 = -4.57967941 @ 399344 279617
-1.489461 3.648195 -4.948515 -4.312829 3.776119 0.865308 -2.716935 0.793116 0.473543 -2.958617 = -4.57969764 @ 396515 278123
-1.489461 3.648195 -4.948515 -4.312829 3.776119 0.865308 -2.716935 0.793116 0.473543 -2.958617 = -4.57970060 @ 399006 279434
-1.489461 3.648195 -4.948515 -4.312829 3.776119 0.865308 -2.716934 0.793116 0.473543 -2.958617 = -4.57986273 @ 393050 276242
-1.489461 3.648205 -4.948515 -4.312829 3.776119 0.865308 -2.716935 0.793116 0.473543 -2.958617 = -4.58003444 @ 394925 277254
-1.489427 3.648195 -4.948434 -4.312814 3.775834 0.865276 -2.716941 0.793233 0.473543 -2.958646 = -4.58092702 @ 399576 279741
-1.489427 3.648195 -4.948434 -4.312814 3.775834 0.865276 -2.716941 0.793233 0.473543 -2.958646 = -4.58102265 @ 395601 277635
-1.489427 3.648195 -4.948434 -4.312822 3.775834 0.865277 -2.716941 0.793232 0.473543 -2.958646 = -4.58135449 @ 392144 275760
-1.489427 3.648195 -4.948434 -4.312823 3.775834 0.865276 -2.716941 0.793233 0.473543 -2.958646 = -4.58144904 @ 389447 274323
-1.489427 3.648195 -4.948434 -4.312823 3.775834 0.865276 -2.716941 0.793233 0.473543 -2.958646 = -4.58145015 @ 397149 278467
-1.489197 3.648195 -4.948515 -4.312829 3.776119 0.865308 -2.716934 0.793116 0.473543 -2.958617 = -4.59805659 @ 399011 279436
-1.489185 3.648195 -4.948515 -4.312829 3.776119 0.865308 -2.716934 0.793116 0.473543 -2.958617 = -4.60147041 @ 397902 278850
-1.489461 3.648195 -4.948515 -4.312860 3.776119 0.865308 -2.716935 0.792308 0.473543 -2.958617 = -4.66275692 @ 394980 277283
-1.489461 3.647669 -4.948515 -4.312850 3.776119 0.859846 -2.716935 0.793116 0.473543 -2.958618 = -4.73587078 @ 399787 279852
-1.489461 3.647669 -4.948515 -4.312850 3.776119 0.859844 -2.716935 0.793116 0.473543 -2.958618 = -4.73588615 @ 395327 277473
-1.483290 3.547544 -4.933813 -4.170883 3.763803 0.849263 -2.557864 1.073132 0.509570 -2.792209 = -4.89970437 @ 399770 279843
-1.483290 3.547544 -4.933813 -4.170883 3.763803 0.849263 -2.557864 1.073132 0.509570 -2.792209 = -4.89976627 @ 399808 279863
-1.483290 3.547544 -4.933813 -4.170883 3.763802 0.849263 -2.557864 1.073132 0.509570 -2.792209 = -4.89979931 @ 399961 279943
-1.509068 3.669281 -4.881708 -4.291231 3.623299 0.866465 -2.653852 0.964331 0.457800 -2.752661 = -4.90614744 @ 399962 279944
-1.483290 3.547540 -4.934566 -4.170883 3.763760 0.849300 -2.557864 1.073029 0.509637 -2.792209 = -4.90985664 @ 396567 278150
-1.455378 3.605338 -4.967498 -4.349798 3.647602 0.805600 -2.787886 0.992786 0.224616 -2.792616 = -5.19113811 @ 399792 279854
-1.455378 3.605338 -4.967498 -4.349798 3.647602 0.805600 -2.787886 0.992786 0.224616 -2.792616 = -5.19113811 @ 399871 279896
-1.455378 3.605338 -4.967498 -4.349798 3.647602 0.805600 -2.787886 0.992786 0.224616 -2.792616 = -5.19130482 @ 395804 277743
-1.455378 3.605338 -4.967498 -4.349798 3.647602 0.805600 -2.787886 0.992786 0.224616 -2.792616 = -5.19130493 @ 396857 278305
-1.455446 3.605338 -4.967498 -4.349791 3.647602 0.805600 -2.787885 0.992786 0.224581 -2.792616 = -5.19320994 @ 398842 279349
-1.455446 3.605338 -4.967498 -4.349791 3.647602 0.805600 -2.787885 0.992786 0.224581 -2.792616 = -5.19322137 @ 399688 279799
-1.455378 3.605338 -4.967498 -4.349791 3.647602 0.805639 -2.787885 0.992786 0.224581 -2.792616 = -5.19362213 @ 398361 279092
-1.455378 3.605338 -4.967498 -4.349791 3.647602 0.805600 -2.787885 0.992741 0.224581 -2.792653 = -5.19377131 @ 396823 278286
-1.455378 3.605338 -4.967498 -4.349791 3.647602 0.805600 -2.787885 0.992786 0.224585 -2.792616 = -5.19464539 @ 399228 279555
-1.455378 3.605338 -4.967498 -4.349791 3.647602 0.805600 -2.787885 0.992786 0.224581 -2.792616 = -5.19515357 @ 392204 275792
-1.455378 3.605338 -4.967498 -4.349791 3.647602 0.805600 -2.787885 0.992786 0.224581 -2.792616 = -5.19516554 @ 399105 279490
-1.455378 3.605338 -4.967498 -4.349791 3.647602 0.805600 -2.787885 0.992786 0.224581 -2.792616 = -5.19521276 @ 384501 271708
-1.455378 3.605338 -4.967498 -4.349701 3.647686 0.805600 -2.787886 0.992786 0.224616 -2.792616 = -5.19550229 @ 397103 278434
-1.455352 3.605338 -4.967498 -4.349701 3.647602 0.805600 -2.787843 0.992786 0.224616 -2.792616 = -5.19561746 @ 397228 278509
-1.455378 3.605338 -4.967498 -4.349791 3.647602 0.805600 -2.787885 0.992786 0.224581 -2.792611 = -5.19571229 @ 399581 279743
-1.455378 3.605338 -4.967498 -4.349701 3.647602 0.805600 -2.787886 0.992786 0.224616 -2.792616 = -5.19735097 @ 393022 276227
-1.455378 3.605358 -4.967499 -4.349791 3.647602 0.805600 -2.787885 0.992626 0.224581 -2.792616 = -5.19832602 @ 398633 279242
-1.455378 3.605338 -4.967498 -4.349798 3.647602 0.805600 -2.787886 0.992786 0.224942 -2.792616 = -5.20472005 @ 397077 278420
-1.455378 3.605338 -4.967498 -4.349791 3.647602 0.805600 -2.787885 0.992218 0.224581 -2.792616 = -5.23119809 @ 395461 277548
-1.455378 3.601295 -4.967498 -4.349701 3.647606 0.805600 -2.787886 0.992786 0.224583 -2.794125 = -5.35582503 @ 393285 276365
-1.547259 3.662713 -4.966280 -4.358069 3.724787 1.167587 -2.782744 0.901113 0.522871 -2.914543 = -5.52837422 @ 399312 279600
-1.547259 3.662713 -4.966259 -4.358066 3.724857 1.167587 -2.782745 0.901113 0.522871 -2.914542 = -5.53001579 @ 398496 279166
-1.547259 3.662713 -4.966280 -4.358072 3.724783 1.167587 -2.782743 0.901113 0.522871 -2.914543 = -5.53016683 @ 399255 279569
-1.547259 3.662713 -4.966259 -4.358066 3.724782 1.167587 -2.782745 0.901113 0.522871 -2.914547 = -5.53018469 @ 399283 279584
-1.547259 3.662713 -4.966259 -4.358066 3.724782 1.167587 -2.782744 0.901113 0.522871 -2.914542 = -5.53021585 @ 399954 279940
-1.547259 3.662713 -4.966259 -4.358066 3.724782 1.167587 -2.782745 0.901113 0.522871 -2.914542 = -5.53024580 @ 398241 279028
-1.547259 3.662715 -4.966280 -4.358074 3.724783 1.167587 -2.782744 0.901113 0.522871 -2.914543 = -5.53027698 @ 399315 279601
-1.547259 3.662713 -4.966259 -4.358066 3.724782 1.167587 -2.782745 0.901113 0.522871 -2.914542 = -5.53029113 @ 396833 278292
-1.547259 3.662713 -4.966259 -4.358066 3.724782 1.167587 -2.782745 0.901113 0.522871 -2.914542 = -5.53029789 @ 396720 278232
-1.547259 3.662713 -4.966280 -4.358075 3.724783 1.167587 -2.782744 0.901113 0.522871 -2.914543 = -5.53039531 @ 399559 279732
-1.547259 3.662713 -4.966280 -4.358074 3.724783 1.167587 -2.782744 0.901113 0.522871 -2.914543 = -5.53048565 @ 395398 277513
-1.547259 3.662713 -4.966280 -4.358074 3.724783 1.167587 -2.782744 0.901113 0.522871 -2.914543 = -5.53048841 @ 394971 277278
-1.547259 3.662713 -4.966280 -4.358074 3.724783 1.167587 -2.782744 0.901113 0.522871 -2.914543 = -5.53048851 @ 397961 278881
-1.547259 3.662713 -4.966280 -4.358074 3.724783 1.167587 -2.782744 0.901113 0.522871 -2.914543 = -5.53049356 @ 393096 276266
-1.547259 3.662713 -4.966280 -4.358074 3.724783 1.167587 -2.782744 0.901113 0.522871 -2.914543 = -5.53049451 @ 397416 278606
-1.547259 3.662713 -4.966280 -4.358074 3.724782 1.167587 -2.782744 0.901113 0.522871 -2.914543 = -5.53050451 @ 399829 279874
-1.547259 3.662713 -4.966280 -4.358074 3.724783 1.167587 -2.782744 0.901113 0.522871 -2.914543 = -5.53052214 @ 399820 279869
-1.547259 3.662713 -4.966280 -4.358074 3.724783 1.167587 -2.782744 0.901113 0.522871 -2.914543 = -5.53054314 @ 393539 276510
-1.547259 3.662713 -4.966259 -4.358069 3.724782 1.167587 -2.782745 0.901113 0.522871 -2.914542 = -5.53071580 @ 395810 277746
-1.547259 3.662713 -4.966259 -4.358069 3.724782 1.167587 -2.782734 0.901113 0.522871 -2.914542 = -5.53098878 @ 395950 277819
-1.547259 3.662713 -4.966280 -4.358074 3.724783 1.167582 -2.782744 0.901113 0.522871 -2.914543 = -5.53116947 @ 399700 279806
-1.547361 3.662713 -4.966252 -4.358130 3.724793 1.167554 -2.782733 0.900978 0.522885 -2.914548 = -5.53172575 @ 396792 278270
-1.547361 3.662713 -4.966251 -4.358130 3.724784 1.167554 -2.782733 0.900978 0.522890 -2.914548 = -5.53179750 @ 399996 279963
-1.547361 3.662713 -4.966251 -4.358130 3.724784 1.167554 -2.782733 0.900978 0.522890 -2.914548 = -5.53181649 @ 399178 279529
-1.547361 3.662713 -4.966251 -4.358130 3.724784 1.167554 -2.782733 0.900978 0.522891 -2.914548 = -5.53191440 @ 398973 279417
-1.547361 3.662713 -4.966251 -4.358130 3.724784 1.167554 -2.782733 0.900978 0.522885 -2.914548 = -5.53245371 @ 390803 275029
-1.547259 3.662713 -4.966280 -4.358074 3.724783 1.167587 -2.782744 0.901136 0.522871 -2.914543 = -5.53983081 @ 398027 278916
-1.547350 3.662851 -4.966313 -4.358099 3.725114 1.167648 -2.782744 0.901051 0.522924 -2.914542 = -5.54880170 @ 391592 275472
-1.547350 3.662851 -4.966313 -4.358099 3.725114 1.167648 -2.782744 0.901051 0.522924 -2.914542 = -5.54884689 @ 392950 276188
-1.547350 3.662892 -4.966313 -4.358099 3.725114 1.167648 -2.782744 0.901051 0.522924 -2.914542 = -5.56239485 @ 397270 278531
-1.547350 3.662892 -4.966313 -4.358099 3.725114 1.167648 -2.782744 0.901051 0.522924 -2.914542 = -5.56241303 @ 399983 279955
-1.547931 3.662713 -4.966252 -4.358130 3.724793 1.167554 -2.782733 0.900978 0.522885 -2.914548 = -5.57961789 @ 397315 278554
-1.547931 3.662713 -4.966252 -4.358130 3.724793 1.167554 -2.782733 0.900978 0.522885 -2.914548 = -5.57961789 @ 399999 279964
-1.547259 3.662713 -4.966252 -4.358066 3.724896 1.167587 -2.782745 0.901113 0.522871 -2.912818 = -5.69587659 @ 394790 277183
-1.547259 3.662713 -4.960470 -4.358074 3.724783 1.167587 -2.782744 0.901113 0.522871 -2.914543 = -5.91731572 @ 399831 279875
-1.568838 3.638911 -5.000000 -4.253453 3.454973 1.042817 -2.524621 0.985142 0.506987 -2.900629 = -6.75927024 @ 396594 278165
-1.568838 3.641099 -5.000000 -4.253453 3.454967 1.042817 -2.524299 0.985910 0.506957 -2.903350 = -6.77664775 @ 399549 279727
-1.568838 3.641099 -5.000000 -4.253453 3.454973 1.042817 -2.524299 0.985910 0.506957 -2.903350 = -6.77947061 @ 399906 279914
-1.568838 3.641099 -5.000000 -4.253453 3.454973 1.042817 -2.524299 0.985910 0.506957 -2.903350 = -6.77948151 @ 399139 279508
-1.568839 3.641099 -5.000000 -4.253453 3.454973 1.042817 -2.524299 0.985910 0.506921 -2.903350 = -6.78143960 @ 399257 279571
-1.568838 3.641099 -5.000000 -4.253453 3.454973 1.042817 -2.524299 0.985910 0.506921 -2.903350 = -6.78155394 @ 398377 279101
