-0.500440 -4.011928 -4.880882 -1.010395 -3.045106 1.762216 3.204125 -2.008693 -3.890607 -3.245001 = -0.00061684 @ 399304 284763
-0.500440 -4.011928 -4.880882 -1.010395 -3.045100 1.762216 3.204125 -2.008693 -3.890607 -3.245001 = -0.00061841 @ 398588 284198
-0.500440 -4.011928 -4.880882 -1.010395 -3.045100 1.762216 3.204109 -2.008693 -3.890607 -3.245001 = -0.00062243 @ 398442 284099
-0.500440 -4.011928 -4.880882 -1.010497 -3.045100 1.762216 3.204109 -2.008693 -3.890607 -3.245001 = -0.00063062 @ 398381 284021
-0.500440 -4.011928 -4.880882 -1.010497 -3.045100 1.762216 3.204108 -2.008693 -3.890607 -3.245001 = -0.00063090 @ 397548 283276
-0.500440 -4.011928 -4.880882 -1.010497 -3.045100 1.762216 3.204108 -2.008693 -3.890607 -3.245150 = -0.00063368 @ 396211 282298
-0.500440 -4.011928 -4.880882 -1.011373 -3.045100 1.762216 3.204165 -2.008232 -3.890607 -3.245150 = -0.00073908 @ 396804 282730
-0.498747 -4.011928 -4.880882 -1.011373 -3.045608 1.762216 3.204108 -2.008693 -3.890504 -3.245150 = -0.00091651 @ 393687 280398
-0.501499 -4.011928 -4.880882 -1.011373 -3.045865 1.762231 3.204108 -2.007457 -3.890504 -3.245150 = -0.00124257 @ 397738 283447
-0.501499 -4.011928 -4.880882 -1.011373 -3.045865 1.762216 3.204108 -2.007457 -3.890504 -3.245150 = -0.00124358 @ 395755 281934
-0.501499 -4.011928 -4.880882 -1.010645 -3.045100 1.762216 3.204108 -2.008693 -3.890607 -3.245150 = -0.00127501 @ 399960 285274
-0.501499 -4.011928 -4.880882 -1.010645 -3.045100 1.762216 3.204108 -2.008693 -3.890607 -3.245150 = -0.00127504 @ 395377 281654
-0.501499 -4.011928 -4.880883 -1.011373 -3.045865 1.762216 3.204108 -2.008693 -3.890504 -3.245150 = -0.00144067 @ 398269 283957
-0.501499 -4.011928 -4.880882 -1.011373 -3.045865 1.762216 3.204108 -2.008693 -3.890504 -3.245150 = -0.00144068 @ 394740 281158
-1.481763 3.673731 -4.859223 -4.298835 3.631046 0.872716 -2.656079 0.961145 0.459119 -2.772739 = -0.00166800 @ 399290 284756
-1.481790 3.673731 -4.859223 -4.298835 3.631046 0.872716 -2.656079 0.961145 0.459119 -2.772739 = -0.00168915 @ 398563 284184
-1.481790 3.673731 -4.859223 -4.298835 3.631046 0.872716 -2.656079 0.961145 0.459119 -2.772739 = -0.00168934 @ 399944 285265
-0.501499 -4.011928 -4.880883 -1.010375 -3.045222 1.761592 3.204109 -2.008431 -3.889368 -3.245144 = -0.00170759 @ 399221 284718
-0.501499 -4.011928 -4.880882 -1.010375 -3.045222 1.761592 3.204108 -2.008431 -3.889368 -3.245144 = -0.00170786 @ 397612 283340
-1.481790 3.673731 -4.859223 -4.298835 3.631046 0.872675 -2.656079 0.961303 0.459119 -2.772739 = -0.00192665 @ 399521 284881
-1.481790 3.673731 -4.859223 -4.298835 3.631046 0.872675 -2.656080 0.961303 0.459119 -2.772739 = -0.00192809 @ 399242 284730
-1.481790 3.673731 -4.859223 -4.298835 3.631046 0.872675 -2.656080 0.961303 0.459119 -2.772739 = -0.00192809 @ 399514 284877
-1.481790 3.673731 -4.859223 -4.298835 3.631046 0.872716 -2.656079 0.961303 0.459119 -2.772739 = -0.00195567 @ 397102 282931
-1.481790 3.673731 -4.859223 -4.298835 3.631046 0.872716 -2.656079 0.961303 0.459119 -2.772739 = -0.00195567 @ 398449 284103
-1.481790 3.673731 -4.859224 -4.298835 3.631046 0.872713 -2.656079 0.961303 0.459119 -2.772739 = -0.00195586 @ 399726 285053
-1.481790 3.673731 -4.859224 -4.298835 3.631046 0.872716 -2.656079 0.961303 0.459119 -2.772739 = -0.00195823 @ 398209 283898
-1.481790 3.673731 -4.859223 -4.298835 3.631046 0.872723 -2.656079 0.961303 0.459119 -2.772739 = -0.00196089 @ 398666 284258
-1.481831 3.673731 -4.859223 -4.298835 3.631046 0.872716 -2.656079 0.961303 0.458907 -2.772739 = -0.00220081 @ 395333 281627
-0.501499 -4.011269 -4.880882 -1.011373 -3.045845 1.762216 3.204108 -2.008673 -3.889368 -3.245144 = -0.00220238 @ 381332 271307
-1.481831 3.673731 -4.859223 -4.298835 3.630980 0.872716 -2.656079 0.961303 0.458907 -2.772739 = -0.00223862 @ 398698 284290
-1.481946 3.673654 -4.858701 -4.298835 3.630689 0.872716 -2.656156 0.960887 0.459015 -2.772397 = -0.00248415 @ 398187 283878
-1.481831 3.673731 -4.859223 -4.298835 3.631046 0.872577 -2.656079 0.960888 0.459304 -2.772395 = -0.00254582 @ 397726 283441
-1.481839 3.673587 -4.858716 -4.298840 3.630689 0.872716 -2.656022 0.960887 0.458906 -2.772397 = -0.00254584 @ 398865 284467
-1.481839 3.673587 -4.858716 -4.298840 3.630689 0.872716 -2.656060 0.960887 0.458906 -2.772397 = -0.00256891 @ 398981 284578
-1.481839 3.673587 -4.858716 -4.298840 3.630689 0.872716 -2.656060 0.960887 0.458906 -2.772397 = -0.00256899 @ 399589 284916
-1.481839 3.673587 -4.858719 -4.298840 3.630689 0.872716 -2.656079 0.960887 0.458906 -2.772397 = -0.00258225 @ 399472 284853
-1.481839 3.673587 -4.858716 -4.298855 3.630689 0.872716 -2.656079 0.960887 0.458906 -2.772397 = -0.00258900 @ 398135 283823
-1.481839 3.673587 -4.858716 -4.298840 3.630689 0.872716 -2.656060 0.960873 0.458906 -2.772397 = -0.00261640 @ 399208 284711
-1.482020 3.673588 -4.858716 -4.298840 3.630689 0.872716 -2.656079 0.960887 0.458966 -2.772397 = -0.00270006 @ 399130 284668
-1.482020 3.673587 -4.858716 -4.298840 3.630689 0.872716 -2.656079 0.960887 0.458966 -2.772397 = -0.00270143 @ 398351 284005
-0.501499 -4.011928 -4.878621 -1.011373 -3.045100 1.762216 3.204108 -2.008693 -3.890504 -3.245150 = -0.00270428 @ 391396 278316
-1.482020 3.673587 -4.858716 -4.298827 3.630696 0.872716 -2.656079 0.960905 0.458906 -2.772397 = -0.00272399 @ 399623 284949
-1.482020 3.673587 -4.858716 -4.298835 3.630689 0.872716 -2.656079 0.960905 0.458906 -2.772398 = -0.00273725 @ 397765 283477
-1.482152 3.673860 -4.858701 -4.298835 3.630689 0.872716 -2.656079 0.960887 0.458906 -2.772397 = -0.00276284 @ 396982 282831
-1.482020 3.673587 -4.858716 -4.298835 3.630689 0.872716 -2.656079 0.960887 0.458906 -2.772403 = -0.00276561 @ 397140 282953
-0.501336 -4.011928 -4.880882 -1.010895 -3.044987 1.761611 3.201082 -2.006654 -3.890607 -3.245150 = -0.00425519 @ 399316 284770
-0.501336 -4.011912 -4.880882 -1.010895 -3.044987 1.761611 3.201082 -2.006654 -3.890607 -3.245150 = -0.00425932 @ 399445 284839
-0.501499 -4.011928 -4.880882 -1.010645 -3.045100 1.761611 3.201082 -2.006654 -3.890607 -3.245150 = -0.00426891 @ 398710 284304
-1.481585 3.673587 -4.859222 -4.298835 3.631097 0.873277 -2.656105 0.961532 0.458901 -2.772906 = -0.00453086 @ 398059 283747
-1.481585 3.673587 -4.859222 -4.298835 3.631092 0.873277 -2.656105 0.961532 0.458901 -2.772906 = -0.00453508 @ 395126 281445
-0.501336 -4.012669 -4.880896 -1.010895 -3.044987 1.761611 3.201082 -2.006654 -3.889398 -3.244886 = -0.00461902 @ 398098 283788
-0.501336 -4.012669 -4.880882 -1.010895 -3.044987 1.761611 3.201082 -2.006654 -3.889391 -3.244886 = -0.00462448 @ 398781 284371
-0.501336 -4.012669 -4.880882 -1.010895 -3.044987 1.761611 3.201082 -2.006654 -3.889391 -3.244886 = -0.00462480 @ 393947 280585
-0.501336 -4.012669 -4.880882 -1.010895 -3.044987 1.761611 3.201082 -2.006654 -3.889391 -3.244851 = -0.00463082 @ 399323 284774
-0.501336 -4.011928 -4.880882 -1.010895 -3.044987 1.761611 3.201082 -2.006654 -3.889391 -3.244886 = -0.00473395 @ 392434 279342
-1.482152 3.673587 -4.859223 -4.298835 3.630971 0.873452 -2.656098 0.961116 0.458901 -2.772206 = -0.00557986 @ 399723 285043
-1.482155 3.673587 -4.859211 -4.298835 3.630541 0.873468 -2.656079 0.961260 0.458901 -2.772395 = -0.00604099 @ 382880 272321
-0.501499 -4.011269 -4.880943 -1.011373 -3.045100 1.767185 3.204108 -2.008582 -3.889405 -3.245150 = -0.00756184 @ 397273 283040
-0.500773 -4.004466 -4.879938 -1.011435 -3.045452 1.762594 3.203692 -2.008822 -3.888379 -3.245136 = -0.01724271 @ 395358 281643
-0.501337 -4.012882 -4.878724 -1.005973 -3.044879 1.761340 3.198673 -2.007037 -3.895748 -3.244941 = -0.01991936 @ 391917 278845
-0.501337 -4.012882 -4.878724 -1.005973 -3.044879 1.761340 3.198673 -2.007037 -3.895748 -3.244941 = -0.01991945 @ 399937 285261
-1.482150 3.672903 -4.860666 -4.301055 3.630280 0.873310 -2.656181 0.959786 0.458883 -2.772210 = -0.03512553 @ 368192 262368
-0.501499 -4.011269 -4.879778 -1.024086 -3.045104 1.763393 3.204121 -2.008693 -3.889353 -3.245150 = -0.04611580 @ 398482 284133
-0.502213 -4.011488 -4.870401 -1.007784 -3.045741 1.750691 3.205546 -2.005857 -3.888929 -3.243111 = -0.06103477 @ 370949 264110
-0.501499 -4.011270 -4.880005 -1.029346 -3.045104 1.762723 3.204578 -2.008693 -3.889351 -3.245150 = -0.08570682 @ 395770 281950
-0.501499 -4.011270 -4.880005 -1.011459 -3.045098 1.762723 3.204183 -2.036929 -3.888512 -3.245150 = -0.19782790 @ 399644 284971
-0.501499 -4.011269 -4.880005 -1.011459 -3.045098 1.762723 3.204183 -2.036929 -3.888512 -3.245150 = -0.19783411 @ 386916 274830
-0.500440 -4.011928 -4.846092 -1.006901 -3.045100 1.764369 3.204502 -2.006129 -3.888185 -3.240141 = -0.28975181 @ 399887 285234
-0.500440 -4.011928 -4.846092 -1.006901 -3.045100 1.764369 3.204502 -2.006129 -3.888185 -3.240141 = -0.28975271 @ 399973 285283
-0.502350 -4.011413 -4.846092 -1.006901 -3.041353 1.764369 3.204502 -2.006129 -3.888180 -3.240141 = -0.29655750 @ 399386 284808
-0.502350 -4.011413 -4.846092 -1.006901 -3.041353 1.764369 3.204502 -2.006129 -3.888185 -3.240141 = -0.29661036 @ 398622 284220
-0.502350 -4.011413 -4.846092 -1.006901 -3.041353 1.764355 3.204502 -2.006129 -3.888185 -3.240141 = -0.29667167 @ 399137 284672
-0.502350 -4.011413 -4.846092 -1.006903 -3.041323 1.764369 3.204502 -2.006129 -3.888185 -3.240141 = -0.29679838 @ 399750 285073
-0.502350 -4.011413 -4.846092 -1.006903 -3.041323 1.764369 3.204502 -2.006129 -3.888185 -3.240141 = -0.29680017 @ 399967 285278
-0.502350 -4.011413 -4.846092 -1.006903 -3.041323 1.764369 3.204502 -2.006129 -3.888185 -3.240141 = -0.29680027 @ 399889 285235
-0.502350 -4.011413 -4.846092 -1.006901 -3.041323 1.764369 3.204502 -2.006129 -3.888185 -3.240141 = -0.29680569 @ 398801 284389
-0.502350 -4.011413 -4.846092 -1.006741 -3.041353 1.764369 3.204542 -2.006129 -3.888185 -3.240141 = -0.29714399 @ 399856 285189
-0.502979 -4.010965 -4.884943 -1.010733 -3.109827 1.760307 3.194332 -2.008788 -3.888686 -3.237488 = -0.95274741 @ 398547 284176
-0.502979 -4.010965 -4.884943 -1.010733 -3.109827 1.760307 3.194332 -2.008823 -3.888686 -3.237488 = -0.95357887 @ 398359 284009
-0.502979 -4.010965 -4.884943 -1.010721 -3.109827 1.760156 3.194527 -2.008823 -3.888686 -3.237488 = -0.95490448 @ 399690 285011
-0.502979 -4.010965 -4.884943 -1.010721 -3.109891 1.760156 3.194527 -2.008823 -3.888686 -3.237520 = -0.95717515 @ 398050 283738
-0.502979 -4.010965 -4.884943 -1.010721 -3.110922 1.760307 3.194527 -2.008823 -3.888686 -3.237488 = -0.99156485 @ 395049 281391
-1.408252 3.761972 -4.833276 -4.318170 3.608869 0.939933 -2.623557 0.904952 0.461038 -2.744001 = -1.21867821 @ 399346 284786
-1.408213 3.762307 -4.833276 -4.318170 3.608869 0.939621 -2.623784 0.904952 0.460622 -2.744000 = -1.22137973 @ 398031 283720
-1.408119 3.761454 -4.833276 -4.318170 3.608869 0.939933 -2.623557 0.904952 0.461038 -2.744000 = -1.22143227 @ 399516 284878
-1.408119 3.762307 -4.832883 -4.318170 3.608869 0.939933 -2.623557 0.904952 0.461038 -2.744000 = -1.22144782 @ 399599 284921
-1.408119 3.762307 -4.832892 -4.318174 3.608869 0.939933 -2.623557 0.904952 0.461038 -2.744000 = -1.22158356 @ 399948 285267
-1.408119 3.762307 -4.832892 -4.318174 3.608869 0.939933 -2.623557 0.904952 0.461038 -2.744000 = -1.22158548 @ 399178 284695
-1.408119 3.762307 -4.832892 -4.318170 3.608869 0.939933 -2.623557 0.904952 0.461038 -2.744000 = -1.22161120 @ 399196 284705
-1.408119 3.762307 -4.832892 -4.318170 3.608869 0.939933 -2.623557 0.904952 0.461038 -2.744000 = -1.22161120 @ 398980 284577
-1.408119 3.762307 -4.832892 -4.318170 3.608869 0.939933 -2.623557 0.904952 0.461038 -2.744000 = -1.22161361 @ 399995 285295
-1.408119 3.762307 -4.833276 -4.318172 3.608869 0.939621 -2.623784 0.904903 0.461038 -2.744000 = -1.22170401 @ 398951 284547
-1.408119 3.762307 -4.833276 -4.318170 3.608870 0.939621 -2.623784 0.904903 0.461038 -2.744000 = -1.22177935 @ 399928 285255
-1.408119 3.762307 -4.833276 -4.318170 3.608869 0.939621 -2.623784 0.904903 0.461038 -2.744000 = -1.22194911 @ 397184 282978
-1.408119 3.761447 -4.833276 -4.318170 3.608869 0.939933 -2.623557 0.904952 0.461038 -2.744000 = -1.22196761 @ 397736 283446
-1.408119 3.761972 -4.833276 -4.318170 3.608869 0.939933 -2.623557 0.904952 0.461038 -2.744000 = -1.22336307 @ 396912 282792
-1.408119 3.762307 -4.833276 -4.318170 3.608875 0.939621 -2.623784 0.904952 0.460582 -2.744000 = -1.22351307 @ 399275 284748
-1.408119 3.762307 -4.833276 -4.318170 3.608869 0.939621 -2.623784 0.904952 0.460582 -2.744000 = -1.22389891 @ 398203 283895
-1.408119 3.762307 -4.833276 -4.318170 3.608846 0.939203 -2.623557 0.904952 0.461038 -2.744000 = -1.22617606 @ 399002 284599
-1.408119 3.762307 -4.833276 -4.318170 3.608869 0.939621 -2.623557 0.905019 0.461547 -2.744000 = -1.22697282 @ 397163 282966
-1.408119 3.762307 -4.833286 -4.317798 3.608682 0.939621 -2.624203 0.905707 0.461038 -2.744000 = -1.23211746 @ 395975 282140
-1.408119 3.762307 -4.833286 -4.317803 3.608682 0.939621 -2.624203 0.905707 0.461038 -2.744000 = -1.23254171 @ 397421 283138
-1.408120 3.762307 -4.833276 -4.317769 3.608864 0.940152 -2.623558 0.905707 0.461039 -2.744000 = -1.23431663 @ 399493 284865
-1.408120 3.762307 -4.833276 -4.317769 3.608869 0.940152 -2.623558 0.905707 0.461039 -2.744000 = -1.23467029 @ 391322 278250
-1.407944 3.762307 -4.833286 -4.317798 3.608891 0.939621 -2.624203 0.905707 0.461038 -2.744000 = -1.23493690 @ 397199 282991
-1.408417 3.762309 -4.833276 -4.317769 3.608869 0.939362 -2.624485 0.905699 0.460734 -2.744001 = -1.23507376 @ 398866 284467
-1.408417 3.762309 -4.833276 -4.317769 3.608868 0.939362 -2.624501 0.905707 0.460734 -2.744001 = -1.23533479 @ 399742 285069
-1.407944 3.762287 -4.833286 -4.317745 3.608891 0.939621 -2.624203 0.905707 0.461038 -2.744000 = -1.23557059 @ 399328 284777
-1.408417 3.762309 -4.833276 -4.317769 3.608869 0.939362 -2.624485 0.905707 0.460734 -2.744001 = -1.23588320 @ 397780 283485
-1.408417 3.762309 -4.833276 -4.317769 3.608869 0.939362 -2.624485 0.905707 0.460734 -2.744001 = -1.23588322 @ 393745 280436
-1.408120 3.762307 -4.833276 -4.317769 3.607360 0.939364 -2.623659 0.905556 0.461039 -2.744000 = -1.24953253 @ 397850 283547
-1.553711 3.586849 -4.886093 -4.277963 3.652468 0.807113 -2.688104 1.019136 0.456815 -2.802371 = -1.37719258 @ 394271 280814
-1.553711 3.586849 -4.886093 -4.277963 3.652468 0.807113 -2.688104 1.019136 0.456815 -2.802371 = -1.37719258 @ 399778 285104
-1.553711 3.586849 -4.886093 -4.277963 3.652468 0.807113 -2.688104 1.019136 0.456815 -2.802371 = -1.37719287 @ 396425 282468
-1.553711 3.586849 -4.886093 -4.277963 3.652485 0.807113 -2.688105 1.019136 0.456815 -2.802373 = -1.37746783 @ 399144 284676
-1.553711 3.586849 -4.886093 -4.277963 3.652485 0.807113 -2.688105 1.019136 0.456815 -2.802373 = -1.37748407 @ 399919 285250
-1.553711 3.586849 -4.886093 -4.277963 3.652485 0.807113 -2.688105 1.019136 0.456815 -2.802371 = -1.37750024 @ 392699 279562
-1.553711 3.586849 -4.886093 -4.277963 3.652485 0.807113 -2.688105 1.019136 0.456815 -2.802371 = -1.37750024 @ 397824 283526
-1.553711 3.586849 -4.886093 -4.277963 3.652485 0.807113 -2.688105 1.019136 0.456815 -2.802371 = -1.37750184 @ 396837 282749
-1.553711 3.586849 -4.886093 -4.277963 3.652485 0.807113 -2.688105 1.019136 0.456815 -2.802371 = -1.37750188 @ 395185 281505
-1.553711 3.586849 -4.886093 -4.277963 3.652485 0.807113 -2.688105 1.019136 0.456815 -2.802371 = -1.37750188 @ 399677 285004
-1.553711 3.586849 -4.886093 -4.277963 3.652485 0.807113 -2.688105 1.019136 0.456815 -2.802371 = -1.37750198 @ 383935 272987
-1.553711 3.586849 -4.886093 -4.277963 3.652485 0.807113 -2.688105 1.019136 0.456815 -2.802371 = -1.37750859 @ 392736 279585
-1.553711 3.586848 -4.886093 -4.277963 3.652485 0.807113 -2.688105 1.019136 0.456815 -2.802373 = -1.37752496 @ 399815 285145
-1.553710 3.586849 -4.886093 -4.277963 3.652465 0.807113 -2.688105 1.019140 0.456812 -2.802371 = -1.37757035 @ 384100 273083
-1.553711 3.586849 -4.886102 -4.277963 3.652485 0.807113 -2.688105 1.019136 0.456815 -2.802371 = -1.37771917 @ 396650 282636
-1.553711 3.586849 -4.886093 -4.277963 3.652489 0.807113 -2.688105 1.019136 0.456815 -2.802371 = -1.37803065 @ 398875 284475
-1.553711 3.586849 -4.886093 -4.277963 3.652496 0.807113 -2.688104 1.019136 0.456815 -2.802371 = -1.37813571 @ 395509 281750
-1.553711 3.586849 -4.886093 -4.277963 3.652485 0.807126 -2.688105 1.019136 0.456815 -2.802371 = -1.37828099 @ 397910 283606
-1.553711 3.586849 -4.886093 -4.277963 3.652503 0.807113 -2.688105 1.019136 0.456815 -2.802371 = -1.37834862 @ 399213 284714
-1.553711 3.586849 -4.886093 -4.277963 3.652468 0.807113 -2.688104 1.019136 0.456815 -2.802344 = -1.37860733 @ 397976 283677
-1.553691 3.586846 -4.886086 -4.277938 3.652473 0.807149 -2.688094 1.019156 0.456812 -2.802365 = -1.37885918 @ 395176 281498
-1.553683 3.586849 -4.886093 -4.277963 3.652468 0.807113 -2.688104 1.019136 0.456815 -2.802378 = -1.37901177 @ 399435 284833
-1.553711 3.586849 -4.886093 -4.277963 3.652485 0.807113 -2.688105 1.019343 0.456815 -2.802371 = -1.38466611 @ 398287 283967
-1.553711 3.586849 -4.886093 -4.277963 3.652485 0.806843 -2.688104 1.019136 0.456815 -2.802371 = -1.38594761 @ 394221 280770
-1.553711 3.586362 -4.886102 -4.277963 3.652485 0.807113 -2.688105 1.019136 0.456815 -2.802371 = -1.38766760 @ 398341 284000
-1.553711 3.586327 -4.886093 -4.277963 3.652485 0.807113 -2.688105 1.019136 0.456815 -2.802371 = -1.38895752 @ 397058 282880
-1.553711 3.586849 -4.886093 -4.277967 3.652485 0.807754 -2.688105 1.019136 0.456815 -2.802371 = -1.39167234 @ 398844 284440
-1.553711 3.586849 -4.886093 -4.277965 3.652485 0.807754 -2.688105 1.019136 0.456815 -2.802371 = -1.39201433 @ 398428 284079
-1.458649 3.774923 -4.963045 -4.255034 3.577826 0.853003 -2.662642 0.941536 0.477422 -2.825124 = -1.41656065 @ 399049 284625
-1.458649 3.774923 -4.963044 -4.255034 3.577826 0.853003 -2.662642 0.941536 0.477422 -2.825124 = -1.41656425 @ 397881 283575
-1.458649 3.774923 -4.963043 -4.255050 3.577826 0.853003 -2.662642 0.941536 0.477422 -2.825124 = -1.41670772 @ 399863 285203
-1.458661 3.774923 -4.963043 -4.255050 3.577826 0.853003 -2.662642 0.941536 0.477422 -2.825124 = -1.41677891 @ 398813 284402
-1.458649 3.774923 -4.963043 -4.255050 3.577826 0.853003 -2.662642 0.941536 0.477422 -2.825124 = -1.41677937 @ 399981 285287
-1.458649 3.774923 -4.963043 -4.255034 3.577826 0.853003 -2.662642 0.941536 0.477422 -2.825124 = -1.41679887 @ 397110 282936
-1.458649 3.774923 -4.963010 -4.254631 3.577774 0.853003 -2.662642 0.941536 0.477422 -2.825124 = -1.41871529 @ 398441 284092
-1.458649 3.774923 -4.963010 -4.254631 3.577826 0.853003 -2.662642 0.941536 0.477422 -2.825124 = -1.41913859 @ 398114 283804
-1.458661 3.774923 -4.963043 -4.254960 3.577826 0.853003 -2.662642 0.941536 0.477422 -2.825124 = -1.41945119 @ 398848 284442
-1.458649 3.774923 -4.963043 -4.255034 3.577826 0.853003 -2.662642 0.941701 0.477422 -2.825124 = -1.41956073 @ 398420 284073
-1.457265 3.774911 -4.963043 -4.256699 3.577826 0.852965 -2.662642 0.941547 0.477422 -2.824911 = -1.41988631 @ 399546 284894
-1.457265 3.774923 -4.963043 -4.256699 3.577826 0.852965 -2.662642 0.941547 0.477422 -2.824911 = -1.41994640 @ 398656 284253
-1.457265 3.774923 -4.963043 -4.256699 3.577826 0.852965 -2.662642 0.941547 0.477423 -2.824911 = -1.42003008 @ 399432 284831
-1.457231 3.774923 -4.963043 -4.256699 3.577826 0.852965 -2.662642 0.941547 0.477422 -2.824911 = -1.42015624 @ 399315 284769
-1.457265 3.774923 -4.963043 -4.256754 3.577826 0.853003 -2.662642 0.941566 0.477422 -2.824911 = -1.42052684 @ 399088 284646
-1.457265 3.774923 -4.963043 -4.256754 3.577821 0.853003 -2.662642 0.941566 0.477422 -2.824911 = -1.42067052 @ 399530 284885
-1.457265 3.774923 -4.963043 -4.256754 3.577826 0.853003 -2.662642 0.941623 0.477422 -2.824911 = -1.42120256 @ 398343 284001
-1.457265 3.774923 -4.963043 -4.256754 3.577859 0.853003 -2.662642 0.941536 0.477422 -2.824911 = -1.42249183 @ 397182 282977
-1.457206 3.774923 -4.963043 -4.256754 3.577859 0.853003 -2.662642 0.941536 0.477422 -2.824911 = -1.42319166 @ 399352 284790
-1.457206 3.774923 -4.963043 -4.256754 3.577859 0.853003 -2.662642 0.941536 0.477422 -2.824911 = -1.42319166 @ 399702 285025
-1.457307 3.774927 -4.963050 -4.256754 3.577826 0.853003 -2.662779 0.941536 0.477422 -2.825225 = -1.42424269 @ 395798 281978
-1.457307 3.774927 -4.963050 -4.256754 3.577826 0.853003 -2.662812 0.941536 0.477422 -2.825225 = -1.42432248 @ 399345 284786
-1.458649 3.774923 -4.963043 -4.256754 3.577826 0.853003 -2.662642 0.941536 0.477422 -2.825225 = -1.42470024 @ 393873 280528
-1.458636 3.774923 -4.963043 -4.256754 3.577826 0.853003 -2.662642 0.941536 0.477422 -2.825225 = -1.42498798 @ 399892 285237
-1.457265 3.774927 -4.963050 -4.256754 3.577570 0.853003 -2.662779 0.941536 0.477422 -2.825225 = -1.42512523 @ 395569 281790
-1.458655 3.774923 -4.963043 -4.256754 3.577826 0.853003 -2.662642 0.941536 0.477422 -2.825225 = -1.42533858 @ 399444 284838
-1.458649 3.774993 -4.963043 -4.256754 3.577826 0.853003 -2.662642 0.941536 0.477422 -2.825225 = -1.42732124 @ 395920 282092
-1.610137 3.734195 -4.777041 -4.276815 3.661096 0.860853 -2.619714 1.021465 0.509203 -2.778607 = -2.09289362 @ 396435 282474
-1.610137 3.734035 -4.776986 -4.277492 3.661096 0.860853 -2.618909 1.021465 0.509203 -2.778854 = -2.09382548 @ 399885 285227
-1.610137 3.734195 -4.777041 -4.276815 3.661096 0.860766 -2.619714 1.021465 0.509203 -2.778607 = -2.09482053 @ 397586 283310
-1.610137 3.734195 -4.777041 -4.276815 3.661096 0.860763 -2.619714 1.021465 0.509203 -2.778607 = -2.09497293 @ 398453 284108
-1.610137 3.734035 -4.777041 -4.276815 3.661096 0.860853 -2.619714 1.021465 0.509203 -2.778607 = -2.09523907 @ 396971 282824
-1.610568 3.734195 -4.777041 -4.276815 3.660954 0.860618 -2.619784 1.021465 0.509203 -2.778486 = -2.09710777 @ 398064 283754
-1.610137 3.734195 -4.777041 -4.276815 3.661096 0.860853 -2.619639 1.021465 0.509203 -2.778607 = -2.09783340 @ 398247 283932
-1.610568 3.734195 -4.777041 -4.276815 3.661003 0.860853 -2.619784 1.021465 0.509203 -2.778607 = -2.09851998 @ 397907 283604
-1.610124 3.735528 -4.776380 -4.276867 3.661109 0.860853 -2.619714 1.021324 0.509203 -2.779020 = -2.09888030 @ 398558 284182
-1.610568 3.734195 -4.777041 -4.276815 3.661096 0.860618 -2.619784 1.021465 0.509203 -2.778486 = -2.09888555 @ 397955 283650
-1.610137 3.735528 -4.776380 -4.276867 3.661109 0.860853 -2.619714 1.021486 0.509203 -2.779020 = -2.10080035 @ 397807 283511
-1.610124 3.735528 -4.776380 -4.276867 3.661109 0.860853 -2.619714 1.021486 0.509203 -2.779020 = -2.10132942 @ 398116 283805
-1.610124 3.735528 -4.776380 -4.276867 3.661109 0.860853 -2.619714 1.021486 0.509203 -2.779020 = -2.10132943 @ 397879 283574
-1.610137 3.735528 -4.776380 -4.276867 3.661096 0.860853 -2.619714 1.021486 0.509203 -2.779020 = -2.10151134 @ 397733 283444
-1.610124 3.735528 -4.776380 -4.276867 3.661109 0.860853 -2.619695 1.021486 0.509203 -2.779020 = -2.10160741 @ 399082 284643
-1.610137 3.733999 -4.776986 -4.277492 3.660350 0.860853 -2.618909 1.020784 0.509203 -2.778854 = -2.10773666 @ 399282 284752
-1.610137 3.733999 -4.777072 -4.277492 3.660350 0.860853 -2.618909 1.020784 0.509199 -2.778854 = -2.11028338 @ 399000 284598
-1.610137 3.733999 -4.777072 -4.277492 3.660350 0.860853 -2.618909 1.020784 0.509203 -2.778854 = -2.11036483 @ 395119 281441
-1.389441 3.630086 -4.927781 -4.374598 3.608072 0.871786 -2.715517 0.981586 0.329601 -2.761540 = -2.12946729 @ 399789 285115
-1.389441 3.630086 -4.927781 -4.374598 3.608072 0.871786 -2.715517 0.981586 0.329601 -2.761540 = -2.12948679 @ 399951 285269
-1.389441 3.630086 -4.927781 -4.374598 3.608072 0.871786 -2.715517 0.981586 0.329601 -2.761540 = -2.12950336 @ 398541 284172
-1.389441 3.630086 -4.927781 -4.374598 3.608072 0.871786 -2.715517 0.981586 0.329601 -2.761540 = -2.12950772 @ 399873 285212
-1.389441 3.630083 -4.927781 -4.374598 3.608072 0.871786 -2.715517 0.981586 0.329601 -2.761540 = -2.12955466 @ 399809 285134
-1.389441 3.630083 -4.927781 -4.374598 3.608072 0.871786 -2.715517 0.981586 0.329601 -2.761540 = -2.12957331 @ 399966 285277
-1.389441 3.630083 -4.927781 -4.374598 3.608072 0.871786 -2.715517 0.981586 0.329601 -2.761540 = -2.12957460 @ 399912 285247
-1.389441 3.630086 -4.927781 -4.374598 3.608072 0.871786 -2.715506 0.981586 0.329602 -2.761396 = -2.12967561 @ 398072 283762
-1.389441 3.630089 -4.927781 -4.374598 3.608072 0.871786 -2.715506 0.981586 0.329602 -2.761396 = -2.12995526 @ 398461 284114
-1.388483 3.630083 -4.927781 -4.374598 3.608072 0.871786 -2.715517 0.981586 0.329601 -2.761396 = -2.13004683 @ 399383 284806
-1.388483 3.630086 -4.927781 -4.374598 3.608072 0.871786 -2.715517 0.981586 0.329601 -2.761396 = -2.13005088 @ 396601 282606
-1.388483 3.630086 -4.927781 -4.374598 3.608072 0.871786 -2.715517 0.981586 0.329601 -2.761396 = -2.13005118 @ 399994 285294
-1.388483 3.630083 -4.927781 -4.374598 3.608072 0.871786 -2.715517 0.981586 0.329601 -2.761396 = -2.13008498 @ 399692 285012
-1.388483 3.630083 -4.927781 -4.374598 3.608072 0.871786 -2.715517 0.981586 0.329601 -2.761396 = -2.13009738 @ 399938 285262
-1.389441 3.630086 -4.927783 -4.374598 3.608072 0.871786 -2.715517 0.981586 0.329601 -2.761396 = -2.13010893 @ 398727 284317
-1.389441 3.630086 -4.927781 -4.374598 3.608072 0.871786 -2.715518 0.981586 0.329602 -2.761396 = -2.13013950 @ 399225 284721
-1.389441 3.630086 -4.927781 -4.374598 3.608072 0.871786 -2.715518 0.981586 0.329602 -2.761396 = -2.13013967 @ 397932 283629
-1.389441 3.630086 -4.927781 -4.374598 3.608072 0.871786 -2.715518 0.981586 0.329602 -2.761396 = -2.13013967 @ 399070 284636
-1.389441 3.630086 -4.927781 -4.374598 3.608072 0.871786 -2.715518 0.981586 0.329602 -2.761605 = -2.13018939 @ 395983 282145
-1.389441 3.630086 -4.927781 -4.374598 3.608072 0.871786 -2.715518 0.981586 0.329602 -2.761605 = -2.13018939 @ 399214 284715
-1.389441 3.630086 -4.927781 -4.374598 3.608072 0.871786 -2.715517 0.981586 0.329601 -2.761396 = -2.13021110 @ 392119 279047
-1.389441 3.630086 -4.927781 -4.374598 3.608072 0.871787 -2.715518 0.981586 0.329602 -2.761396 = -2.13022046 @ 399764 285090
-1.389441 3.630086 -4.927781 -4.374598 3.608072 0.871786 -2.715517 0.981586 0.329601 -2.761396 = -2.13022625 @ 392750 279597
-1.389441 3.630086 -4.927781 -4.374598 3.608072 0.871786 -2.715517 0.981586 0.329601 -2.761396 = -2.13022799 @ 392410 279323
-1.389441 3.630090 -4.927789 -4.374598 3.608072 0.871786 -2.715518 0.981586 0.329602 -2.761396 = -2.13034589 @ 399168 284690
-1.389441 3.630086 -4.927775 -4.374598 3.608072 0.871786 -2.715518 0.981586 0.329602 -2.761603 = -2.13045412 @ 399399 284815
-1.389441 3.630086 -4.927775 -4.374598 3.608072 0.871786 -2.715518 0.981586 0.329602 -2.761605 = -2.13048944 @ 399439 284835
-1.499299 3.748314 -4.910033 -4.348937 3.722777 0.834285 -2.763563 0.971745 0.429959 -2.652278 = -2.13240009 @ 399754 285085
-1.499299 3.748314 -4.910003 -4.348937 3.722777 0.834285 -2.763613 0.971745 0.429959 -2.652278 = -2.13258744 @ 399161 284685
-1.499299 3.748314 -4.910033 -4.348937 3.722777 0.834289 -2.763563 0.971745 0.429959 -2.652278 = -2.13283607 @ 399769 285099
-1.499299 3.748314 -4.910035 -4.348937 3.722777 0.834285 -2.763563 0.971748 0.429959 -2.652153 = -2.13333067 @ 399360 284794
-1.499299 3.748314 -4.910035 -4.348937 3.722777 0.834285 -2.763563 0.971748 0.429959 -2.652153 = -2.13340944 @ 399886 285233
-1.499299 3.748314 -4.910035 -4.348937 3.722777 0.834285 -2.763563 0.971745 0.429959 -2.652153 = -2.13353150 @ 393635 280351
-1.499314 3.748314 -4.910035 -4.348937 3.722777 0.834285 -2.763576 0.971745 0.429959 -2.652153 = -2.13386347 @ 398741 284330
-1.499299 3.748314 -4.910015 -4.348937 3.722777 0.834281 -2.763613 0.971745 0.429959 -2.652278 = -2.13407399 @ 399706 285027
-1.499299 3.748314 -4.910015 -4.348937 3.722777 0.834281 -2.763613 0.971745 0.429959 -2.652278 = -2.13414452 @ 399797 285120
-1.499299 3.748314 -4.910015 -4.348937 3.722777 0.834285 -2.763613 0.971745 0.429959 -2.652278 = -2.13436814 @ 399108 284657
-1.499220 3.748314 -4.910035 -4.348937 3.722777 0.834285 -2.763563 0.971745 0.429959 -2.652153 = -2.13559561 @ 398929 284525
-1.389530 3.630086 -4.927781 -4.374598 3.608072 0.871786 -2.715517 0.981586 0.329601 -2.761396 = -2.13598917 @ 398877 284477
-1.499299 3.748314 -4.910035 -4.348937 3.722777 0.834351 -2.763613 0.971745 0.429915 -2.652278 = -2.13622594 @ 398978 284576
-1.499299 3.748314 -4.910035 -4.348937 3.722777 0.834285 -2.763613 0.971745 0.429959 -2.652278 = -2.13697088 @ 397501 283222
-1.610137 3.735356 -4.777041 -4.276746 3.661096 0.860853 -2.627642 1.021465 0.509279 -2.778607 = -2.13700796 @ 398143 283832
-1.610137 3.735356 -4.777041 -4.276746 3.661096 0.860853 -2.627649 1.021465 0.509279 -2.778607 = -2.13744559 @ 399008 284602
-1.610137 3.735356 -4.777041 -4.276746 3.661096 0.860853 -2.627649 1.021465 0.509279 -2.778607 = -2.13744559 @ 399314 284769
-1.499298 3.748314 -4.910035 -4.348937 3.722743 0.834285 -2.763564 0.971745 0.429959 -2.651242 = -2.13874344 @ 396273 282364
-1.499298 3.748314 -4.910035 -4.348937 3.722743 0.834285 -2.763564 0.971745 0.429959 -2.651242 = -2.13874353 @ 397838 283541
-1.499298 3.748314 -4.910035 -4.348937 3.722743 0.834285 -2.763564 0.971745 0.429959 -2.651242 = -2.13874356 @ 387646 275293
-1.499298 3.748314 -4.910035 -4.348937 3.722743 0.834285 -2.763564 0.971745 0.429959 -2.651242 = -2.13875982 @ 392594 279473
-1.499298 3.748314 -4.910035 -4.348937 3.722743 0.834285 -2.763564 0.971745 0.429959 -2.651242 = -2.13876547 @ 392962 279768
-1.499299 3.748315 -4.910035 -4.348937 3.722743 0.834285 -2.763564 0.971745 0.429959 -2.651242 = -2.13877210 @ 395295 281590
-1.499299 3.748315 -4.910035 -4.348937 3.722743 0.834285 -2.763564 0.971745 0.429959 -2.651242 = -2.13877210 @ 399986 285290
-1.499299 3.748315 -4.910035 -4.348937 3.722743 0.834285 -2.763564 0.971745 0.429959 -2.651242 = -2.13877210 @ 399678 285004
-1.499299 3.748324 -4.910037 -4.348937 3.722740 0.834285 -2.763559 0.971736 0.429949 -2.651241 = -2.13885878 @ 391937 278863
-1.499299 3.748324 -4.910037 -4.348937 3.722740 0.834285 -2.763559 0.971736 0.429949 -2.651241 = -2.13887106 @ 399906 285244
-1.499298 3.748314 -4.910035 -4.348937 3.722743 0.834286 -2.763562 0.971745 0.429959 -2.651242 = -2.13929339 @ 399803 285131
-1.389838 3.630086 -4.927781 -4.374598 3.608072 0.871786 -2.715518 0.981586 0.329602 -2.761396 = -2.13934682 @ 397469 283189
-1.610137 3.735356 -4.777041 -4.276768 3.661096 0.860853 -2.627642 1.021465 0.509279 -2.778607 = -2.13954791 @ 399695 285021
-1.499299 3.748315 -4.910035 -4.348937 3.722743 0.834274 -2.763564 0.971745 0.429959 -2.651242 = -2.13984573 @ 399279 284750
-1.389441 3.630086 -4.927781 -4.375035 3.608072 0.871786 -2.715518 0.981586 0.329966 -2.761396 = -2.14056647 @ 395476 281730
-1.499291 3.748314 -4.910035 -4.348937 3.722743 0.834285 -2.763564 0.971745 0.429959 -2.651242 = -2.14066971 @ 399408 284819
-1.499298 3.748314 -4.910035 -4.348937 3.722743 0.834285 -2.763564 0.971745 0.429998 -2.651242 = -2.14123106 @ 398620 284215
-1.470403 3.553595 -4.769599 -4.286215 3.670371 0.907591 -2.624122 0.901072 0.518641 -2.723234 = -2.14541841 @ 398972 284567
-1.499298 3.748314 -4.910035 -4.348937 3.722825 0.834285 -2.763564 0.971745 0.429959 -2.651242 = -2.14544747 @ 394134 280712
-1.470403 3.553538 -4.769599 -4.286215 3.670371 0.907591 -2.624122 0.901072 0.518641 -2.723234 = -2.14584227 @ 399267 284744
-1.470403 3.553595 -4.769589 -4.286215 3.670359 0.907591 -2.624140 0.901072 0.518612 -2.723112 = -2.14696964 @ 398838 284436
-1.470403 3.553595 -4.769584 -4.286215 3.670359 0.907591 -2.624140 0.901072 0.518612 -2.723112 = -2.14715719 @ 399238 284728
-1.470401 3.553595 -4.769575 -4.286066 3.670040 0.907591 -2.624140 0.901027 0.518612 -2.723301 = -2.14725574 @ 399820 285147
-1.470401 3.553595 -4.769575 -4.286066 3.670040 0.907591 -2.624140 0.901027 0.518612 -2.723301 = -2.14734037 @ 399724 285052
-1.470403 3.553595 -4.769575 -4.286066 3.670040 0.907591 -2.624140 0.901027 0.518612 -2.723301 = -2.14734414 @ 399850 285181
-1.470403 3.553595 -4.769575 -4.286066 3.670040 0.907591 -2.624141 0.901027 0.518612 -2.723304 = -2.14737816 @ 399823 285153
-1.470403 3.553595 -4.769575 -4.286066 3.670040 0.907591 -2.624140 0.901027 0.518612 -2.723301 = -2.14739006 @ 397338 283087
-1.470403 3.553595 -4.769589 -4.286215 3.670371 0.907591 -2.624140 0.901072 0.518641 -2.723301 = -2.14761981 @ 396265 282351
-1.470403 3.553595 -4.769589 -4.286215 3.670371 0.907591 -2.624140 0.901072 0.518641 -2.723301 = -2.14761981 @ 397151 282960
-1.470403 3.553595 -4.769599 -4.286215 3.670371 0.907591 -2.624140 0.901072 0.518641 -2.723301 = -2.14764275 @ 398018 283704
-1.470403 3.553595 -4.769575 -4.286066 3.670040 0.907591 -2.624140 0.901027 0.518612 -2.723304 = -2.14774935 @ 399699 285024
-1.470403 3.553596 -4.769599 -4.286215 3.670371 0.907591 -2.624140 0.901072 0.518641 -2.723301 = -2.14777271 @ 399165 284688
-1.470403 3.553577 -4.769575 -4.286066 3.670040 0.907591 -2.624139 0.901072 0.518612 -2.723301 = -2.14826555 @ 399509 284874
-1.470403 3.553595 -4.769589 -4.286215 3.670371 0.907591 -2.624140 0.901072 0.518641 -2.723335 = -2.14868885 @ 398258 283946
-1.470403 3.553595 -4.769575 -4.286066 3.670040 0.907518 -2.624140 0.901072 0.518612 -2.723301 = -2.14894982 @ 398306 283977
-1.470403 3.553595 -4.769589 -4.286215 3.670371 0.907591 -2.623851 0.901072 0.518612 -2.723112 = -2.15131775 @ 398055 283745
-1.470403 3.553627 -4.769589 -4.286215 3.670371 0.907591 -2.623851 0.901072 0.518612 -2.723112 = -2.15149741 @ 398094 283786
-1.610137 3.735528 -4.777041 -4.276702 3.660350 0.860853 -2.627642 1.022043 0.509203 -2.778854 = -2.15299538 @ 395113 281433
-1.470403 3.553595 -4.769575 -4.286066 3.670371 0.907591 -2.624127 0.901072 0.517983 -2.723318 = -2.15827387 @ 398515 284158
-1.470403 3.553595 -4.769575 -4.286066 3.670371 0.907591 -2.624127 0.901072 0.517983 -2.723318 = -2.15828276 @ 399933 285259
-1.470403 3.553595 -4.769575 -4.286066 3.670371 0.907591 -2.624127 0.901072 0.517983 -2.723318 = -2.15830370 @ 399877 285220
-1.470021 3.552068 -4.769575 -4.285533 3.670371 0.907591 -2.624140 0.901075 0.517984 -2.723301 = -2.16035095 @ 396854 282758
-1.470021 3.552068 -4.769575 -4.285533 3.670371 0.907591 -2.624140 0.901076 0.517984 -2.723301 = -2.16046367 @ 399848 285175
-1.470021 3.552050 -4.769575 -4.285533 3.670371 0.907591 -2.624140 0.901075 0.517984 -2.723301 = -2.16058411 @ 399722 285042
-1.470021 3.552050 -4.769575 -4.285533 3.670371 0.907591 -2.624140 0.901075 0.517984 -2.723301 = -2.16058411 @ 387343 275102
-1.470021 3.552050 -4.769575 -4.285533 3.670371 0.907591 -2.624140 0.901075 0.517984 -2.723301 = -2.16058533 @ 399997 285296
-1.470021 3.552050 -4.769575 -4.285533 3.670371 0.907591 -2.624140 0.901075 0.517984 -2.723301 = -2.16058682 @ 390459 277396
-1.470021 3.552050 -4.769575 -4.285533 3.670371 0.907591 -2.624140 0.901075 0.517984 -2.723301 = -2.16058693 @ 398259 283946
-1.470021 3.552050 -4.769575 -4.285536 3.670371 0.907591 -2.624140 0.901075 0.517984 -2.723301 = -2.16073022 @ 399324 284774
-1.470021 3.552048 -4.769575 -4.285533 3.670371 0.907591 -2.624140 0.901075 0.517984 -2.723301 = -2.16081461 @ 399828 285155
-1.499299 3.748324 -4.910037 -4.348972 3.722309 0.834285 -2.763559 0.971736 0.429949 -2.651241 = -2.16498025 @ 396538 282549
-1.470403 3.553595 -4.769575 -4.286066 3.670371 0.907591 -2.624140 0.901711 0.518547 -2.723301 = -2.16699055 @ 396765 282706
-1.470021 3.552050 -4.769575 -4.285436 3.670371 0.907591 -2.624140 0.901075 0.517984 -2.723301 = -2.16752114 @ 399160 284684
-1.609567 3.735528 -4.777041 -4.283310 3.660350 0.860853 -2.618941 1.021465 0.509203 -2.778754 = -2.20920046 @ 397663 283382
-1.467229 3.671835 -4.911157 -4.298627 3.692488 0.839480 -2.699321 0.937633 0.610571 -2.651499 = -2.28577679 @ 399667 284991
-1.467229 3.671835 -4.911157 -4.298627 3.692487 0.839480 -2.699321 0.937633 0.610571 -2.651499 = -2.28600422 @ 395243 281556
-1.467229 3.671835 -4.911157 -4.298627 3.692487 0.839480 -2.699321 0.937633 0.610571 -2.651499 = -2.28600422 @ 381554 271444
-1.467229 3.671835 -4.911157 -4.298627 3.692487 0.839480 -2.699321 0.937633 0.610571 -2.651499 = -2.28600485 @ 395104 281428
-1.467229 3.671835 -4.911157 -4.298627 3.692487 0.839480 -2.699321 0.937633 0.610571 -2.651499 = -2.28600535 @ 399333 284779
-1.467229 3.671835 -4.911157 -4.298627 3.692487 0.839480 -2.699321 0.937633 0.610571 -2.651499 = -2.28600563 @ 398082 283771
-1.467229 3.671835 -4.911157 -4.298627 3.692487 0.839482 -2.699321 0.937633 0.610571 -2.651499 = -2.28602004 @ 399061 284632
-1.467229 3.671835 -4.911157 -4.298627 3.692487 0.839480 -2.699321 0.937633 0.610571 -2.651501 = -2.28612697 @ 399578 284910
-1.467229 3.671835 -4.911157 -4.298627 3.692487 0.839480 -2.699321 0.937633 0.610571 -2.651489 = -2.28669364 @ 399380 284805
-1.467229 3.671733 -4.911157 -4.298627 3.692487 0.839480 -2.699321 0.937633 0.610571 -2.651499 = -2.28973777 @ 399007 284602
-1.466375 3.671835 -4.911157 -4.298569 3.692487 0.839480 -2.699321 0.937633 0.610571 -2.651589 = -2.31306228 @ 399370 284799
-1.466404 3.671835 -4.911157 -4.298569 3.692487 0.839480 -2.699321 0.937633 0.610571 -2.651589 = -2.31372374 @ 399171 284691
-1.466401 3.671835 -4.911157 -4.298569 3.692487 0.839480 -2.699321 0.937633 0.610571 -2.651589 = -2.31419938 @ 397339 283088
-1.561585 3.606628 -4.935503 -4.313158 3.657159 0.713422 -2.558534 0.897950 0.416839 -2.773562 = -3.03099523 @ 398102 283790
-1.561585 3.606628 -4.935503 -4.313158 3.657159 0.713422 -2.558534 0.897950 0.416926 -2.773562 = -3.03125281 @ 399883 285223
-1.561585 3.606628 -4.935503 -4.313158 3.657159 0.713422 -2.558534 0.897950 0.416926 -2.773562 = -3.03125281 @ 399905 285243
-1.561585 3.606628 -4.935503 -4.313158 3.657159 0.713422 -2.558534 0.897950 0.416926 -2.773562 = -3.03125281 @ 399924 285253
-1.561585 3.606628 -4.935503 -4.313158 3.657159 0.713422 -2.558534 0.897950 0.416926 -2.773562 = -3.03134282 @ 398774 284361
-1.561585 3.606628 -4.935503 -4.313147 3.657159 0.713480 -2.558534 0.897950 0.416926 -2.773562 = -3.03606039 @ 399232 284724
-1.561585 3.606628 -4.935503 -4.313158 3.657158 0.713480 -2.558534 0.897950 0.416926 -2.773562 = -3.03722634 @ 399053 284627
-1.561585 3.606619 -4.935503 -4.313158 3.657258 0.712992 -2.558535 0.898324 0.416839 -2.773562 = -3.04700008 @ 399775 285103
-1.561585 3.606619 -4.935503 -4.313158 3.657258 0.712992 -2.558534 0.898324 0.416839 -2.773562 = -3.04705798 @ 398310 283979
-1.561585 3.606619 -4.935503 -4.313150 3.657264 0.712992 -2.558534 0.898324 0.416839 -2.773562 = -3.04747816 @ 399494 284866
-1.561585 3.606619 -4.935508 -4.313158 3.657258 0.713422 -2.558536 0.898324 0.416839 -2.773562 = -3.04937521 @ 399256 284737
-1.561585 3.606619 -4.935508 -4.313158 3.657258 0.713422 -2.558534 0.898365 0.416839 -2.773562 = -3.05290400 @ 398246 283931
-1.648530 3.751123 -4.836751 -4.197140 3.706932 0.822184 -2.703521 0.903428 0.381652 -2.825846 = -3.19972600 @ 399466 284850
-1.648530 3.751123 -4.836757 -4.197140 3.706931 0.822205 -2.703521 0.903429 0.381652 -2.825846 = -3.20052226 @ 390345 277313
-1.648530 3.751123 -4.836757 -4.197140 3.706931 0.822205 -2.703521 0.903429 0.381652 -2.825846 = -3.20054557 @ 399810 285135
-1.648530 3.751123 -4.836751 -4.197140 3.706932 0.822205 -2.703521 0.903428 0.381652 -2.825847 = -3.20065295 @ 399773 285102
-1.648530 3.751123 -4.836751 -4.197140 3.706932 0.822205 -2.703521 0.903428 0.381652 -2.825846 = -3.20070509 @ 399758 285087
-1.648530 3.751123 -4.836751 -4.197140 3.706932 0.822205 -2.703521 0.903428 0.381652 -2.825846 = -3.20070509 @ 398605 284207
-1.648530 3.751123 -4.836757 -4.197140 3.706931 0.822205 -2.703521 0.903429 0.381652 -2.825846 = -3.20082227 @ 399471 284853
-1.648564 3.751123 -4.836755 -4.197140 3.706932 0.822205 -2.703521 0.903428 0.381652 -2.825828 = -3.20466498 @ 398975 284575
-1.648564 3.751123 -4.836755 -4.197140 3.706933 0.822205 -2.703521 0.903428 0.381652 -2.825828 = -3.20493004 @ 399520 284880
-1.648564 3.751123 -4.836755 -4.197140 3.706932 0.822205 -2.703521 0.903428 0.381652 -2.825846 = -3.20583227 @ 398418 284066
-1.648609 3.751123 -4.836716 -4.197140 3.706931 0.822205 -2.703522 0.903429 0.381652 -2.825846 = -3.20900646 @ 399169 284690
-1.648609 3.751123 -4.836757 -4.197140 3.706931 0.822205 -2.703522 0.903429 0.381652 -2.825846 = -3.20960888 @ 399457 284845
-1.648530 3.751123 -4.836812 -4.197140 3.706928 0.822205 -2.703521 0.903183 0.381652 -2.825846 = -3.21874006 @ 398577 284192
-1.648530 3.751123 -4.836812 -4.197140 3.706928 0.822205 -2.703521 0.903183 0.381652 -2.825846 = -3.21874006 @ 398894 284494
-1.648530 3.751124 -4.836812 -4.197140 3.706928 0.822205 -2.703521 0.903183 0.381652 -2.825846 = -3.21885856 @ 399322 284773
-1.648530 3.751123 -4.836758 -4.197140 3.706931 0.822205 -2.703521 0.903053 0.381652 -2.825846 = -3.22777882 @ 394182 280744
-1.502632 3.863307 -4.775914 -4.240586 3.645677 0.951192 -2.600937 0.835834 0.484581 -2.758892 = -3.27312402 @ 399996 285295
-1.502632 3.863307 -4.775914 -4.240586 3.645677 0.951192 -2.600937 0.835834 0.484581 -2.758892 = -3.27313410 @ 399499 284869
-1.502632 3.863307 -4.775914 -4.240586 3.645677 0.951192 -2.600937 0.835834 0.484581 -2.758892 = -3.27317807 @ 399958 285273
-1.502600 3.863307 -4.775902 -4.240586 3.645676 0.951184 -2.600944 0.835822 0.484578 -2.758909 = -3.27338373 @ 375470 267116
-1.502604 3.863307 -4.775914 -4.240586 3.645677 0.951192 -2.600937 0.835834 0.484581 -2.758892 = -3.27369515 @ 399501 284870
-1.502632 3.863307 -4.775914 -4.240586 3.645677 0.951184 -2.600937 0.835834 0.484581 -2.758918 = -3.27379471 @ 399343 284785
-1.502632 3.863307 -4.775914 -4.240586 3.645677 0.951184 -2.600937 0.835834 0.484581 -2.758918 = -3.27379717 @ 399952 285270
-1.502617 3.863334 -4.775892 -4.240586 3.645676 0.951184 -2.600937 0.835822 0.484581 -2.758921 = -3.27437339 @ 398417 284066
-1.502617 3.863334 -4.775892 -4.240586 3.645676 0.951184 -2.600937 0.835822 0.484581 -2.758921 = -3.27445187 @ 399768 285099
-1.502632 3.863307 -4.775914 -4.240586 3.645677 0.951192 -2.600937 0.835834 0.484581 -2.758918 = -3.27506970 @ 399447 284840
-1.502600 3.863307 -4.775902 -4.240586 3.645722 0.951184 -2.600944 0.835822 0.484578 -2.758909 = -3.27519424 @ 398249 283941
-1.502600 3.863307 -4.775902 -4.240586 3.645722 0.951184 -2.600944 0.835822 0.484578 -2.758909 = -3.27519425 @ 398940 284538
-1.502600 3.863307 -4.775902 -4.240586 3.645722 0.951184 -2.600944 0.835822 0.484578 -2.758909 = -3.27521342 @ 399884 285224
-1.502632 3.863307 -4.775914 -4.240586 3.645677 0.951184 -2.600937 0.835822 0.484581 -2.758918 = -3.27539423 @ 398517 284160
-1.502627 3.863307 -4.775914 -4.240586 3.645667 0.951184 -2.600937 0.835822 0.484581 -2.758918 = -3.27603301 @ 399704 285026
-1.502617 3.863316 -4.775892 -4.240586 3.645676 0.951184 -2.600937 0.835967 0.484581 -2.758921 = -3.27924097 @ 397350 283094
-1.502564 3.863307 -4.775902 -4.240586 3.645722 0.951184 -2.600944 0.835825 0.484578 -2.758909 = -3.27925485 @ 399280 284750
-1.502600 3.863307 -4.775902 -4.240586 3.645680 0.951531 -2.600944 0.835822 0.484578 -2.758909 = -3.29510940 @ 395436 281696
-1.502600 3.863307 -4.775902 -4.240201 3.645676 0.951184 -2.600944 0.835822 0.484578 -2.758909 = -3.32150134 @ 398025 283712
-1.487655 3.717900 -4.875794 -4.442113 3.761659 0.889607 -2.697530 0.942723 0.424467 -2.912184 = -3.64597950 @ 399705 285027
-1.487655 3.717900 -4.875794 -4.442113 3.761659 0.889607 -2.697530 0.942723 0.424467 -2.912184 = -3.64621011 @ 399625 284950
-1.487656 3.717900 -4.875794 -4.442113 3.761673 0.889608 -2.697530 0.942723 0.424467 -2.912184 = -3.64658301 @ 399985 285290
-1.487656 3.717900 -4.875794 -4.442113 3.761673 0.889608 -2.697530 0.942723 0.424467 -2.912184 = -3.64659096 @ 385396 273893
-1.487656 3.717900 -4.875794 -4.442113 3.761673 0.889608 -2.697530 0.942723 0.424467 -2.912184 = -3.64659112 @ 396268 282353
-1.487655 3.717900 -4.875794 -4.442113 3.761673 0.889607 -2.697530 0.942723 0.424467 -2.912184 = -3.64670488 @ 394057 280655
-1.487655 3.717900 -4.875794 -4.442113 3.761673 0.889607 -2.697530 0.942723 0.424467 -2.912184 = -3.64670491 @ 397256 283030
-1.487655 3.717900 -4.875794 -4.442113 3.761673 0.889607 -2.697530 0.942723 0.424467 -2.912184 = -3.64670492 @ 397117 282940
-1.487655 3.717900 -4.875794 -4.442113 3.761673 0.889608 -2.697530 0.942723 0.424469 -2.912184 = -3.64676853 @ 399975 285284
-1.487655 3.717900 -4.875794 -4.442113 3.761673 0.889608 -2.697530 0.942723 0.424469 -2.912184 = -3.64676921 @ 397123 282943
-1.487655 3.717900 -4.875794 -4.442113 3.761673 0.889608 -2.697530 0.942723 0.424469 -2.912184 = -3.64677058 @ 387166 274981
-1.487655 3.717900 -4.875794 -4.442113 3.761673 0.889608 -2.697530 0.942723 0.424469 -2.912184 = -3.64677058 @ 399585 284914
-1.487655 3.717900 -4.875794 -4.442113 3.761673 0.889608 -2.697530 0.942723 0.424469 -2.912184 = -3.64677061 @ 392490 279374
-1.487655 3.717900 -4.875794 -4.442113 3.761673 0.889608 -2.697530 0.942723 0.424469 -2.912184 = -3.64677220 @ 387223 275017
-1.487655 3.717900 -4.875794 -4.442113 3.761673 0.889608 -2.697530 0.942723 0.424469 -2.912184 = -3.64680301 @ 399611 284934
-1.487655 3.717900 -4.875794 -4.442113 3.761673 0.889610 -2.697530 0.942723 0.424467 -2.912184 = -3.64680980 @ 397611 283332
-1.487655 3.717900 -4.875795 -4.442113 3.761673 0.889607 -2.697530 0.942723 0.424467 -2.912184 = -3.64683674 @ 398841 284438
-1.487656 3.717901 -4.875794 -4.442113 3.761673 0.889610 -2.697373 0.942723 0.424467 -2.912184 = -3.64747181 @ 399498 284868
-1.487656 3.717896 -4.875794 -4.442113 3.761673 0.889610 -2.697373 0.942723 0.424467 -2.912184 = -3.64803618 @ 399227 284722
-1.487656 3.717900 -4.875794 -4.442105 3.761673 0.889608 -2.697530 0.942723 0.424467 -2.912184 = -3.64819870 @ 399573 284908
-1.487655 3.717930 -4.875794 -4.442113 3.761673 0.889610 -2.697530 0.942723 0.424467 -2.912184 = -3.64870730 @ 393963 280596
-1.487774 3.717930 -4.875794 -4.442113 3.761673 0.889610 -2.697530 0.942723 0.424467 -2.912184 = -3.65303003 @ 397576 283301
-1.487655 3.717900 -4.875794 -4.442113 3.761673 0.889607 -2.697136 0.942723 0.424467 -2.912184 = -3.65572320 @ 398223 283915
-1.487655 3.717900 -4.875794 -4.442113 3.761673 0.889608 -2.697136 0.942723 0.424467 -2.912184 = -3.65579410 @ 399618 284947
-1.487655 3.717900 -4.875794 -4.442093 3.761673 0.889607 -2.697136 0.942723 0.424467 -2.912184 = -3.65902595 @ 398424 284076
-1.377449 3.691608 -4.731075 -4.292831 3.651109 0.702198 -2.681666 1.043530 0.482660 -2.804932 = -3.67232968 @ 398933 284534
-1.377449 3.691608 -4.731075 -4.292831 3.651109 0.702237 -2.681666 1.043530 0.482660 -2.804932 = -3.67372608 @ 399158 284683
-1.377449 3.691608 -4.731075 -4.292831 3.651109 0.702186 -2.681666 1.043530 0.482660 -2.804932 = -3.67429219 @ 397934 283630
-1.377458 3.691658 -4.731075 -4.292831 3.651109 0.702186 -2.681666 1.043530 0.482660 -2.804932 = -3.67429971 @ 397696 283411
-1.377449 3.691658 -4.731075 -4.292831 3.651109 0.702186 -2.681666 1.043532 0.482660 -2.804932 = -3.67446416 @ 399694 285021
-1.377449 3.691658 -4.731075 -4.292831 3.651109 0.702186 -2.681666 1.043530 0.482660 -2.804932 = -3.67448553 @ 396758 282702
-1.377449 3.691658 -4.731075 -4.292831 3.651109 0.702186 -2.681666 1.043530 0.482660 -2.804932 = -3.67448569 @ 397069 282888
-1.377449 3.691658 -4.731075 -4.292831 3.651109 0.702186 -2.681666 1.043530 0.482660 -2.804932 = -3.67449687 @ 399864 285204
-1.377449 3.691597 -4.731075 -4.292831 3.651109 0.702186 -2.681666 1.043530 0.482660 -2.804932 = -3.67537509 @ 396480 282502
-1.377449 3.691597 -4.731050 -4.292831 3.651109 0.702309 -2.681666 1.043530 0.482660 -2.805014 = -3.67557309 @ 398887 284490
-1.377449 3.691597 -4.731050 -4.292831 3.651109 0.702309 -2.681666 1.043530 0.482660 -2.805014 = -3.67569018 @ 399869 285207
-1.377449 3.691595 -4.731050 -4.292831 3.651109 0.702299 -2.681666 1.043530 0.482660 -2.805014 = -3.67575639 @ 399718 285040
-1.377449 3.691597 -4.731050 -4.292831 3.651109 0.702299 -2.681666 1.043530 0.482660 -2.805014 = -3.67622429 @ 395775 281961
-1.377446 3.691598 -4.731100 -4.292701 3.651109 0.702299 -2.681663 1.043533 0.482427 -2.804973 = -3.67647801 @ 398039 283729
-1.377398 3.691599 -4.731050 -4.292706 3.650522 0.702299 -2.681676 1.043541 0.482367 -2.804904 = -3.67651308 @ 398889 284491
-1.377446 3.691598 -4.731100 -4.292701 3.651109 0.702299 -2.681663 1.043519 0.482427 -2.804973 = -3.67688412 @ 399584 284913
-1.377398 3.691599 -4.731050 -4.292702 3.650522 0.702299 -2.681676 1.043541 0.482367 -2.804904 = -3.67717612 @ 399353 284790
-1.377398 3.691599 -4.731050 -4.292706 3.650519 0.702299 -2.681676 1.043541 0.482367 -2.804904 = -3.67731050 @ 399686 285009
-1.377449 3.691597 -4.731050 -4.292831 3.651109 0.702324 -2.681666 1.043530 0.482660 -2.804932 = -3.67743101 @ 398693 284287
-1.377449 3.691597 -4.731050 -4.292831 3.651109 0.702324 -2.681667 1.043530 0.482660 -2.804932 = -3.67745930 @ 399083 284643
-1.377398 3.691599 -4.731050 -4.292701 3.650522 0.702299 -2.681676 1.043541 0.482367 -2.804904 = -3.67755179 @ 396842 282752
-1.487656 3.717900 -4.875794 -4.442113 3.761673 0.889610 -2.697530 0.942723 0.424467 -2.911770 = -3.67756730 @ 398255 283944
-1.377449 3.691597 -4.731050 -4.292831 3.651109 0.702299 -2.681666 1.043530 0.482660 -2.804932 = -3.67760009 @ 394901 281264
-1.377398 3.691581 -4.731050 -4.292706 3.650522 0.702299 -2.681676 1.043541 0.482367 -2.804904 = -3.67789754 @ 399614 284945
-1.377398 3.691599 -4.731050 -4.292701 3.650522 0.702299 -2.681650 1.043541 0.482367 -2.804904 = -3.67932995 @ 398317 283987
-1.377446 3.691598 -4.731100 -4.292701 3.651109 0.702299 -2.681663 1.043533 0.482367 -2.804973 = -3.67985989 @ 397550 283277
-1.377398 3.691599 -4.731050 -4.292650 3.650522 0.702299 -2.681676 1.043541 0.482367 -2.804904 = -3.67995217 @ 398963 284562
-1.377412 3.691599 -4.731050 -4.292701 3.650522 0.702299 -2.681676 1.043541 0.482367 -2.804853 = -3.68046323 @ 398743 284331
-1.377412 3.691599 -4.731050 -4.292701 3.650522 0.702299 -2.681676 1.043541 0.482367 -2.804853 = -3.68046323 @ 399582 284912
-1.377394 3.691597 -4.731050 -4.292795 3.651109 0.702299 -2.681660 1.043530 0.482367 -2.804375 = -3.69662453 @ 398602 284205
-1.377394 3.691597 -4.731050 -4.292795 3.651109 0.702299 -2.681666 1.043530 0.482367 -2.804373 = -3.69673973 @ 399831 285164
-1.377394 3.691597 -4.731055 -4.292795 3.651109 0.702299 -2.681666 1.043530 0.482367 -2.804375 = -3.69695443 @ 398176 283865
-1.377394 3.691597 -4.731050 -4.292700 3.651109 0.702299 -2.681666 1.044137 0.482367 -2.804932 = -3.69703902 @ 392366 279275
-1.377394 3.691597 -4.731050 -4.292795 3.651109 0.702299 -2.681666 1.043530 0.482660 -2.804375 = -3.70114686 @ 399368 284799
-1.509004 3.670941 -4.874652 -4.178803 3.671054 0.927022 -2.864129 0.968809 0.370347 -2.846265 = -3.87745954 @ 399641 284967
-1.509004 3.670939 -4.874652 -4.178804 3.671054 0.927022 -2.864129 0.968809 0.370347 -2.846265 = -3.87767147 @ 399752 285075
-1.509004 3.670939 -4.874652 -4.178803 3.671054 0.927022 -2.864129 0.968809 0.370347 -2.846265 = -3.87767654 @ 399446 284839
-1.509004 3.670939 -4.874652 -4.178803 3.671054 0.927022 -2.864129 0.968809 0.370347 -2.846265 = -3.87768869 @ 399746 285071
-1.509004 3.670939 -4.874652 -4.178803 3.671054 0.927022 -2.864129 0.968809 0.370347 -2.846265 = -3.87768869 @ 399888 285234
-1.509004 3.671096 -4.874633 -4.178803 3.670679 0.927022 -2.863243 0.968809 0.371390 -2.846265 = -3.87912573 @ 398785 284373
-1.509004 3.671096 -4.874633 -4.178803 3.670679 0.927022 -2.863233 0.968809 0.371390 -2.846265 = -3.87941891 @ 399621 284948
-1.509004 3.671096 -4.874633 -4.178803 3.670679 0.927022 -2.864129 0.968809 0.371390 -2.846265 = -3.87942965 @ 397307 283060
-1.509004 3.670939 -4.874648 -4.178803 3.671088 0.927022 -2.864199 0.968809 0.370347 -2.846265 = -3.87953190 @ 398204 283896
-1.509004 3.670939 -4.874648 -4.178803 3.671088 0.927025 -2.864129 0.968809 0.370347 -2.846265 = -3.87964014 @ 399777 285104
-1.509004 3.670939 -4.874651 -4.178803 3.671088 0.927022 -2.864129 0.968809 0.370347 -2.846265 = -3.87995534 @ 398867 284468
-1.509004 3.670939 -4.874648 -4.178803 3.671088 0.927022 -2.864129 0.968809 0.370347 -2.846265 = -3.88033824 @ 399932 285259
-1.509004 3.670939 -4.874648 -4.178803 3.671088 0.927022 -2.864129 0.968809 0.370347 -2.846265 = -3.88036815 @ 399096 284650
-1.509004 3.670939 -4.874648 -4.178803 3.671088 0.927022 -2.864129 0.968809 0.370347 -2.846265 = -3.88036818 @ 396044 282192
-1.509004 3.671096 -4.874633 -4.178803 3.670679 0.927022 -2.864129 0.968809 0.371390 -2.846243 = -3.88059889 @ 398804 284391
-1.509004 3.671027 -4.874613 -4.178803 3.671088 0.927022 -2.864129 0.968809 0.371390 -2.846265 = -3.88527770 @ 394643 281095
-1.509004 3.671027 -4.874614 -4.178803 3.670679 0.927022 -2.864129 0.968809 0.371390 -2.846265 = -3.88563658 @ 397380 283110
-1.509004 3.671027 -4.874613 -4.178803 3.670679 0.927022 -2.864129 0.968809 0.371390 -2.846265 = -3.88572604 @ 395402 281668
-1.509055 3.671027 -4.874648 -4.178803 3.671088 0.927022 -2.864104 0.969018 0.371390 -2.846266 = -3.89080837 @ 399606 284931
-1.509055 3.671027 -4.874648 -4.178803 3.671088 0.927022 -2.864104 0.969018 0.371390 -2.846266 = -3.89088929 @ 399849 285179
-1.509004 3.671027 -4.874613 -4.178803 3.671040 0.927022 -2.862236 0.968809 0.371390 -2.845424 = -3.90499041 @ 397376 283108
-1.508719 3.671027 -4.874613 -4.178805 3.671091 0.927022 -2.862224 0.968809 0.371390 -2.845424 = -3.91290411 @ 398687 284284
-1.509004 3.671027 -4.874613 -4.178805 3.671088 0.927022 -2.862224 0.971091 0.371390 -2.845424 = -3.99617828 @ 392985 279787
-1.655172 3.572305 -5.000000 -4.275457 3.629300 0.968415 -2.666430 0.939907 0.435138 -2.768701 = -4.10990296 @ 399327 284776
-1.655172 3.572305 -5.000000 -4.275457 3.629300 0.968415 -2.666430 0.939923 0.435138 -2.768701 = -4.11091264 @ 399283 284752
-1.655172 3.572305 -5.000000 -4.275457 3.629300 0.968415 -2.666420 0.939924 0.435143 -2.768759 = -4.11206696 @ 399354 284791
-1.655159 3.572305 -5.000000 -4.275457 3.629300 0.968415 -2.666420 0.939924 0.435143 -2.768759 = -4.11218988 @ 399874 285213
-1.655158 3.572305 -5.000000 -4.275457 3.629300 0.968415 -2.666420 0.939924 0.435143 -2.768759 = -4.11225939 @ 399487 284862
-1.655172 3.572305 -5.000000 -4.275457 3.629300 0.968415 -2.666420 0.939924 0.435138 -2.768759 = -4.11250273 @ 399276 284748
-1.655172 3.572305 -5.000000 -4.275457 3.629300 0.968415 -2.666420 0.939924 0.435138 -2.768759 = -4.11250273 @ 399555 284898
-1.654965 3.572305 -5.000000 -4.275457 3.629300 0.968438 -2.666420 0.939923 0.435138 -2.768759 = -4.11356724 @ 398426 284078
-1.655172 3.572305 -5.000000 -4.275457 3.629300 0.968415 -2.666290 0.939923 0.435138 -2.768759 = -4.11407951 @ 399089 284647
-1.655163 3.572305 -5.000000 -4.275457 3.629300 0.968415 -2.666290 0.939923 0.435138 -2.768759 = -4.11452132 @ 399907 285244
-1.654965 3.572001 -5.000000 -4.275457 3.629270 0.968415 -2.666420 0.939255 0.437364 -2.768759 = -4.13023792 @ 398714 284306
-1.654965 3.572335 -5.000000 -4.275457 3.629270 0.968415 -2.666420 0.939255 0.437364 -2.768759 = -4.13050710 @ 398448 284102
-1.655171 3.572305 -5.000000 -4.275260 3.628614 0.968415 -2.666718 0.939793 0.437364 -2.768584 = -4.13342198 @ 399979 285287
-1.654965 3.572305 -5.000000 -4.275457 3.629270 0.968415 -2.666420 0.939622 0.437364 -2.768759 = -4.13403531 @ 396262 282350
-1.654965 3.572305 -5.000000 -4.275457 3.629270 0.968415 -2.666420 0.939622 0.437364 -2.768759 = -4.13406600 @ 399862 285203
-1.654965 3.572305 -5.000000 -4.275457 3.629270 0.968415 -2.666420 0.939622 0.437364 -2.768759 = -4.13420934 @ 399745 285071
-1.653661 3.572305 -5.000000 -4.274988 3.625981 0.968415 -2.665854 0.940214 0.437364 -2.769333 = -4.16222886 @ 399979 285287
-1.653867 3.572305 -5.000000 -4.274791 3.625324 0.968415 -2.666152 0.940385 0.437364 -2.769158 = -4.16344927 @ 398004 283696
-1.653867 3.572305 -5.000000 -4.274791 3.625325 0.968415 -2.666152 0.940385 0.437364 -2.769158 = -4.16353748 @ 399827 285155
-1.653867 3.572305 -4.999956 -4.274791 3.625324 0.968415 -2.666152 0.940385 0.437364 -2.769101 = -4.16784891 @ 399442 284837
-1.478695 3.674789 -4.880317 -4.298964 3.768980 0.891798 -2.585286 1.179946 0.360787 -2.758692 = -4.18200791 @ 399931 285258
-1.478695 3.674787 -4.880317 -4.298964 3.768980 0.891798 -2.585286 1.179946 0.360787 -2.758692 = -4.18206494 @ 396363 282434
-1.478695 3.674789 -4.880317 -4.298964 3.768980 0.891798 -2.585286 1.179946 0.360787 -2.758692 = -4.18208417 @ 398883 284480
-1.478695 3.674787 -4.880317 -4.298964 3.768979 0.891798 -2.585286 1.179946 0.360787 -2.758692 = -4.18212096 @ 399616 284946
-1.478695 3.674787 -4.880317 -4.298947 3.768980 0.891798 -2.585286 1.179946 0.360787 -2.758692 = -4.18332684 @ 399865 285205
-1.478695 3.674787 -4.880317 -4.298940 3.768980 0.891798 -2.585286 1.179946 0.360787 -2.758692 = -4.18350688 @ 399974 285283
-1.478695 3.674787 -4.880317 -4.298940 3.768980 0.891798 -2.585286 1.179946 0.360787 -2.758692 = -4.18350703 @ 399987 285291
-1.478695 3.674787 -4.880317 -4.298940 3.768980 0.891798 -2.585286 1.179946 0.360787 -2.758692 = -4.18351412 @ 394481 280966
-1.478695 3.674787 -4.880317 -4.298940 3.768980 0.891798 -2.585286 1.179946 0.360787 -2.758692 = -4.18351417 @ 398777 284369
-1.478695 3.674787 -4.880317 -4.298940 3.768980 0.891798 -2.585286 1.179946 0.360787 -2.758692 = -4.18351648 @ 397039 282862
-1.478695 3.674787 -4.880317 -4.298940 3.768980 0.891798 -2.585286 1.179946 0.360787 -2.758692 = -4.18351835 @ 395263 281569
-1.478695 3.674787 -4.880317 -4.298940 3.768980 0.891798 -2.585286 1.179946 0.360787 -2.758692 = -4.18351973 @ 398840 284437
-1.478695 3.674787 -4.880317 -4.298940 3.768980 0.891798 -2.585286 1.179946 0.360787 -2.758692 = -4.18351973 @ 399929 285257
-1.478695 3.674787 -4.880317 -4.298939 3.768980 0.891798 -2.585286 1.179947 0.360787 -2.758688 = -4.18366621 @ 386687 274690
-1.478695 3.674788 -4.880318 -4.298939 3.768983 0.891811 -2.585261 1.179944 0.360788 -2.758671 = -4.18373448 @ 392965 279771
-1.478695 3.674787 -4.880317 -4.298940 3.768981 0.891798 -2.585286 1.179946 0.360787 -2.758692 = -4.18397476 @ 399547 284894
-1.478701 3.674787 -4.880317 -4.298940 3.768980 0.891798 -2.585286 1.179946 0.360787 -2.758692 = -4.18441427 @ 399529 284885
-1.478695 3.674787 -4.880317 -4.298964 3.768980 0.891798 -2.585271 1.179946 0.360787 -2.758692 = -4.18545376 @ 398152 283844
-1.478695 3.674787 -4.880317 -4.299022 3.768980 0.891798 -2.585286 1.179946 0.360787 -2.758692 = -4.18727090 @ 396859 282761
-1.478695 3.674787 -4.880317 -4.298940 3.768980 0.891798 -2.585286 1.179946 0.360576 -2.758692 = -4.19623876 @ 396614 282616
-1.493020 3.755822 -4.921933 -4.334311 3.655528 0.783974 -2.563541 0.790123 0.317410 -2.751997 = -4.22173730 @ 399490 284864
-1.493038 3.755822 -4.921933 -4.334311 3.655528 0.783974 -2.563541 0.790123 0.317410 -2.751997 = -4.22194930 @ 398160 283848
-1.493382 3.755822 -4.921933 -4.334311 3.655528 0.783996 -2.563615 0.790123 0.317410 -2.751997 = -4.22575644 @ 398932 284533
-1.493382 3.755822 -4.921933 -4.334311 3.655528 0.783974 -2.563615 0.790123 0.317410 -2.751997 = -4.22725407 @ 393453 280190
-1.493382 3.755822 -4.921933 -4.334311 3.655528 0.783974 -2.563615 0.790123 0.317410 -2.751997 = -4.22725407 @ 399867 285206
-1.654964 3.572305 -5.000000 -4.275457 3.629270 0.974228 -2.666421 0.940385 0.437364 -2.768759 = -4.25347780 @ 394765 281173
-1.493382 3.755823 -4.921731 -4.332789 3.656733 0.783974 -2.563615 0.791247 0.317410 -2.752434 = -4.27244887 @ 399822 285152
-1.493382 3.755823 -4.921731 -4.332789 3.656709 0.783974 -2.563615 0.791247 0.317410 -2.752434 = -4.27538158 @ 399988 285291
-1.493382 3.755823 -4.921731 -4.332789 3.656709 0.783974 -2.563615 0.791247 0.317410 -2.752434 = -4.27538525 @ 396257 282347
-1.493408 3.755823 -4.921731 -4.332789 3.656733 0.783974 -2.563615 0.791247 0.317410 -2.752434 = -4.27772215 @ 398146 283833
-1.484607 3.618515 -4.731731 -4.285497 3.631902 0.944499 -2.617923 0.877294 0.267935 -2.851483 = -4.34301556 @ 399626 284951
-1.484605 3.618510 -4.731730 -4.285493 3.631175 0.944494 -2.618661 0.877294 0.267935 -2.851974 = -4.37501373 @ 399594 284918
-1.484605 3.618510 -4.731730 -4.285493 3.631168 0.944494 -2.618661 0.877294 0.267935 -2.851981 = -4.37512633 @ 399526 284883
-1.441021 3.838375 -4.943978 -4.392481 3.624473 0.851612 -2.689887 1.064824 0.578657 -2.662080 = -4.41919535 @ 395061 281403
-1.441021 3.838375 -4.943978 -4.392481 3.624473 0.851612 -2.689887 1.064824 0.578657 -2.662080 = -4.41933553 @ 399731 285056
-1.441021 3.838375 -4.943978 -4.392481 3.624473 0.851612 -2.689887 1.064824 0.578657 -2.662080 = -4.41943415 @ 399908 285245
-1.441021 3.838375 -4.943978 -4.392487 3.624473 0.851612 -2.689887 1.064824 0.578657 -2.662080 = -4.42032768 @ 398281 283963
-1.441027 3.838375 -4.943978 -4.392487 3.624473 0.851612 -2.689887 1.064824 0.578657 -2.662080 = -4.42153065 @ 399173 284693
-1.441021 3.838377 -4.943894 -4.392487 3.624473 0.851612 -2.689887 1.064824 0.578657 -2.662080 = -4.42471974 @ 399609 284933
-1.441021 3.838375 -4.943894 -4.392487 3.624473 0.851612 -2.689887 1.064824 0.578657 -2.662080 = -4.42487381 @ 399109 284657
-1.441021 3.838375 -4.943894 -4.392487 3.624473 0.851612 -2.689887 1.064824 0.578659 -2.662080 = -4.42511147 @ 399959 285273
-1.441021 3.838375 -4.943894 -4.392487 3.624473 0.851612 -2.689887 1.064824 0.578659 -2.662080 = -4.42512427 @ 399361 284795
-1.441023 3.838375 -4.943978 -4.392433 3.624503 0.851617 -2.689887 1.064828 0.578657 -2.662080 = -4.42675337 @ 399717 285040
-1.441021 3.838375 -4.943978 -4.392433 3.624503 0.851617 -2.689887 1.064828 0.578657 -2.662080 = -4.42709070 @ 399515 284877
-1.484600 3.618513 -4.731730 -4.285441 3.631175 0.944493 -2.618890 0.879087 0.267935 -2.851981 = -4.43750833 @ 398789 284375
-1.426056 3.740436 -4.981080 -4.345781 3.677003 0.875216 -2.644885 0.891834 0.621269 -2.963406 = -4.48470411 @ 398243 283930
-1.426056 3.740436 -4.981080 -4.345793 3.676985 0.875216 -2.644885 0.891834 0.621269 -2.963406 = -4.48538601 @ 398192 283881
-1.426056 3.740436 -4.981080 -4.345781 3.676985 0.875216 -2.644885 0.891834 0.621269 -2.963406 = -4.48551404 @ 397209 282998
-1.426056 3.740436 -4.981080 -4.345781 3.676985 0.875216 -2.644885 0.891834 0.621269 -2.963406 = -4.48551459 @ 390763 277646
-1.426056 3.740436 -4.981080 -4.345781 3.676985 0.875216 -2.644885 0.891834 0.621269 -2.963406 = -4.48558482 @ 398487 284135
-1.426056 3.740436 -4.981080 -4.345781 3.676985 0.875216 -2.644885 0.891834 0.621269 -2.963406 = -4.48558556 @ 399962 285275
-1.426062 3.740436 -4.981080 -4.345781 3.677003 0.875216 -2.644885 0.891834 0.621269 -2.963406 = -4.48575170 @ 399299 284760
-1.426062 3.740436 -4.981080 -4.345781 3.677003 0.875216 -2.644885 0.891834 0.621269 -2.963406 = -4.48575175 @ 399854 285188
-1.426056 3.740431 -4.981080 -4.345781 3.676985 0.875216 -2.644885 0.891834 0.621269 -2.963406 = -4.48647308 @ 399631 284961
-1.500214 3.790182 -4.856413 -4.457612 3.421666 0.847314 -2.701974 0.992385 0.550380 -2.788824 = -5.68137982 @ 399984 285289
-1.500214 3.790182 -4.856413 -4.457612 3.421666 0.847314 -2.701974 0.992385 0.550380 -2.788824 = -5.68141601 @ 399095 284650
