-1.42512842738420153488 -0.80032109567276310536 = 186.73090883102378256808 @ 197364 29450 1
-1.42512842738420153488 -0.80032108871339624478 = 186.73090883102355519441 @ 199769 29971 1
5.48286418170888723012 -7.70831372310615670074 = 186.73090883102213410893 @ 199368 29867 1
5.48286418170888723012 -7.70831372310615670074 = 186.73090883102213410893 @ 199702 29954 1
-0.80032114752146632508 -7.70831370146020322665 = 186.73090883101619397166 @ 195183 29045 1
-0.80032114752146632508 -7.70831370129732551533 = 186.73090883101616554995 @ 199662 29943 1
5.48286417854889940315 -1.42512837168473516236 = 186.73090883101463077764 @ 199367 29867 1
5.48286417854887186962 -1.42512837168473516236 = 186.73090883101463077764 @ 199708 29955 1
5.48286418045132784016 -7.70831362284618659686 = 186.73090883099277448309 @ 199624 29933 1
5.48286416687378697077 -7.70831362397486596905 = 186.73090883099138181933 @ 197388 29454 1
4.85805675771504219540 5.48286422668815998094 = 186.73090883098882386548 @ 198683 29716 1
4.85805675771504219540 5.48286422661383543442 = 186.73090883098879544377 @ 198092 29593 1
4.85805675760870681046 5.48286422668815998094 = 186.73090883098865333523 @ 198974 29778 1
-7.70831353682840259012 -7.08350640782580054378 = 186.73090883093180991636 @ 199652 29941 1
-7.70831351125177288708 -7.08350640782580054378 = 186.73090883090662828181 @ 198638 29709 1
-7.70831351113262108754 -7.08350640777080897692 = 186.73090883090657143839 @ 197515 29479 1
-7.70831378561254965120 5.48286397971856676037 = 186.73090883090409874967 @ 196091 29207 1
-7.08350640475524340189 -1.42512820022284825150 = 186.73090883090253555565 @ 199541 29912 1
-7.08350641868891983677 -1.42512819210449315221 = 186.73090883089352587376 @ 196627 29307 1
-7.70831378308785275522 5.48286395670346404785 = 186.73090883088045188742 @ 197449 29468 1
4.85805664799381542451 5.48286430340627273239 = 186.73090883087891711511 @ 197747 29525 1
-7.70831366519896477030 5.48286395670346404785 = 186.73090883087419911135 @ 199534 29910 1
-1.42512842738420153488 5.48286448736892673139 = 186.73090883084981328466 @ 199019 29786 1
-1.42512842738420153488 5.48286448735746390071 = 186.73090883084978486295 @ 195369 29080 1
-7.08350640363381334197 -1.42512814680664545719 = 186.73090883083912672191 @ 198338 29646 1
4.85805689004659146946 -0.80032079659132304705 = 186.73090883081948732070 @ 199211 29826 1
4.85805689005043372930 -0.80032079659132304705 = 186.73090883081945889899 @ 197694 29514 1
4.85805689005043372930 -0.80032079659132304705 = 186.73090883081945889899 @ 197704 29515 1
-1.42512868081044352664 -7.08350659373943969399 = 186.73090883079873947281 @ 197931 29562 1
-1.42512868081044352664 -7.08350659373957558529 = 186.73090883079873947281 @ 199566 29918 1
-1.42512868196628539330 -7.08350659373943969399 = 186.73090883079737523076 @ 198655 29712 1
4.85805689005049234908 -0.80032142431295472118 = 186.73090883079180457571 @ 199426 29882 1
4.85805721684637070723 5.48286395670639414845 = 186.73090883061956901656 @ 199223 29829 1
-0.80032153585749954416 -7.70831372644724410748 = 186.73090883060473288424 @ 198325 29642 1
4.85805682692105289533 -7.08350684547360920362 = 186.73090883059393263466 @ 198088 29591 1
4.85805682687518913809 -7.08350684585102019497 = 186.73090883059325051363 @ 198917 29766 1
4.85805682693129270433 -7.08350684585102019497 = 186.73090883059322209192 @ 198642 29710 1
-7.70831328994794606757 -0.80032106858738960575 = 186.73090883055888866693 @ 199675 29947 1
-7.70831326876556044425 -0.80032106858738960575 = 186.73090883051389710090 @ 197519 29480 1
-7.70831326838417663083 -0.80032106726580587441 = 186.73090883051290234107 @ 197639 29505 1
-7.70831326761355661858 -0.80032106858738960575 = 186.73090883051128230363 @ 197959 29567 1
-0.80032170186027951075 -1.42512844937989124894 = 186.73090883022359776078 @ 198986 29780 1
-0.80032170185765116877 -1.42512844937989124894 = 186.73090883022359776078 @ 199442 29886 1
-0.80032170186856155247 -1.42512844937989124894 = 186.73090883022356933907 @ 197871 29548 1
-0.80032170632089238982 -1.42512843037474135066 = 186.73090883021268382436 @ 198585 29700 1
5.48286410845343663567 4.85805614498117410704 = 186.73090882974727833243 @ 198580 29699 1
5.48286410845389582391 4.85805614498117410704 = 186.73090882974727833243 @ 199118 29802 1
5.48286410946282209977 4.85805614474632729838 = 186.73090882974685200679 @ 198179 29609 1
-0.80032037643729303511 -1.42512799801055467519 = 186.73090882943381529913 @ 198930 29768 1
-7.08350555997763819960 -7.70831429955774716234 = 186.73090882869448137171 @ 198391 29659 1
-7.08350555997763819960 -7.70831429957478952986 = 186.73090882869431084146 @ 198594 29702 1
-0.80032009446219165572 4.85805715442132779458 = 186.73090882861038153351 @ 198995 29782 1
-0.80032009446219165572 4.85805715442132779458 = 186.73090882861038153351 @ 199996 30034 1
5.48286416345365879010 -1.42512945355537867798 = 186.73090882856988059757 @ 197620 29502 1
-7.08350556040744283592 -7.70831294721191095931 = 186.73090882798933876074 @ 198988 29781 1
-7.08350556039228251848 -7.70831294721202375797 = 186.73090882798916823049 @ 198873 29755 1
-7.08350555147044502746 -7.70831294667380095831 = 186.73090882795364109370 @ 199586 29923 1
5.48286410887849573470 4.85805802761032001769 = 186.73090882792706679538 @ 199386 29872 1
5.48286410886874620019 4.85805802761163274539 = 186.73090882792700995196 @ 196910 29365 1
-0.80032002474572905282 -7.70831424313547319827 = 186.73090882786598854182 @ 199087 29796 1
-0.80032002473510066576 -7.70831424313547319827 = 186.73090882786596012011 @ 198520 29685 1
-1.42512962056985670323 5.48286421569676463150 = 186.73090882771069232149 @ 198007 29576 1
5.48286346085893772084 -1.42512939179779252186 = 186.73090882763096942654 @ 196134 29216 1
-7.70831329001313125815 -7.08350759946639740861 = 186.73090882742235407932 @ 197933 29562 1
-0.80032090361657215460 4.85805555700710733902 = 186.73090882686588543038 @ 199362 29866 1
-0.80032090361657215460 4.85805555700570490529 = 186.73090882686577174354 @ 198376 29655 1
-1.42512863264859013235 -7.08350779376514427810 = 186.73090882668077483686 @ 199380 29870 1
-1.42512713088339748602 5.48286486503003622772 = 186.73090882614278029905 @ 197313 29442 1
-1.42512841456460104261 -0.80031932699940910858 = 186.73090882407305457491 @ 197513 29479 1
-1.42512841455690542070 -0.80031932699940910858 = 186.73090882407302615320 @ 198878 29757 1
-7.08350638062938120498 4.85805513360469820583 = 186.73090882392318690108 @ 199404 29876 1
-7.08350638062938120498 4.85805513360376295395 = 186.73090882392315847937 @ 199024 29786 1
-7.08350638078778160889 4.85805513360376295395 = 186.73090882392315847937 @ 199259 29838 1
-7.08350638062743964696 4.85805512978008380287 = 186.73090882389200828584 @ 197669 29510 1
-7.08350890741580130339 -1.42512836623377081580 = 186.73090881720605693772 @ 197582 29493 1
-7.08350890741890282243 -1.42512836623377081580 = 186.73090881720600009430 @ 199042 29789 1
-7.70831120297282890164 -7.08350538735078139041 = 186.73090881377507344041 @ 199560 29917 1
5.48286405315301639263 -7.70830994602488139833 = 186.73090879750284898364 @ 198351 29649 1
-7.70831773620444060668 5.48286395989883512669 = 186.73090879358522897746 @ 197208 29419 1
4.85805258715805976522 -7.08350651547365472993 = 186.73090878807002468420 @ 198571 29697 1
5.48286179847283694500 -1.42513303035488769765 = 186.73090876884685940240 @ 198789 29739 1
5.48286177937040886121 -1.42513303578323546894 = 186.73090876852626252003 @ 195552 29106 1
-1.42513390334528722292 -7.08350761891037183915 = 186.73090875791743314949 @ 199478 29895 1
-0.80032170640581934418 4.85805104782188301726 = 186.73090875096707463854 @ 199469 29893 1
-0.80032170640581934418 4.85805104780314156443 = 186.73090875096653462606 @ 198938 29770 1
5.48285815619110472596 4.85805513360376295395 = 186.73090874302576480659 @ 199650 29940 1
-7.70830759809959165096 5.48286685329731771077 = 186.73090872775358661784 @ 198936 29769 1
-0.80032796858290877751 4.85805732949052782033 = 186.73090872631087222544 @ 195910 29172 1
-7.08349770286584057288 -1.42512945526170731192 = 186.73090866112033836544 @ 195657 29123 1
-7.08349770286584057288 -1.42512945550250669235 = 186.73090866111917307535 @ 199381 29870 1
-1.42512862187883637688 -0.80033001932247993526 = 186.73090865515374048300 @ 197093 29401 1
-7.70831349454390668541 -0.80030924486558252529 = 186.73090852028622066427 @ 197234 29424 1
-7.70830230531368965075 -7.08350127332602319541 = 186.73090846826710276218 @ 198858 29751 1
-1.42511504995594773249 5.48286397525892166271 = 186.73090841375645254629 @ 199220 29828 1
-1.42511504992129633962 5.48286397525744106929 = 186.73090841375426407467 @ 198788 29739 1
-7.08350635243810877739 4.85807684494523250862 = 186.73090790189689869294 @ 198699 29720 1
5.48284436828430621347 4.85807232728543159084 = 186.73090740508641260931 @ 199723 29959 1
-0.80032111658596027937 -1.42509485222951193251 = 186.73090620349057644489 @ 198928 29768 1
4.85802194600367798216 -0.80031924642914820112 = 186.73090597931303591395 @ 199171 29816 1
-7.70829377622719924545 -0.80035815563364554048 = 186.73090486824358436024 @ 199424 29881 1
4.85801728241980779188 5.48284364272589641587 = 186.73090424235070372561 @ 198254 29624 1
-7.70831235324814745269 5.48291520666932363781 = 186.73090307886602090548 @ 199554 29915 1
5.48291927677604906677 -7.70831362252582508177 = 186.73090212928249798097 @ 198963 29776 1
-7.08358512744814650119 -7.70831327969630653030 = 186.73089513652598725457 @ 198903 29763 1
-7.70831126421779355695 -0.80023631270809569838 = 186.73089293062707838544 @ 198782 29738 1
-7.70831126381135156578 -0.80023631270809569838 = 186.73089293062241722509 @ 198384 29658 1
-1.42511514994287979974 -0.80040678565869183281 = 186.73089219545857986304 @ 197556 29486 1
4.85805721684637070723 -7.08359679523557606018 = 186.73089077643874134083 @ 193021 28642 1
4.85815488789123239854 -7.08354235502080076259 = 186.73088358676287157323 @ 198567 29696 1
-0.80032536132729281686 -7.70816343062442133061 = 186.73085613473230637283 @ 198961 29775 1
-7.08367520065001698981 4.85803860236393258987 = 186.73084509068934266907 @ 198673 29715 1
-1.42531401521252010234 -7.08350698474089490730 = 186.73082856020431563593 @ 199037 29788 1
-7.08369872434865843758 4.85805511420904423403 = 186.73082708955871567014 @ 198110 29597 1
4.85786589797066437058 -0.80030394143848704314 = 186.73082317660376361346 @ 198363 29652 1
-7.70857236376098597930 -7.08350599160382632391 = 186.73075294666787726783 @ 197457 29470 1
-7.70857243600044661491 -7.08350598811365284035 = 186.73075285957025926109 @ 199517 29905 1
-0.80031955925151609943 -7.70857339393116980375 = 186.73075169754039848158 @ 194249 28864 1
-0.80031955925151609943 -7.70857339393116980375 = 186.73075169754039848158 @ 199906 30011 1
-7.70831188301426983855 5.48320588722044366392 = 186.73065084842355076944 @ 198158 29606 1
-7.08353665157228018501 -7.70875360487945648913 = 186.73045591713525936939 @ 197202 29418 1
4.85858049480179676749 -0.80032177007257443435 = 186.73026971719895072965 @ 197562 29487 1
5.48355971896531890764 -7.70812626045898241500 = 186.72975804350119233277 @ 199711 29956 1
5.48210799446337571084 -7.70831291229261506004 = 186.72964499016089234829 @ 199845 29995 1
4.85697326906581405837 -7.08352125149135147808 = 186.72817253343995957948 @ 197232 29423 1
-1.42490534293109116781 5.48456984549077741775 = 186.72436562100600099257 @ 197774 29532 1
5.48286400687571884305 -7.71296824454077878386 = 186.68048937566717881964 @ 199732 29962 1
-0.80032083087984939862 -1.43205147788195219505 = 186.61944857289509513976 @ 196227 29234 1
4.85807109953558313720 -0.82084734620919164172 = 185.79804124035811696558 @ 196841 29348 1
4.85807109953558313720 -0.82084734620926702586 = 185.79804124035126733361 @ 199744 29965 1
4.85807109953558313720 -0.82084734620932209292 = 185.79804124034626511275 @ 199718 29958 1
-1.52915636821505973586 5.48285719338880728202 = 162.92822217739612256082 @ 197266 29430 1
-1.52915636821505973586 5.48285719338823174240 = 162.92822217739609413911 @ 199276 29843 1
-1.52915636821505973586 5.48285719338608412698 = 162.92822217739606571740 @ 199388 29872 1
-1.52915636821505973586 5.48285719315160680054 = 162.92822217738969925449 @ 198708 29722 1
5.48286418170888723012 -6.47857105087850460023 = 123.57677085923567972259 @ 199778 29974 1
5.48286418170888723012 -6.47857105087851525838 = 123.57677085923565130088 @ 198433 29670 1
-7.08350643245678401883 -6.47857105317815662460 = 123.57677085923563709002 @ 199833 29992 1
-7.08350643245678401883 -6.47857105317815662460 = 123.57677085923563709002 @ 199993 30033 1
-7.08350643245678401883 -6.47857103836670678021 = 123.57677085923508286669 @ 198140 29603 1
5.48286421604938212226 -0.19538570976265559609 = 123.57677085923340598583 @ 199775 29973 1
-0.80032105483947735269 6.08779957719093456348 = 123.57677085923288018421 @ 199332 29858 1
-0.80032114823441535822 6.08779957719093456348 = 123.57677085923259596711 @ 199476 29895 1
-7.08350649636228979489 -0.19538577809500998206 = 123.57677085922360049608 @ 198442 29672 1
-7.08350649636228979489 -0.19538577918349542273 = 123.57677085922348680924 @ 197271 29431 1
5.48286411046852695250 -6.47857106423140738372 = 123.57677085922301785104 @ 198842 29748 1
-7.08350648962936713104 -0.19538582533780030071 = 123.57677085921604032137 @ 199451 29888 1
-7.08350649017101208216 -0.19538582534584822414 = 123.57677085921589821282 @ 198943 29771 1
-7.08350649636228979489 -0.19538582297962475698 = 123.57677085921500292898 @ 197628 29503 1
5.48286407196806724329 6.08779956100119612472 = 123.57677085921014281666 @ 199104 29799 1
5.48286407196806724329 6.08779956100585106782 = 123.57677085921011439495 @ 198450 29674 1
-0.80032114809410570544 -6.47857094596743099402 = 123.57677085920987281042 @ 198859 29752 1
-0.80032114809410770384 -6.47857094596743099402 = 123.57677085920985859957 @ 199876 30003 1
-0.80032114700552881015 -6.47857093729012945005 = 123.57677085920614956649 @ 197882 29549 1
5.48286411014961139188 -6.47857119572133388630 = 123.57677085918669490638 @ 199742 29964 1
5.48286401560682801204 -0.19538570975876953795 = 123.57677085918011528065 @ 197617 29502 1
-0.19538575858756229708 5.48286397525744106929 = 123.57677085915813108841 @ 197782 29534 1
5.48286396716321977607 -0.19538570975876953795 = 123.57677085914959036472 @ 197468 29471 1
5.48286396707473056011 -0.19538570976265559609 = 123.57677085914956194301 @ 199071 29793 1
-0.19538575858756229708 5.48286394234675356074 = 123.57677085913427106334 @ 199758 29969 1
6.08779963315002969892 5.48286394207740812590 = 123.57677085912328607264 @ 197237 29424 1
6.08779966822167128981 5.48286394372563101740 = 123.57677085911203107571 @ 199571 29920 1
6.08779966819267581712 5.48286394291076017993 = 123.57677085911151948494 @ 199143 29809 1
6.08779955476358392019 -0.80032146179082241932 = 123.57677085904570901675 @ 196189 29228 1
6.08779955476358392019 -0.80032146179082241932 = 123.57677085904570901675 @ 197523 29480 1
6.08779954514590393444 -0.80032146179082241932 = 123.57677085904553848650 @ 194474 28909 1
6.08779955476358392019 -0.80032146586678221123 = 123.57677085904137470607 @ 197530 29481 1
6.08779955476362921729 -0.80032146586678221123 = 123.57677085904120417581 @ 199657 29942 1
6.08779979729618414552 5.48286394207740812590 = 123.57677085902487590374 @ 198257 29625 1
-7.08350639569968798526 6.08779995730593270764 = 123.57677085893269008920 @ 198174 29609 1
-7.08350639569968798526 6.08779995730593270764 = 123.57677085893269008920 @ 199305 29851 1
-7.08350639569969153797 6.08779995730593270764 = 123.57677085893266166750 @ 199766 29971 1
-6.47857098710266487984 -0.80032155181482766970 = 123.57677085892939317091 @ 199830 29991 1
-6.47857098615353255155 -0.80032155181482766970 = 123.57677085892916579724 @ 199913 30012 1
-6.47857098597074099189 -0.80032155181482766970 = 123.57677085892905211040 @ 199354 29863 1
-0.19538600018165208638 5.48286378050102296555 = 123.57677085885231349494 @ 199835 29992 1
-0.19538600398464370245 5.48286377891735909884 = 123.57677085884670020732 @ 196725 29328 1
5.48286466369318326031 6.08779934155122237627 = 123.57677085884301959595 @ 199400 29875 1
-0.19538597336563273688 5.48286465922609522750 = 123.57677085884259327031 @ 199715 29957 1
-7.08350647477801587115 6.08779909605160529651 = 123.57677085882683343243 @ 198918 29766 1
-7.08350648295074059035 6.08779909342171432485 = 123.57677085882060907807 @ 199467 29892 1
5.48286480623735883455 -6.47857081664673106758 = 123.57677085860120769212 @ 199609 29930 1
5.48286480623735883455 -6.47857081664666623055 = 123.57677085860116505955 @ 198516 29684 1
-0.80032177983514984909 -6.47857077524604552110 = 123.57677085841089592577 @ 198984 29780 1
-6.47857158762833940102 -0.80032155982421904206 = 123.57677085839465291883 @ 197086 29400 1
-0.80032034333018453598 -6.47857096511974539510 = 123.57677085838227526438 @ 198844 29748 1
-0.19538599364369993450 -0.80032038742070732429 = 123.57677085838052732925 @ 199596 29926 1
-0.19538599386207813891 -0.80032038742070732429 = 123.57677085838032837728 @ 198581 29699 1
-0.19538599364413686277 -0.80032038596247345730 = 123.57677085837745778463 @ 198573 29698 1
-0.19538599285722602072 -0.80032037222665664000 = 123.57677085834920660545 @ 198435 29671 1
6.08779979729618414552 5.48286515756688608292 = 123.57677085780503034584 @ 197084 29399 1
-0.19538575858756229708 -7.08350541380394282953 = 123.57677085779199899207 @ 198640 29710 1
-0.19538575858756229708 -7.08350541380394282953 = 123.57677085779199899207 @ 199934 30018 1
-0.19538575041737435423 -7.08350541374866526922 = 123.57677085779194214865 @ 198825 29745 1
-0.19538575572610331066 -7.08350540319677168810 = 123.57677085776106196136 @ 199392 29873 1
-0.19538575013514852818 -7.08350522715912589433 = 123.57677085719858212087 @ 196264 29240 1
-0.80032105308956502654 -0.19538679349531237750 = 123.57677085716854037400 @ 198418 29666 1
-0.80032105308956502654 -0.19538679349531123952 = 123.57677085716854037400 @ 199888 30006 1
-0.80032105301364453442 -0.19538681171426930394 = 123.57677085709582343043 @ 196550 29292 1
-0.80032137462784058712 -0.19538693292838332782 = 123.57677085647321746364 @ 197437 29465 1
-6.47856990446605340850 5.48286475135455209085 = 123.57677085628267832362 @ 198508 29683 1
-6.47856992610953241751 -7.08350728564537135412 = 123.57677085568285235695 @ 197723 29519 1
-6.47856992278300314325 -7.08350729198659490038 = 123.57677085565221375418 @ 199849 29996 1
-6.47856992278300047872 -7.08350729198659490038 = 123.57677085565204322393 @ 198323 29642 1
-0.80032101179372505673 6.08779801298979172941 = 123.57677085470345446083 @ 199447 29887 1
-0.80032101179372505673 6.08779801298939826637 = 123.57677085470339761741 @ 196181 29227 1
6.08780022181957392036 -7.08350390025904985691 = 123.57677084920433685511 @ 198639 29710 1
6.08780022181969826534 -7.08350390025904985691 = 123.57677084920430843340 @ 199604 29928 1
6.08780022213823102106 -7.08350389881003827952 = 123.57677084919286869535 @ 197541 29483 1
6.08780022236519702261 -7.08350389881260600333 = 123.57677084919230026117 @ 198155 29606 1
6.08780022236519702261 -7.08350389881003827952 = 123.57677084919228605031 @ 197815 29539 1
-7.08350807683243477442 -0.19538394940902967245 = 123.57677084901307296150 @ 197872 29548 1
-6.47856882540852563324 5.48286495119180283808 = 123.57677084897964903121 @ 199098 29797 1
-6.47856882539968736978 5.48286495119180283808 = 123.57677084897960639864 @ 199463 29891 1
-7.08350907377051797198 -6.47857095281417016963 = 123.57677084882064377780 @ 198502 29682 1
-7.08350643245621292010 -6.47856840636051067861 = 123.57677084590919491802 @ 199569 29919 1
-6.47856834715827734072 5.48286475135460360519 = 123.57677084487431784510 @ 199713 29957 1
5.48286667700295637928 6.08779713986336457054 = 123.57677083923113059427 @ 197370 29451 1
-6.47856855697467981514 5.48286675463246453432 = 123.57677083788728111813 @ 199694 29952 1
-0.80032500016217467120 -0.19538539412024877318 = 123.57677083675611129365 @ 199213 29826 1
-6.47857051920473736573 -0.80032554844008274575 = 123.57677082975403948240 @ 199370 29868 1
-0.19538171319271813164 5.48286824693139518416 = 123.57677080445954231891 @ 199823 29986 1
-6.47857839871097684892 -7.08350629022596312012 = 123.57677075700280511228 @ 198814 29744 1
-7.08350464911324184669 -6.47857967118636057791 = 123.57677071399677970476 @ 198192 29611 1
-2.00720269513598692512 -7.70831372537832404390 = 79.41091322286727915980 @ 198291 29634 1
-2.00720269598773981556 -7.70831372557153482461 = 79.41091322286726494895 @ 197937 29563 1
-2.00720269513598692512 -7.70831372537103831633 = 79.41091322286726494895 @ 199338 29859 1
4.27598256697460321618 -1.42512844923402304254 = 79.41091322286511910988 @ 199480 29896 1
4.27598253404671613254 -1.42512844923402304254 = 79.41091322286020215415 @ 199352 29863 1
4.85805681883836548707 -8.29038793073066493378 = 79.41091322285451781227 @ 199557 29916 1
4.85805681873088168743 -8.29038793073066493378 = 79.41091322285450360141 @ 197165 29413 1
4.85805681883827489287 -8.29038793073037183490 = 79.41091322285438991457 @ 199546 29913 1
-2.00720281851441972876 -7.70831372537832404390 = 79.41091322284837872303 @ 196308 29247 1
-2.00720281851441972876 -7.70831372537832404390 = 79.41091322284837872303 @ 199254 29837 1
4.27598248735493857708 -7.70831371023073685933 = 79.41091322284744080662 @ 198256 29624 1
4.27598248735493857708 -7.70831371016834765442 = 79.41091322284744080662 @ 198470 29677 1
4.27598248735493857708 -7.70831371021347155903 = 79.41091322284742659576 @ 199967 30026 1
4.27598248674296232963 -7.70831371020848532538 = 79.41091322284724185465 @ 199230 29831 1
4.27598248582633999604 -1.42512846183105712505 = 79.41091322284637499251 @ 196466 29275 1
4.27598259509423161973 4.85805706702103723416 = 79.41091322283236308976 @ 199704 29954 1
4.27598259509415967727 4.85805706702103723416 = 79.41091322283229203549 @ 199076 29794 1
-2.00720272174427050160 -1.42512823218962259020 = 79.41091322282893827378 @ 196243 29237 1
-2.00720272173987623887 -1.42512823218962259020 = 79.41091322282889564121 @ 199582 29922 1
-2.00720272173886371547 -1.42512823218962259020 = 79.41091322282889564121 @ 199645 29939 1
-2.00720272812750533120 -1.42512823234668295491 = 79.41091322282858300241 @ 199507 29903 1
-7.70831349454390668541 -8.29038796834669611258 = 79.41091322280716724435 @ 198120 29600 1
-8.29038815910074156079 4.85805715442132779458 = 79.41091322276055564089 @ 195854 29162 1
-8.29038815910074156079 4.85805715441898566809 = 79.41091322276054143003 @ 199435 29884 1
-8.29038781643951416811 4.85805655127181523767 = 79.41091322270534647032 @ 196606 29303 1
-8.29038781810493752289 4.85805653922453117843 = 79.41091322269861052519 @ 199861 29999 1
-8.29038781810493929925 4.85805653907641232792 = 79.41091322269838315151 @ 196770 29336 1
-8.29038783133824885851 4.85805636638519633408 = 79.41091322255986995060 @ 199632 29935 1
4.85805735115580716865 4.27598228122725920741 = 79.41091322249536688105 @ 199100 29798 1
4.27598207868602120385 -1.42512844923402304254 = 79.41091322246595041179 @ 199209 29825 1
4.27598259357383980728 4.85805618394126259574 = 79.41091322238870020556 @ 197135 29408 1
4.27598259509415967727 4.85805617085846641601 = 79.41091322237051031152 @ 197963 29568 1
4.85805702020817165021 -8.29038739506381894273 = 79.41091322229246429742 @ 198016 29578 1
4.27598190317280568706 -7.70831368251309800854 = 79.41091322214984415950 @ 199903 30010 1
-8.29038770690332782465 -7.70831294664308952491 = 79.41091322211516967400 @ 198973 29778 1
-8.29038770691349391484 -7.70831294664308952491 = 79.41091322211498493289 @ 198964 29776 1
-8.29038770692091553371 -7.70831294496757024604 = 79.41091322211265435271 @ 198999 29782 1
-8.29038770691117754552 -7.70831294496757024604 = 79.41091322211235592476 @ 198090 29592 1
4.85805635746098118943 4.27598196221251658500 = 79.41091322199881119559 @ 197341 29446 1
4.85805635746098118943 4.27598196221250592686 = 79.41091322199879698474 @ 199813 29983 1
-1.42512769237063641192 -8.29038739477068631345 = 79.41091322177508970981 @ 196108 29210 1
-1.42512765221338599808 -8.29038741442868420961 = 79.41091322174986544269 @ 196957 29373 1
-1.42512765221338599808 -8.29038741447531535300 = 79.41091322174985123183 @ 199297 29849 1
-1.42512747079818713480 -8.29038744082289369430 = 79.41091322148304243456 @ 197318 29443 1
-7.70831216968714461046 4.27598228105150557354 = 79.41091322028621846130 @ 197236 29424 1
-7.70831216968714461046 4.27598228105150557354 = 79.41091322028621846130 @ 198279 29630 1
-7.70831216960561960150 4.27598228122725920741 = 79.41091322028609056360 @ 199916 30013 1
-7.70831216956294351661 4.27598228105150557354 = 79.41091322028586318993 @ 198326 29643 1
-1.42512713139626212566 4.27598166894491971135 = 79.41091321992681173469 @ 199382 29871 1
-1.42512713139626212566 4.27598166894368336699 = 79.41091321992681173469 @ 199433 29884 1
-1.42512713138422975057 4.27598166894491971135 = 79.41091321992676910213 @ 199281 29844 1
-2.00720328221230381871 4.85805530256995776739 = 79.41091321991709151007 @ 199413 29879 1
-2.00720328221384081147 4.85805530256995776739 = 79.41091321991704887751 @ 198492 29680 1
-2.00720271070511868672 4.85805511814708612661 = 79.41091321979472184012 @ 199151 29811 1
-2.00720271070511868672 4.85805511811447399140 = 79.41091321979457973157 @ 198487 29680 1
-1.42512853144370343905 -2.00720420816733380320 = 79.41091321955447313030 @ 199410 29878 1
-1.42512863264859013235 -2.00720420816733380320 = 79.41091321952363557557 @ 194410 28895 1
4.27598181520292719426 -1.42512638709460381925 = 79.41091321783180490002 @ 196613 29304 1
-7.70831115843785497077 -8.29038796904785613151 = 79.41091321628222488016 @ 197394 29455 1
-7.70831115712730152723 -8.29038796834669611258 = 79.41091321627538945904 @ 197161 29412 1
-1.42512805989231261528 4.27598044326258897030 = 79.41091321592224971937 @ 196537 29289 1
4.85805734785417708821 4.27598001826322615671 = 79.41091321289438553777 @ 196313 29248 1
4.85805735114878523007 4.27598001826322615671 = 79.41091321289130178229 @ 196772 29336 1
-8.29038315330834230110 -1.42513037490416105690 = 79.41091318464272319488 @ 197992 29574 1
-8.29038315330834230110 -1.42513037490419525177 = 79.41091318464272319488 @ 199707 29955 1
-8.29038315323346175489 -1.42513037476966286654 = 79.41091318464248161035 @ 198734 29729 1
-8.29038315330886632637 -1.42513037511833018378 = 79.41091318464205528471 @ 199331 29858 1
-8.29038315330834230110 -1.42513037511833018378 = 79.41091318464189896531 @ 197795 29536 1
-7.70831855979389590772 -2.00720929907073797338 = 79.41091313628771786171 @ 199422 29881 1
-7.70831511391850021653 -2.00721395802138502518 = 79.41091303603680273682 @ 199014 29785 1
-7.70831856017506922285 -2.00721395801637481071 = 79.41091301484831888047 @ 199866 30000 1
4.85805183015542407787 -2.00718880052530579405 = 79.41091291528462647875 @ 199677 29947 1
4.85805182933707424553 -2.00718880052530579405 = 79.41091291527644102644 @ 198932 29769 1
4.85805183015548713854 -2.00718880031284996335 = 79.41091291527598627908 @ 198440 29672 1
4.85806372419213783331 -2.00718880016162115609 = 79.41091289408932141214 @ 199155 29812 1
4.85806788082328733225 -2.00718958705046279789 = 79.41091285161185453489 @ 199461 29891 1
-2.00792016440939624644 -7.70831372310615670074 = 79.41016181180721389410 @ 196468 29275 1
4.85806837706605687544 4.27419726446065340042 = 79.40626314098454940904 @ 191771 28400 1
5.48286421604756490922 0.82178394077961236519 = 54.40486543967279686740 @ 199501 29901 1
5.48286421604938212226 0.82178394072946903126 = 54.40486543967278265654 @ 198038 29581 1
-0.80032105186276969455 0.82178389393347017755 = 54.40486543967055155235 @ 197788 29535 1
-5.46140143504106312378 5.48286420348980296779 = 54.40486543967038102210 @ 199490 29898 1
-5.46140143504106312378 5.48286420348974790073 = 54.40486543967037391667 @ 197346 29447 1
-0.80032104868139763987 0.82178389393347017755 = 54.40486543967035260039 @ 199502 29901 1
5.48286414929114940264 0.82178395138278881316 = 54.40486543967034549496 @ 195668 29125 1
-5.46140143504011010833 5.48286420348974790073 = 54.40486543967022470270 @ 199583 29923 1
-0.80032103501035412041 0.82178389393347017755 = 54.40486543966931520799 @ 197224 29422 1
-0.80032103501035412041 0.82178389076307123418 = 54.40486543966909493975 @ 197481 29474 1
5.48286411705438236908 -5.46140139286166448329 = 54.40486543966791543880 @ 199637 29937 1
5.48286411705438236908 -5.46140139286162096255 = 54.40486543966776622483 @ 197028 29386 1
-0.80032103354092076763 7.10496928509549086073 = 54.40486543966765253799 @ 197898 29553 1
5.48286411688046992907 -5.46140134673900323747 = 54.40486543966677857043 @ 195679 29127 1
7.10496931449245217038 -7.08350640016729649062 = 54.40486543966588328658 @ 197353 29448 1
7.10496931574886936289 -7.08350640016729649062 = 54.40486543966568433461 @ 197378 29452 1
-7.08350649636325968572 -5.46140132571243164250 = 54.40486543966507326786 @ 199298 29849 1
-7.08350649636228979489 -5.46140132571243164250 = 54.40486543966506616243 @ 198436 29671 1
0.82178398258726548242 -0.80032127749154347018 = 54.40486543964958343622 @ 198005 29576 1
0.82178398258794715936 -0.80032127749133963324 = 54.40486543964958343622 @ 199559 29916 1
0.82178398322459877967 -0.80032127824991139420 = 54.40486543964922816485 @ 197560 29487 1
-7.08350621287206738685 7.10496922204514991250 = 54.40486543964859578182 @ 198838 29747 1
-0.80032090320710513875 -5.46140134673900323747 = 54.40486543964691179553 @ 199575 29921 1
-0.80032129291767484247 7.10496928509549086073 = 54.40486543964669152729 @ 199284 29845 1
-0.80032129291789133596 7.10496928509549086073 = 54.40486543964669152729 @ 199543 29912 1
0.82178377758450416035 5.48286429803377117764 = 54.40486543964504306814 @ 199782 29975 1
0.82178377758588383450 5.48286429803377117764 = 54.40486543964502175186 @ 199600 29927 1
0.82178402108308745699 -0.80032127534819774706 = 54.40486543964394883233 @ 197126 29406 1
0.82178402094831493052 -0.80032127661757213044 = 54.40486543964376409122 @ 198515 29684 1
7.10496904415732721816 -0.80032107450556144723 = 54.40486543963604759711 @ 199290 29847 1
7.10496904417379226970 -0.80032107450556144723 = 54.40486543963578469629 @ 199058 29792 1
7.10496904415700836211 -0.80032107450556144723 = 54.40486543963571364202 @ 199518 29905 1
7.10496904302225296135 -0.80032107450556144723 = 54.40486543963506704813 @ 199570 29919 1
5.48286418170888723012 0.82178373372994972801 = 54.40486543963464072249 @ 199825 29986 1
5.48286418170888723012 0.82178373372995816570 = 54.40486543963451282480 @ 198941 29770 1
7.10496904074468371704 -0.80032107450556144723 = 54.40486543963437782168 @ 198098 29594 1
-0.80032086666141022402 7.10496930845516594388 = 54.40486543963226040432 @ 196372 29257 1
-7.08350614616222795661 7.10496922969386712765 = 54.40486543962917664885 @ 197739 29523 1
-7.08350614616272444835 7.10496922969386712765 = 54.40486543962916954342 @ 199334 29858 1
-7.08350614612948259463 7.10496922969386712765 = 54.40486543962916243800 @ 199194 29822 1
-7.08350614616222795661 7.10496922993225865639 = 54.40486543962903454030 @ 198608 29705 1
7.10496915585875754573 5.48286447768376028478 = 54.40486543961945642423 @ 199743 29965 1
7.10496915585875754573 5.48286447768375406753 = 54.40486543961944931880 @ 197613 29501 1
7.10496915585875754573 5.48286447768375495571 = 54.40486543961944931880 @ 199802 29980 1
7.10496915585875754573 5.48286447836976797987 = 54.40486543961921483969 @ 199851 29996 1
0.82178398258726548242 -7.08350675474498192585 = 54.40486543959220000488 @ 199822 29985 1
-0.80032093417584027062 0.82178367353311088106 = 54.40486543958951415334 @ 198180 29609 1
-5.46140145844579105727 -7.08350678453642679244 = 54.40486543957536014204 @ 198931 29768 1
-5.46140145844579105727 -7.08350678453642679244 = 54.40486543957536014204 @ 199638 29937 1
7.10496931783406004968 -7.08350678473890216225 = 54.40486543957435117136 @ 198946 29772 1
0.82178424371764324796 5.48286418251184759498 = 54.40486543956816944956 @ 198866 29753 1
0.82178424371764324796 5.48286418251184759498 = 54.40486543956816944956 @ 199881 30004 1
-7.08350599808670189361 0.82178394072819416216 = 54.40486543956487253126 @ 199214 29827 1
5.48286460280074550155 0.82178371139187866845 = 54.40486543952452791473 @ 199343 29861 1
-7.08350591669005780204 0.82178394057475467882 = 54.40486543951769959904 @ 198574 29698 1
-7.08350591667870244095 0.82178394057475467882 = 54.40486543951768538818 @ 199372 29868 1
-5.46140144164930418924 -0.80032043303819833113 = 54.40486543938251884356 @ 198904 29763 1
-5.46140156732176240695 5.48286489442919844350 = 54.40486543933295138231 @ 198322 29642 1
-5.46140156732176240695 5.48286489442919844350 = 54.40486543933295138231 @ 199145 29809 1
5.48286496262328260087 7.10496916939642453315 = 54.40486543930127538715 @ 199868 30001 1
5.48286496248456955982 7.10496916878585338395 = 54.40486543930126117630 @ 198417 29666 1
5.48286496262328260087 7.10496916937021438798 = 54.40486543930099827548 @ 198142 29604 1
-0.80032090320710513875 -5.46140080156861884575 = 54.40486543930025931104 @ 199690 29951 1
-0.80032090320710513875 -5.46140079961692048727 = 54.40486543929775820061 @ 198800 29741 1
-0.80032079340017037161 -5.46140080045973252965 = 54.40486543926339635391 @ 196984 29377 1
-7.08350563860530879623 7.10496882142379604375 = 54.40486543911712402632 @ 197336 29445 1
-5.46140175396865323876 -0.80032009289065286772 = 54.40486543887615056292 @ 199232 29831 1
-5.46140175396799687491 -0.80032009294809369759 = 54.40486543887581660783 @ 199590 29925 1
-5.46140213835585175417 -0.80032015597955485919 = 54.40486543850624912011 @ 199106 29799 1
5.48286551927986121058 7.10496884305272224935 = 54.40486543840689392937 @ 199470 29893 1
5.48286551927986121058 7.10496884305306597440 = 54.40486543840667366112 @ 199059 29792 1
5.48286551927986121058 7.10496884305269738036 = 54.40486543840633260061 @ 199747 29966 1
0.82178435819074158175 -7.08350511182943343158 = 54.40486543839863031735 @ 198702 29721 1
0.82178435826772389117 -7.08350511182943343158 = 54.40486543839849531423 @ 198605 29704 1
5.48286278637957913418 -5.46140132534675259990 = 54.40486543837097599408 @ 198397 29661 1
0.82178437095411049906 -7.08350508741340334495 = 54.40486543834591515179 @ 193801 28783 1
-7.08350474242904670774 -5.46140078147971230749 = 54.40486543751571701932 @ 197184 29416 1
0.82178283268568608211 -7.08350511728634302244 = 54.40486543736522406789 @ 199468 29892 1
7.10496910433519612837 -0.80032307329006258101 = 54.40486543715007172750 @ 199801 29980 1
-7.08350459151049172135 -5.46140019705012669249 = 54.40486543609885217165 @ 196077 29205 1
-7.08350459326827408546 -5.46140017535779520585 = 54.40486543604906444216 @ 197053 29392 1
-0.80032081357766426954 -5.46139947974956996291 = 54.40486543587962842139 @ 198113 29598 1
-5.46140407537085348366 -7.08350524255808355889 = 54.40486543129256347129 @ 197899 29554 1
-5.46140389670669712530 -7.08350468482971340478 = 54.40486543121805596002 @ 198940 29770 1
-7.08351155553274747234 0.82178378536870999582 = 54.40486542259047553216 @ 199729 29961 1
-7.08351155553274747234 0.82178378536869167714 = 54.40486542259045421588 @ 183605 27014 1
-5.46140325576940721675 -0.80032706112985074753 = 54.40486541316381874367 @ 196683 29317 1
-5.46140615052136535468 -7.08350158357326531444 = 54.40486540116482672147 @ 196888 29360 1
-5.46140269658985033630 -7.08351526455543201166 = 54.40486538737795996212 @ 198724 29726 1
5.48287505311666745200 -5.46140046952497204558 = 54.40486536306870135604 @ 197813 29539 1
5.48287505311666745200 -5.46140046952498536825 = 54.40486536306855924749 @ 199750 29966 1
-7.08350639050634800498 -5.46138885396952566964 = 54.40486527735129129724 @ 196479 29277 1
0.82178758343229063588 5.48283756581381886974 = 54.40486496887483269802 @ 199250 29836 1
-0.80034913318595291010 0.82178644027635161518 = 54.40486492717877808900 @ 199709 29955 1
-0.80027758230325662936 0.82176409735012623248 = 54.40486381369357360427 @ 197179 29415 1
7.10496804320364816476 -0.80027086309955297594 = 54.40486381329585441335 @ 197217 29421 1
-7.08350875305032889884 0.82183844076004752832 = 54.40486236230110250744 @ 199115 29802 1
-0.80032276282484715590 0.82184200675837515426 = 54.40486194877566816785 @ 196970 29375 1
7.10491312359903837148 5.48290659634117005794 = 54.40486102644618426893 @ 199384 29871 1
7.10491312359727178460 5.48290659634117005794 = 54.40486102644576504872 @ 198987 29780 1
-0.80020844205929098081 -5.46139687120635741735 = 54.40485724717248672277 @ 199728 29961 1
-0.80020840791167735517 -5.46139584473409378518 = 54.40485723155165231901 @ 199189 29820 1
-7.08374432904963491353 -5.46137297663617804488 = 54.40482815820752904301 @ 198287 29632 1
7.10516253660184382568 5.48286427388517960679 = 54.40482679268355070690 @ 198245 29621 1
5.48281539653668126277 0.82200873969072774106 = 54.40481163255138596924 @ 198437 29671 1
4.27598264777607006693 -0.19538576131297902272 = 52.55340044397741650073 @ 199329 29857 1
4.27598264777607006693 -0.19538576131297902272 = 52.55340044397741650073 @ 199927 30016 1
4.27598264778092485017 -0.19538576126724960247 = 52.55340044397739518445 @ 199401 29875 1
-8.29038806408452977337 -0.19538579359984914463 = 52.55340044397535592680 @ 198422 29667 1
6.08779955811124917631 -8.29038794524224265103 = 52.55340044397531329423 @ 199041 29789 1
-8.29038806366003200310 -0.19538579359984914463 = 52.55340044397530618880 @ 198750 29733 1
-8.29038806366003200310 -0.19538579359984914463 = 52.55340044397530618880 @ 198971 29778 1
6.08779955811124917631 -8.29038794523737010422 = 52.55340044397521381825 @ 198892 29760 1
6.08779955811053685721 -8.29038794523737010422 = 52.55340044397517118568 @ 199398 29875 1
6.08779958461733183839 -8.29038794398111278383 = 52.55340044397448906466 @ 199057 29791 1
-2.00720261795953147654 -6.47857106412332406364 = 52.55340044397227217132 @ 198849 29749 1
-2.00720261795952881201 -6.47857106412332406364 = 52.55340044397222243333 @ 199774 29973 1
-2.00720261799374188882 -6.47857106415884498318 = 52.55340044397215848448 @ 198826 29745 1
6.08779964263808803793 4.27598264804430261421 = 52.55340044397166110457 @ 199496 29900 1
6.08779964263686501624 4.27598264802090710646 = 52.55340044397163268286 @ 198753 29734 1
-2.00720241492839335251 -6.47857105087851525838 = 52.55340044389846099193 @ 199495 29899 1
-2.00720299240983690581 -0.19538563655515003847 = 52.55340044388890419214 @ 196233 29235 1
-2.00720299241058564022 -0.19538563655201690583 = 52.55340044388886155957 @ 199407 29877 1
-8.29038770107280775790 -6.47857103836670678021 = 52.55340044388611175918 @ 198319 29641 1
-8.29038770107280775790 -6.47857103836670855657 = 52.55340044388606912662 @ 199844 29995 1
6.08779994162821758152 4.27598262087169977974 = 52.55340044385993536480 @ 198485 29679 1
-8.29038810746241594529 -0.19538615159167260771 = 52.55340044384055886439 @ 198176 29609 1
4.27598263175554027526 -0.19538631485975346824 = 52.55340044372140795303 @ 199204 29824 1
-2.00720216546252494538 6.08779951567230437348 = 52.55340044369740581942 @ 199848 29996 1
4.27598160929492987492 6.08779983289524473378 = 52.55340044296406887270 @ 199665 29944 1
4.27598159649035558516 6.08779983285842796192 = 52.55340044293951251575 @ 197522 29480 1
4.27598159649035558516 6.08779983285842796192 = 52.55340044293951251575 @ 199875 30002 1
-2.00720376649838350147 -0.19538575571201191594 = 52.55340044288917056292 @ 199607 29929 1
-2.00720377976309860557 -0.19538575468414781655 = 52.55340044286180756217 @ 196648 29310 1
-6.47856992533552400459 -8.29038839097838931025 = 52.55340044280706734980 @ 198824 29745 1
-6.47856992533552400459 -8.29038839097875168704 = 52.55340044280701050639 @ 199449 29888 1
4.27598157205489659560 6.08779910769619281297 = 52.55340044278978695047 @ 199513 29904 1
4.27598148003696998387 6.08779987070367134550 = 52.55340044268179156006 @ 199912 30012 1
-8.29038770201186459019 6.08779788032385038576 = 52.55340044161918200416 @ 198957 29774 1
-8.29038770107280775790 6.08779788033778856970 = 52.55340044161881252194 @ 198419 29666 1
-8.29038770107280775790 6.08779788001752297788 = 52.55340044161791723809 @ 199783 29975 1
-8.29038770107280775790 6.08779788001756205773 = 52.55340044161791013266 @ 196700 29321 1
-0.19538601324791807223 -8.29038556398972836803 = 52.55340043813396277983 @ 198902 29763 1
-0.19538601329495081105 -8.29038556398972836803 = 52.55340043813394146355 @ 198741 29731 1
-0.19538601319391440958 -8.29038556016881500454 = 52.55340043811578709665 @ 199589 29924 1
6.08779941123497803090 -2.00720574030879372884 = 52.55340043505457714446 @ 199548 29913 1
-0.19538905703122622093 4.27598179386728194373 = 52.55340043452711995542 @ 198942 29771 1
-0.19538905703037048878 4.27598179386349208642 = 52.55340043452705600657 @ 199528 29908 1
-0.19538955434333932226 4.27598179386728194373 = 52.55340043167490904352 @ 199316 29854 1
6.08779941056570095270 -2.00720948811830135483 = 52.55340039948648467316 @ 197791 29535 1
6.08781135291406716448 4.27598331977477563726 = 52.55340033126604737390 @ 198908 29764 1
-0.19538600395484490013 -2.00718959131859975287 = 52.55340027774024491691 @ 199005 29783 1
-0.19538600395484598260 -2.00718959131380181304 = 52.55340027774013123008 @ 199811 29982 1
-0.19538600395484490013 -2.00718959131380181304 = 52.55340027774012412465 @ 198914 29766 1
-6.47857839202345076046 -2.00718958714796347209 = 52.55340023429731388660 @ 199053 29791 1
5.48286421416754343738 10.00000000000000000000 = 48.50681683721428782974 @ 196413 29267 1
5.48286421416754343738 10.00000000000000000000 = 48.50681683721428782974 @ 199992 30033 1
5.48286421604938212226 10.00000000000000000000 = 48.50681683721428072431 @ 196095 29208 1
5.48286421604938212226 10.00000000000000000000 = 48.50681683721428072431 @ 197410 29457 1
5.48286421604938212226 10.00000000000000000000 = 48.50681683721428072431 @ 197561 29487 1
10.00000000000000000000 5.48286418837764610856 = 48.50681683721413861576 @ 195165 29041 1
10.00000000000000000000 5.48286418811083731129 = 48.50681683721413151034 @ 198654 29712 1
10.00000000000000000000 5.48286418811155051856 = 48.50681683721412440491 @ 199340 29860 1
10.00000000000000000000 -0.80032105898362471130 = 48.50681683721334280790 @ 196465 29275 1
-7.08350655666686268574 10.00000000000000000000 = 48.50681683720159043105 @ 199794 29978 1
-7.08350655666685913303 10.00000000000000000000 = 48.50681683720158332562 @ 199714 29957 1
10.00000000000000000000 -7.08350623964804970711 = 48.50681683719813008793 @ 199403 29876 1
-0.80032078796734873460 10.00000000000000000000 = 48.50681683715826864045 @ 195936 29176 1
-0.80032078796734873460 10.00000000000000000000 = 48.50681683715826864045 @ 198181 29610 1
-0.80032078796734873460 10.00000000000000000000 = 48.50681683715826864045 @ 199393 29874 1
10.00000000000000000000 -7.08350675474498192585 = 48.50681683714517333783 @ 198255 29624 1
10.00000000000000000000 -7.08350675680776920018 = 48.50681683714434910826 @ 198061 29585 1
10.00000000000000000000 -0.80032146111405166877 = 48.50681683713966663163 @ 198032 29580 1
10.00000000000000000000 -0.80032164170514086265 = 48.50681683704617341846 @ 192786 28595 1
10.00000000000000000000 -7.08350726411509690195 = 48.50681683679324152081 @ 198881 29757 1
-0.80032009519823354982 10.00000000000000000000 = 48.50681683663421495112 @ 199114 29801 1
-0.80032009446219165572 10.00000000000000000000 = 48.50681683663336229984 @ 196362 29256 1
10.00000000000000000000 -0.80031946995776415132 = 48.50681683568819124730 @ 197325 29444 1
10.00000000000000000000 5.48286644341759732413 = 48.50681683434247304376 @ 197264 29429 1
10.00000000000000000000 5.48286668378994157536 = 48.50681683369204222345 @ 194451 28905 1
10.00000000000000000000 -0.80031541950356910320 = 48.50681681868802286317 @ 198650 29711 1
5.48285815619110472596 10.00000000000000000000 = 48.50681681619931850946 @ 197698 29514 1
10.00000000000000000000 5.48287046915033826622 = 48.50681681470142336821 @ 197949 29566 1
10.00000000000000000000 5.48287184526965454268 = 48.50681680372031934212 @ 197839 29543 1
10.00000000000000000000 5.48287184526965454268 = 48.50681680372031934212 @ 199274 29842 1
10.00000000000000000000 -7.08351597199200622157 = 48.50681678470274249548 @ 195676 29126 1
-0.80033218518894910787 10.00000000000000000000 = 48.50681676668099839844 @ 198775 29737 1
10.00000000000000000000 -0.80029574433002714784 = 48.50681646814388869871 @ 197661 29508 1
5.48283642606471577352 10.00000000000000000000 = 48.50681639418669988117 @ 194975 29010 1
10.00000000000000000000 -7.08358432968468676449 = 48.50681335167573848821 @ 191293 28306 1
10.00000000000000000000 -7.08358765500852260999 = 48.50681304783541492043 @ 198196 29612 1
5.48274643549594831171 10.00000000000000000000 = 48.50680887506891991734 @ 199579 29922 1
-0.80018279231317535061 10.00000000000000000000 = 48.50680585647801024152 @ 194678 28947 1
9.56321198781080283879 -7.70831365973447812934 = 46.51131427388332184591 @ 199179 29818 1
9.56321198781080283879 -7.70831365973447812934 = 46.51131427388332184591 @ 199870 30001 1
9.56321198781080283879 -7.70831365969594983767 = 46.51131427388330763506 @ 199255 29837 1
4.85805688720494721622 3.28002619320328481223 = 46.51131427364700243743 @ 198827 29746 1
4.85805688720494721622 3.28002619320328481223 = 46.51131427364700243743 @ 199966 30026 1
4.85805688720494721622 3.28002619319620913885 = 46.51131427364691006687 @ 198895 29761 1
