-0.80032110166710812571 -7.70831373405272124444 -0.80032110521058796859 = 2709.09350557282687077532 @ 399742 69018 1
-0.80032110327361405400 4.85805688174822059011 -0.80032110521058796859 = 2709.09350557282641602797 @ 397718 68461 1
-0.80032109547165108943 -7.70831373405272124444 -0.80032110521058796859 = 2709.09350557282596128061 @ 398145 68581 1
-0.80032109770308201835 -7.70831374125613244530 -0.80032110521058796859 = 2709.09350557282550653326 @ 395348 67801 1
5.48286421458130313056 -1.42512842885839297047 -0.80032110309312964880 = 2709.09350557282505178591 @ 397007 68260 1
5.48286421458130313056 -1.42512842885839297047 -0.80032110326191197025 = 2709.09350557282505178591 @ 397195 68313 1
-7.08350641563295457814 -1.42512842949437401607 -0.80032110151434043832 = 2709.09350557282505178591 @ 397235 68324 1
-7.08350641563295457814 -1.42512842949437401607 -0.80032110151434043832 = 2709.09350557282505178591 @ 397339 68352 1
-7.08350641563295457814 -1.42512842949437401607 -0.80032110151434043832 = 2709.09350557282505178591 @ 397578 68420 1
5.48286421432805948228 -1.42512842558656016578 -0.80032110309312964880 = 2709.09350557282505178591 @ 398658 68722 1
-7.08350641563295457814 -1.42512842948832485490 -0.80032110151434043832 = 2709.09350557282505178591 @ 398792 68760 1
-7.08350641607220765650 -1.42512842949437401607 -0.80032110157541780371 = 2709.09350557282459703856 @ 394477 67562 1
-0.80032109770308201835 -1.42512843290479840341 -0.80032110521058796859 = 2709.09350557282459703856 @ 396729 68182 1
-0.80032110327361405400 4.85805688178885652917 -7.08350641731865415807 = 2709.09350557282459703856 @ 397071 68277 1
4.85805688147442271685 5.48286420163154097906 -0.80032110897556096862 = 2709.09350557282459703856 @ 398506 68679 1
-0.80032109770308201835 -1.42512843290427193566 -0.80032110521058796859 = 2709.09350557282459703856 @ 399197 68870 1
-7.08350641563295457814 -1.42512842948832485490 5.48286421022871461872 = 2709.09350557282459703856 @ 399882 69056 1
4.85805688123783063759 5.48286420163646592840 -7.08350641752166065856 = 2709.09350557282368754386 @ 396473 68111 1
-0.80032110412045709413 4.85805688105275468303 -7.08350641752166065856 = 2709.09350557282368754386 @ 397089 68283 1
4.85805688147442271685 5.48286420164177634717 -0.80032110897556096862 = 2709.09350557282368754386 @ 399915 69065 1
-0.80032110412045709413 4.85805688174202998653 -7.08350641752166065856 = 2709.09350557282277804916 @ 396866 68221 1
-7.08350641731459429451 4.85805687246340234253 5.48286420004511665383 = 2709.09350557282232330181 @ 398384 68647 1
-7.08350641731459429451 4.85805687246340234253 5.48286420003980712323 = 2709.09350557282186855446 @ 395969 67973 1
-7.08350641731459429451 4.85805687246340234253 5.48286420003980712323 = 2709.09350557282186855446 @ 396726 68181 1
4.85805687866069835223 -7.08350639610054066964 -7.08350641499054933803 = 2709.09350557282186855446 @ 397618 68432 1
5.48286419379564815557 5.48286420038009492117 -7.70831373981392253825 = 2709.09350557282050431240 @ 399335 68908 1
4.85805687866069835223 -7.08350639406636251039 -7.08350641499054933803 = 2709.09350557282004956505 @ 393880 67396 1
5.48286421432805948228 -1.42512842558656016578 5.48286419422692716807 = 2709.09350557282004956505 @ 398690 68731 1
5.48286421432805948228 -1.42512842558656016578 5.48286419422692006265 = 2709.09350557282004956505 @ 399477 68946 1
-0.80032110327361405400 4.85805688197139495799 -0.80032111676597583738 = 2709.09350557281868532300 @ 398724 68740 1
-0.80032110327361405400 4.85805688197139495799 -0.80032108377061461635 = 2709.09350557281823057565 @ 396155 68022 1
-0.80032110327361405400 4.85805688174822059011 -0.80032108377061461635 = 2709.09350557281823057565 @ 397508 68400 1
-1.42512842851661902799 -7.08350639560287564933 5.48286422030163400620 = 2709.09350557281641158625 @ 398537 68688 1
-1.42512842851661902799 -7.08350639557529326851 5.48286422030941889005 = 2709.09350557281641158625 @ 399433 68934 1
-1.42512842851661902799 -7.08350639557529326851 5.48286422030937092842 = 2709.09350557281595683889 @ 398573 68698 1
-1.42512842851661991617 -7.08350639570058415728 5.48286422030937092842 = 2709.09350557281595683889 @ 399679 69001 1
-1.42512842851661902799 -7.08350639570058415728 5.48286422030937092842 = 2709.09350557281550209154 @ 399257 68887 1
-7.08350641691814875145 4.85805687307776157269 -0.80032108377061461635 = 2709.09350557281459259684 @ 397301 68342 1
-7.08350641731459429451 4.85805687307776157269 -0.80032108377061461635 = 2709.09350557281413784949 @ 395841 67937 1
5.48286421458130313056 -7.70831372614340004645 -0.80032108377061461635 = 2709.09350557281413784949 @ 397413 68373 1
5.48286421458130313056 -7.70831372614340004645 -0.80032108377061461635 = 2709.09350557281413784949 @ 397517 68403 1
5.48286421458130313056 -7.70831372614340004645 -0.80032108372790711215 = 2709.09350557281413784949 @ 397601 68427 1
-7.08350641731599139916 4.85805687307776157269 -0.80032108377061461635 = 2709.09350557281413784949 @ 398252 68610 1
5.48286421458130313056 -7.70831372614318155456 -0.80032108377061461635 = 2709.09350557281277360744 @ 399399 68925 1
-0.80032108683893610213 -1.42512843660203958329 -7.08350639288827554907 = 2709.09350557281186411274 @ 395594 67870 1
-0.80032108683893610213 -1.42512843660203958329 -7.08350639312846652729 = 2709.09350557281186411274 @ 396205 68036 1
-0.80032108683893610213 -1.42512843670431688103 -7.08350639312846652729 = 2709.09350557281186411274 @ 397818 68489 1
-7.08350640557543886899 -7.70831373479557502293 -0.80032107828817522499 = 2709.09350557281049987068 @ 399323 68904 1
-7.08350642524965046221 -1.42512844201997634919 -0.80032109417839059073 = 2709.09350557280868088128 @ 396604 68147 1
-7.08350642524965046221 -1.42512844201997634919 -7.08350641516847367996 = 2709.09350557280868088128 @ 399987 69084 1
5.48286421331012530089 -0.80032107970636634509 -7.70831372451125051981 = 2709.09350557280731663923 @ 398945 68803 1
5.48286421331017148617 -0.80032107970377874828 -7.70831372451125051981 = 2709.09350557280731663923 @ 399183 68866 1
4.85805689912156868360 -7.08350639406636251039 5.48286422030163400620 = 2709.09350557280185967102 @ 398476 68671 1
4.85805689912156868360 -7.08350639406636251039 5.48286422030180542464 = 2709.09350557280185967102 @ 399198 68870 1
-0.80032112462526461272 -1.42512843022998181297 -0.80032108377061461635 = 2709.09350557279913118691 @ 395749 67913 1
-0.80032112464194660184 -1.42512843022998181297 -0.80032108377061461635 = 2709.09350557279913118691 @ 397570 68418 1
-7.08350643720804473702 4.85805687343829362135 5.48286420317218237130 = 2709.09350557279776694486 @ 395105 67735 1
5.48286422191967037776 -1.42512841821250502150 5.48286418251047269479 = 2709.09350557279685745016 @ 394574 67588 1
-0.80032110295850122927 -7.08350640181121526950 -7.70831370481286626273 = 2709.09350557279367421870 @ 398445 68664 1
5.48286421339125062957 5.48286421124892164869 -7.70831370353412648200 = 2709.09350557279140048195 @ 398495 68676 1
5.48286421341915808370 5.48286421124892164869 -7.70831370337362642431 = 2709.09350557279049098724 @ 397511 68401 1
5.48286419629155030719 4.85805684858574871043 -0.80032110969061065475 = 2709.09350557279049098724 @ 398834 68772 1
5.48286419629144194943 4.85805684858574871043 -0.80032110969061065475 = 2709.09350557279049098724 @ 399358 68914 1
5.48286421341914120831 5.48286421124892164869 -7.70831370337362642431 = 2709.09350557279049098724 @ 399553 68967 1
5.48286422349692070810 -1.42512844715006670171 5.48286418271756659237 = 2709.09350557278776250314 @ 395819 67931 1
5.48286419015651116382 -7.08350640181121526950 -7.70831370481286626273 = 2709.09350557278548876639 @ 398536 68688 1
5.48286419015355708240 -7.08350640181121526950 -7.70831370481286626273 = 2709.09350557278503401903 @ 395085 67729 1
5.48286419015355708240 -7.08350640181121526950 -7.70831370481282718288 = 2709.09350557278503401903 @ 399617 68984 1
-1.42512842851661902799 -7.08350644108153915113 5.48286422049151411784 = 2709.09350557278457927168 @ 396693 68172 1
-0.80032110674832401820 -7.70831371193594883096 -7.08350643523707113047 = 2709.09350557278366977698 @ 399875 69054 1
-0.80032110525480826269 -7.70831371193594883096 -7.08350643545464997430 = 2709.09350557278321502963 @ 399741 69018 1
5.48286419015355708240 -7.08350640181121526950 -1.42512839677084102163 = 2709.09350557278321502963 @ 399872 69054 1
5.48286419015355708240 -7.08350640181121526950 -1.42512839677084102163 = 2709.09350557278321502963 @ 399937 69071 1
-0.80032106713354744798 -1.42512843255926346941 -7.08350639118397751304 = 2709.09350557278185078758 @ 396818 68208 1
-0.80032110525481303664 -7.70831371193679970588 -7.08350643545464997430 = 2709.09350557278185078758 @ 398359 68640 1
-0.80032110295850122927 -0.80032107970636634509 -7.70831376667795176161 = 2709.09350557278094129288 @ 398763 68752 1
5.48286419378555045512 -7.70831371630728590105 -7.08350637635983293450 = 2709.09350557277912230347 @ 398588 68702 1
5.48286419378555045512 -7.70831371630728590105 -7.08350637635983293450 = 2709.09350557277912230347 @ 399948 69075 1
5.48286419376941225323 -7.70831371630817496765 -7.08350637635972191219 = 2709.09350557277821280877 @ 396452 68105 1
-7.08350641731459429451 4.85805687246340234253 -7.08350636862225435664 = 2709.09350557277502957731 @ 399208 68873 1
-7.08350641731459429451 4.85805687246340234253 -7.08350636863566052170 = 2709.09350557277457482996 @ 397504 68399 1
-7.08350641731459429451 4.85805687246020667658 -7.08350636862369587021 = 2709.09350557277366533526 @ 398504 68679 1
5.48286419629155030719 4.85805684858574871043 -7.08350643403690760636 = 2709.09350557277139159851 @ 399604 68981 1
5.48286419629155030719 4.85805684858574871043 -7.08350643475774077729 = 2709.09350557277002735646 @ 397341 68352 1
5.48286419629155030719 4.85805684858574871043 -7.08350643506508514946 = 2709.09350557276911786175 @ 397155 68302 1
-7.08350639786073266180 4.85805684857677366750 -7.08350643506508514946 = 2709.09350557276911786175 @ 399977 69082 1
5.48286416482402927386 -7.70831372614318155456 5.48286420003980712323 = 2709.09350557276593463030 @ 399778 69027 1
-7.08350638465142967704 -0.80032112655465048601 4.85805690525638755872 = 2709.09350557276502513560 @ 396851 68217 1
-7.08350638466024928874 -0.80032112655465048601 4.85805690525638755872 = 2709.09350557276502513560 @ 397802 68484 1
-7.08350638373278318483 -0.80032112655465048601 4.85805690525638755872 = 2709.09350557276366089354 @ 395662 67889 1
5.48286416481728178240 -7.70831372109960533123 -7.08350641516847367996 = 2709.09350557276320614619 @ 398321 68629 1
5.48286416481728178240 -7.70831372109960533123 -7.08350641516847367996 = 2709.09350557276320614619 @ 399754 69021 1
5.48286424931863702881 -1.42512842558656016578 -7.08350642172328992530 = 2709.09350557276275139884 @ 398426 68659 1
5.48286424931863702881 -1.42512842558656016578 -7.08350642172328992530 = 2709.09350557276275139884 @ 399885 69057 1
5.48286424931365345969 -1.42512842558656016578 -7.08350642172328992530 = 2709.09350557276229665149 @ 398916 68795 1
5.48286416482402927386 -7.70831372111737067598 5.48286420003980712323 = 2709.09350557276184190414 @ 398207 68598 1
5.48286416482402927386 -7.70831372111737067598 5.48286420003980712323 = 2709.09350557276184190414 @ 399222 68877 1
-0.80032106127355140401 -7.70831375573035249005 -0.80032108377061461635 = 2709.09350557275411119917 @ 392356 66976 1
5.48286424987387643881 -1.42512844010148787000 -0.80032108393711320904 = 2709.09350557275320170447 @ 399798 69033 1
-7.08350644909577731312 -7.70831370919423441990 -0.80032110309312964880 = 2709.09350557274865423096 @ 399201 68871 1
4.85805685282397892166 5.48286420729605250557 -0.80032114353322314493 = 2709.09350557274501625216 @ 399212 68874 1
-7.08350638373278318483 -7.70831374294133553349 5.48286425238458541287 = 2709.09350557274001403130 @ 398974 68811 1
-7.08350644589195788114 -0.80032113704152818556 4.85805688914067346218 = 2709.09350557273364756838 @ 399238 68881 1
-7.08350644589195788114 -0.80032113704157725742 4.85805688914067346218 = 2709.09350557273364756838 @ 399396 68925 1
-7.08350644889337033305 -1.42512842558656016578 -7.08350637257703397154 = 2709.09350557273273807368 @ 396845 68215 1
-0.80032106722017215539 5.48286422974955733878 4.85805692291460378129 = 2709.09350557270954595879 @ 398096 68568 1
-0.80032106609605391245 -0.80032113711707952852 -7.70831370267929827378 = 2709.09350557270954595879 @ 398539 68688 1
-0.80032106609605391245 -0.80032113741313337663 -7.70831370287911976646 = 2709.09350557270954595879 @ 398715 68738 1
-0.80032106722017215539 5.48286422974955733878 4.85805692288454782357 = 2709.09350557270954595879 @ 399665 68997 1
-0.80032106713949113797 5.48286422939330986281 4.85805692288454959993 = 2709.09350557270863646409 @ 397377 68362 1
-0.80032106609605391245 -0.80032113741313337663 -7.70831370287929651397 = 2709.09350557270818171673 @ 395772 67920 1
-0.80032106609605391245 -0.80032113741313337663 -7.70831369717684733445 = 2709.09350557269590353826 @ 394866 67668 1
-7.08350644909577731312 -7.70831370919423441990 -7.08350635985093823876 = 2709.09350557267589465482 @ 396031 67988 1
-7.08350644909577731312 -7.70831370919423441990 -7.08350635969059894137 = 2709.09350557267543990747 @ 395456 67831 1
-7.70831369443682490328 -0.80032113069853616505 5.48286425238811059302 = 2709.09350557267362091807 @ 398412 68655 1
-7.70831369443682490328 -0.80032113069853372256 5.48286425238811059302 = 2709.09350557267362091807 @ 399169 68863 1
5.48286419085976461929 -0.80032114062464554394 4.85805693207231037434 = 2709.09350557267225667601 @ 397073 68278 1
5.48286419085976461929 -0.80032114062464554394 4.85805693207231037434 = 2709.09350557267225667601 @ 398144 68581 1
5.48286419085976461929 -0.80032114062464554394 4.85805693207231037434 = 2709.09350557267225667601 @ 399779 69028 1
5.48286421341914120831 5.48286415682849703757 4.85805692624750928843 = 2709.09350557266952819191 @ 399888 69058 1
5.48286419629155030719 5.48286415682840555519 4.85805692623902540817 = 2709.09350557266725445515 @ 396563 68137 1
-7.08350639018456273988 -7.08350643127576873326 -1.42512836516731389302 = 2709.09350557266407122370 @ 395896 67952 1
-7.08350639018456273988 -7.08350643130441515183 -1.42512836516731389302 = 2709.09350557266407122370 @ 396865 68221 1
-7.08350639018456273988 -7.08350643127576873326 -1.42512836517743091136 = 2709.09350557266407122370 @ 397539 68409 1
-7.08350645215648988540 5.48286417341734644282 4.85805692288454959993 = 2709.09350557266179748694 @ 397418 68374 1
-7.08350645215648988540 5.48286417341734644282 4.85805692288454959993 = 2709.09350557266179748694 @ 398360 68640 1
-7.08350645215648988540 5.48286417341758536281 4.85805692288454959993 = 2709.09350557266134273959 @ 399038 68827 1
-7.70831369443682490328 -0.80032113069853616505 -7.08350645952864255150 = 2709.09350557265406678198 @ 398310 68626 1
-7.70831369444154201886 -0.80032113161717333139 -7.08350645952431001717 = 2709.09350557265315728728 @ 398555 68693 1
-7.70831369444154201886 -0.80032113161715778826 -7.08350645952431001717 = 2709.09350557265315728728 @ 399425 68932 1
-0.80032113080707001362 -7.70831371632049489051 5.48286427279199717333 = 2709.09350557264542658231 @ 397912 68515 1
-0.80032113080478095579 -7.70831371630763495517 5.48286427279199717333 = 2709.09350557264497183496 @ 398676 68726 1
-7.08350633864882883728 -7.08350642551677722736 -7.70831370927123593617 = 2709.09350557264178860351 @ 399030 68825 1
4.85805681118073451330 5.48286420227192561327 -7.08350637635983293450 = 2709.09350557263996961410 @ 399489 68949 1
-0.80032102377863367781 5.48286420038009492117 -7.70831373981375911342 = 2709.09350557263769587735 @ 399414 68929 1
-0.80032102377863367781 5.48286420038009492117 -7.70831373981392253825 = 2709.09350557263724113000 @ 396927 68237 1
5.48286413831295149635 -0.80032107970636634509 -7.70831376667795176161 = 2709.09350557263087466708 @ 395042 67718 1
-7.08350640161628408720 -1.42512835287140737783 -7.08350641752166065856 = 2709.09350557263041991973 @ 395368 67806 1
-0.80032103396177134425 -7.08350644111277816251 4.85805690525638755872 = 2709.09350557262587244622 @ 399281 68893 1
-0.80032103396177134425 -7.08350644111277816251 4.85805690525638755872 = 2709.09350557262587244622 @ 399462 68942 1
-7.08350638465142967704 -0.80032112655465048601 -1.42512835717273023128 = 2709.09350557261723224656 @ 399088 68841 1
-7.08350638465142967704 -0.80032112655465048601 -1.42512835717275221370 = 2709.09350557261723224656 @ 399465 68943 1
-7.08350638465142967704 -0.80032112655465048601 -1.42512835717589947393 = 2709.09350557261677749921 @ 397951 68526 1
5.48286419379564815557 4.85805680362207858991 5.48286418550462251176 = 2709.09350557261677749921 @ 398355 68638 1
5.48286419379564904375 4.85805680362207858991 5.48286418550462251176 = 2709.09350557261677749921 @ 399751 69021 1
5.48286419379564815557 4.85805680362207858991 5.48286418550002707661 = 2709.09350557261632275186 @ 397641 68439 1
5.48286419379564815557 4.85805680362207858991 5.48286418550002707661 = 2709.09350557261632275186 @ 399861 69050 1
5.48286417976343809499 4.85805686539841730109 -7.08350648509632296879 = 2709.09350557260540881543 @ 397552 68413 1
-0.80032102603878929603 4.85805684858574871043 -7.08350643506508514946 = 2709.09350557259449487901 @ 393435 67274 1
-0.80032106546059134100 5.48286422072432699792 4.85805695361181921754 = 2709.09350557259267588961 @ 394153 67470 1
-1.42512843353986284889 5.48286429310720357932 -0.80032110521058796859 = 2709.09350557258630942670 @ 399159 68860 1
-1.42512843353986284889 5.48286429310720357932 -0.80032110521058796859 = 2709.09350557258630942670 @ 399862 69050 1
-0.80032102025665718958 5.48286421124892164869 -7.70831370269182780675 = 2709.09350557258403568994 @ 399453 68939 1
5.48286420050921030622 5.48286415785608749474 4.85805694885951222517 = 2709.09350557258358094259 @ 393458 67281 1
-0.80032102025665718958 5.48286421124892164869 -7.70831370269182158950 = 2709.09350557258358094259 @ 399705 69008 1
-7.08350649686642164227 5.48286421124892164869 -7.70831375077053237987 = 2709.09350557256402680650 @ 398669 68724 1
-7.08350649917443941916 5.48286421124892164869 -7.70831375077053237987 = 2709.09350557254947489128 @ 399265 68889 1
4.85805688123783063759 -7.08350631523737384043 -7.08350639243496438269 = 2709.09350557254720115452 @ 398191 68594 1
-7.08350631976655797928 -7.08350642551677722736 -7.70831370927093839640 = 2709.09350557254629165982 @ 398261 68613 1
-7.08350631976656508471 -7.08350642551677722736 -7.70831370927093839640 = 2709.09350557254629165982 @ 399623 68985 1
-7.08350638345646821392 5.48286420410509034440 4.85805679063843331988 = 2709.09350557254538216512 @ 398138 68579 1
-1.42512844631236568205 -7.08350631523737384043 -0.80032109898014913707 = 2709.09350557254219893366 @ 396526 68126 1
-1.42512844627287904586 -7.08350631523737384043 -0.80032109898014913707 = 2709.09350557254219893366 @ 398078 68562 1
-0.80032102023340834229 -1.42512841801434353428 5.48286425503830887607 = 2709.09350557254219893366 @ 398289 68621 1
-1.42512844627286505705 -7.08350631523737384043 -0.80032109898014913707 = 2709.09350557254219893366 @ 399668 68998 1
-0.80032102023340834229 -1.42512841801434353428 5.48286425503830887607 = 2709.09350557254219893366 @ 399793 69031 1
-0.80032102023340834229 -1.42512841801434353428 5.48286425503830887607 = 2709.09350557254219893366 @ 399941 69073 1
-1.42512843407668277074 -7.08350631523737384043 -7.08350638645362806756 = 2709.09350557253765146015 @ 396588 68143 1
-1.42512843407668277074 -7.08350631523737384043 -7.08350638645362806756 = 2709.09350557253765146015 @ 396696 68173 1
-1.42512843407668277074 -7.08350631528326513120 -7.08350638645362806756 = 2709.09350557253765146015 @ 397696 68455 1
-0.80032103384004149582 -7.08350644108153915113 -1.42512836556827626744 = 2709.09350557251536883996 @ 396708 68176 1
-0.80032103384004149582 -7.08350644108153915113 -1.42512836556827626744 = 2709.09350557251536883996 @ 399886 69057 1
-7.08350639043361685054 -1.42512841801434353428 5.48286410986339589613 = 2709.09350557251309510320 @ 399157 68860 1
-7.70831375841693944295 5.48286411028375475496 -0.80032108753636632681 = 2709.09350557250536439824 @ 395792 67924 1
4.85805690122118427610 -0.80032119644854082807 -0.80032108254322786856 = 2709.09350557250536439824 @ 398224 68603 1
-7.70831375841693944295 5.48286411028375475496 -0.80032108753636632681 = 2709.09350557250536439824 @ 399815 69038 1
4.85805690160909975361 -0.80032119641107801744 -0.80032108377061461635 = 2709.09350557250490965089 @ 397615 68431 1
-7.08350649687005518018 -7.70831374315198836200 5.48286425238811059302 = 2709.09350557250400015619 @ 395893 67951 1
-7.08350649687005518018 -7.70831374336616015341 5.48286425238811059302 = 2709.09350557250400015619 @ 396449 68104 1
4.85805690122119671059 -0.80032119644854082807 -0.80032108254322786856 = 2709.09350557250400015619 @ 399484 68948 1
5.48286424987387643881 -7.70831374304217575855 5.48286429723486889998 = 2709.09350557250263591413 @ 395885 67949 1
-0.80032104647406665521 -0.80032109521068106606 4.85805679527318279298 = 2709.09350557249672419857 @ 397860 68500 1
-7.08350649681007737968 -1.42512841793138100854 5.48286425507077090913 = 2709.09350557249399571447 @ 397854 68498 1
-7.08350649680950450460 -1.42512841801434353428 5.48286425503733276798 = 2709.09350557249399571447 @ 399185 68867 1
5.48286411521062344576 -0.80032114062464554394 4.85805685818519350505 = 2709.09350557249263147241 @ 399546 68966 1
-7.08350649687005518018 -7.70831374304217842308 5.48286425839536395443 = 2709.09350557248444602010 @ 399628 68987 1
-7.70831377100811376835 -7.08350631200006120025 -0.80032108377061461635 = 2709.09350557248217228334 @ 399762 69023 1
-7.70831377100811376835 -7.08350631200006120025 -0.80032108377061461635 = 2709.09350557248217228334 @ 399803 69034 1
-7.08350638946331123691 -1.42512839517642797560 5.48286410986339589613 = 2709.09350557247853430454 @ 394347 67524 1
-7.08350638946331123691 -1.42512839517643463694 5.48286410986339589613 = 2709.09350557247853430454 @ 399436 68935 1
-0.80032103396177134425 -7.08350644111321692264 -1.42512835717589947393 = 2709.09350557247807955719 @ 398957 68806 1
-0.80032103396177134425 -7.08350644111321692264 -1.42512835717591190843 = 2709.09350557247807955719 @ 399517 68957 1
-7.70831363481687237282 -0.80032111379380466154 -0.80032109377163018760 = 2709.09350557247626056778 @ 398297 68623 1
-7.70831363481687237282 -0.80032111379380466154 -0.80032109377163018760 = 2709.09350557247626056778 @ 399577 68974 1
-7.70831379187692089516 -7.08350631709179801021 -7.08350641516847367996 = 2709.09350557245579693699 @ 399177 68864 1
-7.70831379187692089516 -7.08350631709179801021 -0.80032109417839059073 = 2709.09350557245579693699 @ 399987 69084 1
-7.70831379187756748905 -7.08350631703457356281 -7.08350641516847367996 = 2709.09350557245534218964 @ 398726 68741 1
-7.70831379187581156032 -7.08350631708024369715 -7.08350641516847367996 = 2709.09350557245443269494 @ 397439 68380 1
-7.70831379187756748905 -7.08350631703457356281 -7.08350641516840351386 = 2709.09350557245443269494 @ 399622 68985 1
-0.80032103384004149582 4.85805690721557148493 5.48286412658454391789 = 2709.09350557245261370554 @ 399443 68937 1
-0.80032103384004149582 4.85805690721555016864 5.48286412658454391789 = 2709.09350557245261370554 @ 399485 68948 1
-0.80032103384004149582 4.85805690721537608567 5.48286412657589483644 = 2709.09350557245033996878 @ 395940 67965 1
-7.08350634710259186022 -0.80032101172755543139 -1.42512841026195280492 = 2709.09350557244624724262 @ 395577 67865 1
4.85805691674029471727 -7.08350630836246253352 -0.80032106865183250122 = 2709.09350557242942159064 @ 399512 68956 1
4.85805691674029471727 -7.08350630836246253352 -0.80032106865183250122 = 2709.09350557242942159064 @ 399986 69084 1
4.85805691674029471727 -7.08350630836245009903 -0.80032106865183250122 = 2709.09350557242896684329 @ 397101 68286 1
4.85805691674029471727 -7.08350630836245009903 -0.80032106865183250122 = 2709.09350557242896684329 @ 398589 68702 1
-0.80032103335799698041 -0.80032101172755543139 -1.42512841026195280492 = 2709.09350557241896240157 @ 399460 68942 1
5.48286428172306283813 -7.08350642540757213794 4.85805679564797632253 = 2709.09350557240304624429 @ 397193 68312 1
5.48286428172306283813 -7.08350642540757213794 4.85805679564797632253 = 2709.09350557240304624429 @ 399865 69051 1
5.48286428172306283813 -7.08350642540449015883 4.85805679564797632253 = 2709.09350557240259149694 @ 398187 68592 1
4.85805690162347847405 -0.80032121330016559035 -0.80032108941556368009 = 2709.09350557239758927608 @ 398273 68617 1
5.48286428214475574094 -7.08350642551884757125 4.85805679515944177638 = 2709.09350557239713452873 @ 398257 68612 1
-7.70831363481748432775 -0.80032111376929171431 5.48286425839536395443 = 2709.09350557239349654992 @ 399362 68915 1
5.48286420774672755840 -1.42512837896850919073 -7.08350651242840090305 = 2709.09350557239258705522 @ 398548 68691 1
-7.70831363481745057697 -0.80032111376883008358 5.48286425839536395443 = 2709.09350557239258705522 @ 399077 68838 1
-1.42512845534729071240 -0.80032101172755543139 -0.80032102824625594995 = 2709.09350557238212786615 @ 398838 68773 1
4.85805687416609544016 -0.80032121760858254689 5.48286419380126588408 = 2709.09350557238076362410 @ 397863 68501 1
4.85805687425954868530 -0.80032121771207487271 5.48286419380126588408 = 2709.09350557237985412939 @ 395112 67736 1
4.85805687425954513259 -0.80032121771207487271 5.48286419380126588408 = 2709.09350557237985412939 @ 399745 69019 1
-7.08350639018456273988 5.48286415682840555519 -1.42512853163311259408 = 2709.09350557237621615059 @ 399920 69067 1
-7.08350639018456273988 5.48286415682840555519 -1.42512853163311259408 = 2709.09350557237621615059 @ 399949 69075 1
-0.80032102377863367781 -0.80032101172755543139 -1.42512841026195280492 = 2709.09350557237485190853 @ 397695 68454 1
-0.80032102378123404218 -0.80032101172755543139 -1.42512841026195280492 = 2709.09350557237485190853 @ 399005 68818 1
-7.08350636635326136314 -7.70831384842504085952 5.48286418844528800065 = 2709.09350557233074141550 @ 396118 68012 1
5.48286424987387643881 5.48286415678715410849 -1.42512853159486629906 = 2709.09350557232710343669 @ 399170 68863 1
5.48286424987387643881 5.48286415682840555519 -1.42512853162311747823 = 2709.09350557232664868934 @ 398785 68758 1
5.48286424987730747205 5.48286415682840555519 -1.42512853162434649512 = 2709.09350557232619394199 @ 398324 68629 1
-0.80032121441621839608 4.85805682888606771286 5.48286419742353370310 = 2709.09350557232392020524 @ 395853 67940 1
-0.80032121441621839608 4.85805682888606771286 5.48286419742353370310 = 2709.09350557232392020524 @ 399836 69044 1
-7.08350640557543886899 4.85805675675202852659 -0.80032109671408313556 = 2709.09350557232255596318 @ 397198 68314 1
-0.80032122531349569883 -1.42512843660203958329 -7.08350639312846652729 = 2709.09350557231800848967 @ 398650 68719 1
5.48286421458130313056 4.85805675631016153915 -0.80032110312320103862 = 2709.09350557231664424762 @ 399446 68937 1
4.85805689911614546617 -7.08350639406636251039 5.48286408294260496632 = 2709.09350557231528000557 @ 397293 68340 1
5.48286422129679085202 4.85805675631016153915 -0.80032110312320103862 = 2709.09350557231118727941 @ 399275 68891 1
5.48286429685570908532 -7.08350640881060122922 4.85805679043587801402 = 2709.09350557230209233239 @ 393157 67197 1
5.48286423296153824225 4.85805675631016153915 -0.80032109671408313556 = 2709.09350557229618061683 @ 392874 67121 1
-7.08350645028560865768 -0.80032109845325261066 -7.70831361446366791768 = 2709.09350557227435274399 @ 397903 68513 1
-7.08350645026100611545 -0.80032109857160582678 -7.70831361446366791768 = 2709.09350557227435274399 @ 398694 68732 1
-7.08350645026073522104 -0.80032109857160582678 -7.70831361446366791768 = 2709.09350557227389799664 @ 396208 68037 1
-7.08350641731459429451 4.85805675631016153915 -7.08350636863566052170 = 2709.09350557226662203902 @ 399568 68971 1
-7.70831378945650502743 -7.08350631703947453133 5.48286412657633359657 = 2709.09350557225889133406 @ 398965 68808 1
-7.70831378945650502743 -7.08350631703947453133 5.48286412657633714929 = 2709.09350557225889133406 @ 399592 68978 1
-7.70831378945650502743 -7.08350631703947453133 5.48286412657589483644 = 2709.09350557225843658671 @ 397760 68473 1
-1.42512845026400203352 -7.08350631497558680394 -0.80032100366341063502 = 2709.09350557223478972446 @ 398059 68557 1
-0.80032103330934500907 -7.08350643758314824083 4.85805699111888067421 = 2709.09350557222887800890 @ 398776 68756 1
-7.70831375795000006690 -0.80032123413075006990 -0.80032108377061461635 = 2709.09350557222887800890 @ 399857 69049 1
-7.70831375795000006690 -0.80032123441991265267 -0.80032108377061461635 = 2709.09350557222614952479 @ 398670 68725 1
-0.80032103335799698041 -7.08350643771683596839 4.85805699167354987367 = 2709.09350557222296629334 @ 396808 68205 1
5.48286432411621227345 -1.42512835745271959631 -0.80032108704290905177 = 2709.09350557220977862016 @ 396152 68021 1
-1.42512843861080562569 -0.80032096128034202476 -0.80032109262741468747 = 2709.09350557219977417844 @ 399417 68930 1
-1.42512843861080562569 -0.80032096128034202476 -0.80032109262741346623 = 2709.09350557219977417844 @ 399749 69020 1
-1.42512845026400203352 -7.08350650752109878283 -0.80032100366650904544 = 2709.09350557218976973672 @ 398021 68547 1
5.48286429633515126625 5.48286411028375475496 -1.42512837703121064692 = 2709.09350557218249377911 @ 395761 67917 1
5.48286429633515126625 5.48286411028509945709 -1.42512837703121064692 = 2709.09350557218203903176 @ 398750 68748 1
4.85805688147442271685 5.48286420163646592840 5.48286406451779395610 = 2709.09350557217840105295 @ 399195 68870 1
4.85805688147442271685 5.48286420163646415205 5.48286406451779395610 = 2709.09350557217794630560 @ 399602 68981 1
4.85805688147442271685 5.48286420276676800256 5.48286406404492332456 = 2709.09350557217476307414 @ 398443 68664 1
-0.80032106609605391245 5.48286422974955733878 -1.42512856222334782785 = 2709.09350557216612287448 @ 397035 68267 1
-0.80032106609605391245 5.48286422975042420092 -1.42512856222334782785 = 2709.09350557216612287448 @ 398777 68756 1
-0.80032106609626640914 5.48286422974955733878 -1.42512856222334782785 = 2709.09350557216612287448 @ 399277 68892 1
-1.42512842851661902799 -0.80032095483203546937 5.48286422049151411784 = 2709.09350557214020227548 @ 395437 67826 1
-1.42512842851661902799 -0.80032095483227139177 5.48286422049151411784 = 2709.09350557214020227548 @ 399189 68868 1
-1.42512842854080368227 -0.80032095507582412530 5.48286422494665970362 = 2709.09350557213838328607 @ 397886 68508 1
-1.42512842854086940747 -0.80032095507582412530 5.48286422494665970362 = 2709.09350557213838328607 @ 399376 68919 1
-1.42512842854086940747 -0.80032095507582412530 5.48286422494665970362 = 2709.09350557213838328607 @ 399799 69033 1
4.85805688123783063759 -7.08350631200319824643 -0.80032121182363369361 = 2709.09350557213656429667 @ 397006 68259 1
-0.80032105670990183466 -7.70831387326600658838 -7.08350640933233055563 = 2709.09350557212428611820 @ 398148 68582 1
-7.08350645158901759402 5.48286417355901001258 -1.42512856237857499231 = 2709.09350557212155763409 @ 397146 68299 1
-7.08350641081507692576 5.48286417356509847565 -1.42512856951856048404 = 2709.09350557211701016058 @ 397129 68294 1
-7.08350639786060387593 -7.08350644111324889707 4.85805702034141351220 = 2709.09350557211109844502 @ 393435 67274 1
-7.08350639816509630720 -7.08350644500487369726 4.85805702034141351220 = 2709.09350557210336774006 @ 397177 68308 1
-7.70831377100811376835 -7.08350631200319824643 -0.80032121182363369361 = 2709.09350557209381804569 @ 397114 68290 1
-0.80032113916664515685 -0.80032101496113372541 -7.70831361266516701392 = 2709.09350557203288190067 @ 390710 66516 1
-0.80032103227189599348 -7.08350654957065462014 -7.70831373981392253825 = 2709.09350557203242715332 @ 396538 68129 1
5.48286430374023403544 -0.80032109845325261066 -7.70831361266573455993 = 2709.09350557201469200663 @ 398402 68652 1
4.85805687311433764819 5.48286429310720357932 -7.08350654661737344497 = 2709.09350557196921727154 @ 397926 68519 1
4.85805687308519740242 5.48286429310720357932 -7.08350654661737344497 = 2709.09350557196830777684 @ 394310 67515 1
-1.42512843353986284889 5.48286429310720357932 -7.08350654661737344497 = 2709.09350557196830777684 @ 397830 68492 1
-1.42512843353986284889 5.48286429310720357932 -7.08350654661737344497 = 2709.09350557196830777684 @ 398559 68694 1
-7.08350644555939812363 -7.70831357794892735313 -0.80032110309312964880 = 2709.09350557194147768314 @ 398024 68548 1
-1.42512843353986284889 5.48286429310720357932 5.48286406404492332456 = 2709.09350557193465647288 @ 398889 68787 1
-7.70831378944339995485 -7.08350631693686416668 5.48286433936760531083 = 2709.09350557190191466361 @ 398628 68713 1
-7.70831374935735436082 5.48286437527506720357 -0.80032108442802352144 = 2709.09350557190145991626 @ 399806 69035 1
-7.70831378944339995485 -7.08350631696326527020 5.48286433936760531083 = 2709.09350557190100516891 @ 398603 68706 1
-7.08350644555344910458 -7.70831357812294282184 -7.08350635995419697366 = 2709.09350557187099184375 @ 399067 68835 1
-7.08350644555344910458 -7.70831357812299255983 -7.08350635995419697366 = 2709.09350557187053709640 @ 399251 68885 1
-7.08350644555344910458 -7.70831357812315598466 -7.08350635995419697366 = 2709.09350557187053709640 @ 399252 68886 1
-0.80032113916664515685 -0.80032126691987204303 -1.42512839677084102163 = 2709.09350557185689467588 @ 399720 69012 1
4.85805688220048015324 -0.80032118944939745209 -7.08350625629043584297 = 2709.09350557183915952919 @ 396467 68110 1
4.85805688220048015324 -0.80032118944031682695 -7.08350625629043584297 = 2709.09350557183915952919 @ 398673 68726 1
-0.80032101563432112012 -7.08350656631771791183 -7.70831373981392253825 = 2709.09350557178959206794 @ 393432 67273 1
-7.70831373905164962679 5.48286402702971908951 -7.08350642325771850949 = 2709.09350557178458984708 @ 399207 68873 1
-7.70831373905164962679 5.48286402702930519837 -7.08350642325771850949 = 2709.09350557178413509973 @ 399456 68940 1
-0.80032127706437716785 -1.42512846681037763652 5.48286421022871461872 = 2709.09350557177685914212 @ 399076 68837 1
-0.80032127706437716785 -1.42512846681037763652 -0.80032110151434043832 = 2709.09350557177685914212 @ 399882 69056 1
-0.80032127706437716785 -1.42512846681237426161 5.48286421022871461872 = 2709.09350557177640439477 @ 398175 68590 1
4.85805681118073451330 5.48286420227192561327 -0.80032092987613445700 = 2709.09350557173820561729 @ 398953 68805 1
4.85805687806225794390 -0.80032121149713408848 -7.08350625649841347808 = 2709.09350557169955209247 @ 396876 68223 1
4.85805687823010590165 -0.80032121149713408848 -7.08350625649841347808 = 2709.09350557169955209247 @ 397250 68328 1
-7.70831375842656640884 -0.80032128895295029380 -0.80032108754432074171 = 2709.09350557166499129380 @ 398044 68553 1
-1.42512832726161353669 5.48286419106178080085 5.48286404722591313998 = 2709.09350557165771533619 @ 396270 68054 1
-1.42512832726161353669 5.48286419106136868606 5.48286404722591313998 = 2709.09350557165771533619 @ 399116 68849 1
5.48286430106682942665 -7.08350642551708453709 -1.42512825983695368137 = 2709.09350557157085859217 @ 397211 68317 1
5.48286430122931456310 -7.08350642551708453709 -1.42512825983695368137 = 2709.09350557156949435011 @ 397184 68310 1
-0.80032127140128817011 -1.42512843290479840341 5.48286410510784705252 = 2709.09350557155812566634 @ 394720 67629 1
-7.08350660908099971635 -7.08350637413707495682 4.85805689226620529553 = 2709.09350557148445659550 @ 399036 68826 1
-7.08350660908099971635 -7.08350637413707495682 4.85805689213331159948 = 2709.09350557148400184815 @ 397988 68537 1
-7.08350660908099971635 -7.08350637414208517129 4.85805689213331159948 = 2709.09350557148354710080 @ 398250 68610 1
-0.80032105902020544974 -0.80032129568062071456 -7.70831368136739847330 = 2709.09350557145171478624 @ 399974 69081 1
-0.80032097486582043366 -0.80032117210821696052 -1.42512857290341332650 = 2709.09350557144989579683 @ 397763 68474 1
-1.42512843407668277074 5.48286436698794688027 -7.08350654415233904615 = 2709.09350557140487580909 @ 398079 68563 1
-1.42512843407668277074 5.48286436698794688027 -7.08350654415234348704 = 2709.09350557140487580909 @ 399545 68965 1
-7.70831374933199064969 5.48286437514885349742 5.48286433936760531083 = 2709.09350557134712289553 @ 397320 68346 1
-7.70831374933199064969 5.48286437514885349742 5.48286433936748185403 = 2709.09350557134712289553 @ 399143 68856 1
-7.70831374933199064969 5.48286437514885349742 5.48286433936748185403 = 2709.09350557134712289553 @ 399972 69081 1
-0.80032106722017215539 -7.08350619598345510042 -7.70831371949713517466 = 2709.09350557134621340083 @ 398429 68660 1
-0.80032106722017215539 -7.08350619598345510042 -7.70831371949713517466 = 2709.09350557134621340083 @ 399546 68966 1
5.48286434057041649481 -0.80032126691987204303 -1.42512839677084102163 = 2709.09350557133029724355 @ 398099 68569 1
5.48286434057469662662 -0.80032126691987204303 -1.42512839677084102163 = 2709.09350557133029724355 @ 398602 68706 1
5.48286434056991112129 -0.80032126691987204303 -1.42512839677084102163 = 2709.09350557133029724355 @ 398944 68803 1
5.48286434057041649481 -0.80032126691985649991 -1.42512839677084102163 = 2709.09350557133029724355 @ 399639 68990 1
5.48286434057041649481 -0.80032126672095482700 -1.42512839536337643231 = 2709.09350557132938774885 @ 397082 68281 1
-1.42512845534729071240 5.48286400095437631563 -0.80032102824625594995 = 2709.09350557127709180349 @ 398544 68690 1
4.85805667895685377999 -7.08350649468677318055 -0.80032110157541780371 = 2709.09350557123298131046 @ 398574 68698 1
-7.70831373905164962679 5.48286397746064046999 -7.08350642325771850949 = 2709.09350557113384638797 @ 397107 68288 1
-7.70831373954256360292 5.48286397727309449124 -7.08350642325169754798 = 2709.09350557113111790386 @ 399240 68882 1
4.85805667895685377999 -7.08350651569884082193 -7.08350638654138009542 = 2709.09350557108746215818 @ 396627 68154 1
4.85805667895685377999 -7.08350651570367251253 -7.08350638654138009542 = 2709.09350557108746215818 @ 397895 68510 1
5.48286426813143545900 -7.70831352367576538853 5.48286428687156401907 = 2709.09350557098332501482 @ 396096 68006 1
-1.42512827055596158488 5.48286411511756899273 5.48286405329296311351 = 2709.09350557096149714198 @ 394933 67687 1
-7.08350660014473287873 5.48286404028250640152 -7.70831378996963234584 = 2709.09350557065135944868 @ 396345 68075 1
-7.08350654423709169549 -0.80032088033548132167 -1.42512837972962369548 = 2709.09350557059497077717 @ 397675 68448 1
-1.42512842934655870053 -0.80032136919044927215 -7.08350637568095198304 = 2709.09350557047946495004 @ 399003 68817 1
-1.42512842934652628202 -0.80032136918880891763 -7.08350637568095198304 = 2709.09350557047946495004 @ 399179 68865 1
-1.42512842934652628202 -0.80032136919044927215 -7.08350637568065000238 = 2709.09350557047901020269 @ 398896 68789 1
-1.42512843352326146196 -0.80032136919044927215 -7.08350637568095198304 = 2709.09350557047855545534 @ 397778 68478 1
-1.42512842969794117920 -0.80032137355639609844 -7.08350637393064541669 = 2709.09350557039897466893 @ 396029 67987 1
5.48286425251509079715 -7.70831346927952498760 -0.80032108394835843601 = 2709.09350557035440942855 @ 399784 69029 1
-0.80032122773723679554 -1.42512869767770666840 -0.80032106840926486857 = 2709.09350556982099078596 @ 395250 67774 1
5.48286432212434959865 -1.42512840087865400029 -7.08350669230280516331 = 2709.09350556977642554557 @ 396123 68013 1
4.85805688112502931375 5.48286401029441794464 -7.08350666068420764532 = 2709.09350556953631894430 @ 398718 68738 1
-1.42512812176387737573 -7.08350631523737384043 -7.08350639243496438269 = 2709.09350556936851717182 @ 396633 68155 1
-7.08350660149289357292 -1.42512842558656016578 -7.08350613558021624527 = 2709.09350556924937336589 @ 393080 67176 1
-7.08350660149296640355 -1.42512842558656016578 -7.08350613558021624527 = 2709.09350556924891861854 @ 398517 68682 1
-1.42512812196573501744 -7.08350631523737384043 5.48286430443402394985 = 2709.09350556907384088845 @ 396368 68082 1
-7.08350674217988984793 4.85805673923186187579 -0.80032108262894419148 = 2709.09350556856952607632 @ 395009 67709 1
-7.70831353923001749706 -0.80032111866552990698 5.48286451036260658043 = 2709.09350556855861213990 @ 397273 68334 1
-7.08350605403877064958 -7.08350642555075804552 -7.70831364213499004023 = 2709.09350556851177316275 @ 388688 65953 1
4.85805686697758609682 5.48286457955053752045 5.48286418251047269479 = 2709.09350556834715462173 @ 389994 66318 1
-7.08350669586816827916 5.48286409126008855708 4.85805666419510107090 = 2709.09350556817935284926 @ 398789 68760 1
-0.80032105902020544974 -0.80032109512781224314 4.85805725184412029449 = 2709.09350556806703025359 @ 396072 67999 1
-0.80032105902020544974 -0.80032109472173418308 4.85805725184412029449 = 2709.09350556806703025359 @ 397471 68389 1
-7.08350684533296703904 -7.08350643130441515183 -1.42512836516731389302 = 2709.09350556653271269170 @ 399787 69030 1
-7.08350684585289158690 -7.08350643130441515183 -1.42512836516731389302 = 2709.09350556651770602912 @ 399571 68972 1
-7.70831378635538122523 -0.80032126664379077408 -7.08350599260815450009 = 2709.09350556633262385731 @ 398350 68637 1
-7.08350654423709169549 -7.08350653712849620547 -1.42512802746466604731 = 2709.09350556625759054441 @ 399464 68943 1
-7.08350684585289158690 5.48286415682840555519 -1.42512853162434649512 = 2709.09350556622939620866 @ 394385 67536 1
-7.70831412620126954494 5.48286399512582445226 5.48286419422692716807 = 2709.09350556622530348250 @ 397593 68425 1
-0.80032106127355140401 5.48286422974955733878 4.85805642838655593607 = 2709.09350556590015912661 @ 396227 68042 1
-1.42512864751844037237 -0.80032069315825027367 -0.80032109377163018760 = 2709.09350556588196923258 @ 398388 68648 1
5.48286419329222773911 -7.08350591175165433810 -7.70831367767052988427 = 2709.09350556482513638912 @ 397784 68479 1
-7.08350642954634857063 5.48286470745473764055 -7.70831376471728546562 = 2709.09350556474419136066 @ 398162 68586 1
-7.08350642957240861364 5.48286470745473764055 -7.70831376471728546562 = 2709.09350556474328186596 @ 394807 67653 1
-0.80032093970200424149 4.85805736712939140176 -0.80032108377061461635 = 2709.09350556392791986582 @ 396289 68059 1
4.85805663163773182589 5.48286433586038235433 -0.80032154562978952139 = 2709.09350556387335018371 @ 396136 68017 1
-7.08350638542050781155 -0.80032072922721564368 -7.70831413760010963898 = 2709.09350556292520195711 @ 393005 67157 1
-7.08350638350559780321 5.48286420409718022739 -7.70831428067184809549 = 2709.09350556275876442669 @ 398558 68694 1
-7.70831330619915977564 -7.08350676825760672273 -0.80032111392837901320 = 2709.09350556241952290293 @ 395232 67768 1
-1.42512902258303264524 -0.80032092756786732402 5.48286420309058453171 = 2709.09350555992659792537 @ 396182 68030 1
-0.80032099337139761541 -7.08350576539206233662 -7.70831368844991260403 = 2709.09350555915989389177 @ 398912 68793 1
5.48286431597760604006 -0.80032079132338140859 4.85805632376425666763 = 2709.09350555896162404679 @ 396470 68110 1
-0.80032109959415598244 -7.08350576954512511918 -1.42512859448044060251 = 2709.09350555883838751470 @ 395179 67754 1
5.48286419832769489346 -0.80032133459853749269 -1.42512907065268112916 = 2709.09350555711625929689 @ 398848 68776 1
-0.80032091815319983397 -0.80032128552621017992 -1.42512907065565697096 = 2709.09350555671198890195 @ 399530 68961 1
4.85805667352861547670 -0.80032177429798956325 5.48286410986339589613 = 2709.09350555654418712948 @ 394870 67669 1
-1.42512847218172100661 -7.08350714356754096457 -7.08350635464700051358 = 2709.09350555530909332447 @ 396135 68017 1
-0.80032120503645576282 4.85805755827464480490 -7.08350667406825529326 = 2709.09350555459241149947 @ 397134 68296 1
-7.70831448840038557790 -0.80032123413075006990 -0.80032108377061461635 = 2709.09350555307764807367 @ 399945 69074 1
-0.80032102376736691252 5.48286420000894203497 -1.42512765236713545569 = 2709.09350555227683798876 @ 396280 68057 1
-0.80032026717245352554 -7.70831366692697006471 -0.80032108379508049012 = 2709.09350555039645769284 @ 397163 68304 1
-1.42512814581086089127 5.48286333548350857114 -0.80032109417839059073 = 2709.09350554579214076512 @ 398415 68656 1
-1.42512925714877813910 -7.08350592789185640186 -7.08350634829555403371 = 2709.09350554210595873883 @ 397524 68405 1
-7.08350550046202886989 -7.08350592491693209496 -7.70831370481286626273 = 2709.09350553893909818726 @ 399058 68832 1
-7.08350550046202886989 -7.08350592491693209496 -1.42512834659500842172 = 2709.09350553874537581578 @ 398856 68778 1
5.48286523372123379971 4.85805688949858804904 5.48286444921056581592 = 2709.09350553712238252047 @ 398693 68732 1
5.48286523961773752944 4.85805688949858804904 5.48286444922875482177 = 2709.09350553673266404076 @ 398001 68541 1
5.48286408262018820636 -1.42512909906654727799 5.48286510254961090283 = 2709.09350553139074690989 @ 395663 67889 1
-7.70831378735566197236 5.48286539469377753875 -0.80032116619772419863 = 2709.09350552735168093932 @ 397730 68464 1
5.48286532622698086215 4.85805692216447670972 -0.80032068205810813488 = 2709.09350552696969316457 @ 399009 68819 1
4.85805587694721907610 -7.08350703388346136791 -7.08350638790337416850 = 2709.09350552629894082202 @ 397326 68348 1
5.48286421458130313056 -7.70831372614340004645 -0.80031988530721354103 = 2709.09350552548221457982 @ 398392 68649 1
-0.80032027255125770537 -0.80032191349338466235 4.85805650736820293645 = 2709.09350552499199693557 @ 396607 68148 1
4.85805672871340910035 -0.80032192648483635455 -7.08350550790150901292 = 2709.09350552423620683840 @ 393114 67185 1
-0.80032025225831504578 -7.08350576589879121769 -1.42512776941591878810 = 2709.09350552187652283465 @ 396042 67991 1
-1.42512844606171595885 5.48286548269580897852 -0.80032116721140433846 = 2709.09350552047453675186 @ 396600 68146 1
-7.08350676961213299165 -0.80032091279095673997 -7.70831496693234718975 = 2709.09350551622219427372 @ 397049 68271 1
5.48286549335182815668 4.85805654571651590601 -7.08350667509699238877 = 2709.09350551370744142332 @ 393093 67180 1
-0.80032249990568904430 4.85805695478432486567 -0.80032117126588842027 = 2709.09350550968474635738 @ 394320 67518 1
4.85805681118073451330 5.48286420227192561327 5.48286275107570197918 = 2709.09350550473982366384 @ 397692 68453 1
4.85805681128962163484 5.48286420227192561327 5.48286275104892961707 = 2709.09350550473845942179 @ 396051 67993 1
-7.70831374724585227654 -7.08350631200319824643 5.48286570523732930127 = 2709.09350550053522965754 @ 397499 68397 1
-7.70831404053529833931 5.48286256900497814826 5.48286420817479847045 = 2709.09350548369366151746 @ 397373 68361 1
-7.08350462521035240115 -7.70831379505533487162 -0.80032111676581552118 = 2709.09350547084068239201 @ 394224 67489 1
-0.80032131826138963593 -1.42512669993595819662 5.48286445681839218480 = 2709.09350546828864025883 @ 396863 68220 1
5.48286608650715301394 -1.42512840087865400029 -7.08350669246768838150 = 2709.09350545691131628701 @ 399256 68887 1
-7.08350830156147015515 4.85805698814117459250 -0.80032092987613445700 = 2709.09350545649340347154 @ 399686 69003 1
-7.70831377687217056405 5.48286415696933193686 -0.80032302368214325305 = 2709.09350545410734412144 @ 395330 67796 1
-7.08350642805683250458 -7.70831585635145444257 5.48286447878301697045 = 2709.09350541834646719508 @ 397625 68434 1
4.85805472254985204472 -0.80032119443245874901 -0.80032110969061065475 = 2709.09350541531875933288 @ 396175 68028 1
-7.70831158060395704723 -7.08350615420477769391 -7.08350614018453228482 = 2709.09350541145840907120 @ 399731 69015 1
-7.70831157525142085518 -7.08350615420477769391 -7.08350614018453228482 = 2709.09350541067715312238 @ 397653 68442 1
-7.70831151210048304279 -7.08350639570058415728 5.48286422030937092842 = 2709.09350540565810661064 @ 395362 67805 1
-0.80032108848842087312 -0.80032029821260441960 4.85805909432383664637 = 2709.09350538622175008641 @ 396137 68018 1
-0.80032110717258486687 -7.70831262402252281873 -0.80032325297424955490 = 2709.09350538250873796642 @ 396765 68192 1
-0.80032106722017215539 5.48286717902546083536 -7.70831360912820251485 = 2709.09350528901131838211 @ 399976 69082 1
-7.70831410565179098171 -0.80032413617934416994 -7.08350633314000255325 = 2709.09350527256538043730 @ 393770 67365 1
-7.08350649332279846959 -7.08350801147942110703 4.85805941718358180736 = 2709.09350527225979021750 @ 399770 69025 1
5.48286428761399946552 5.48286730491043705626 -7.70831363632660515606 = 2709.09350526454272767296 @ 392330 66969 1
-7.08350645026073522104 -1.42513206284639148969 -0.80032108377061461635 = 2709.09350512608989447472 @ 399476 68945 1
-1.42512441331602679462 -0.80032093909011392530 -0.80032109167310017117 = 2709.09350502690540452022 @ 398593 68703 1
-7.70831361617386612295 -0.80032084516922330497 -7.08351063849571627173 = 2709.09350499637776010786 @ 396662 68163 1
-0.80031628065367799163 4.85805690721537608567 5.48286410992332484682 = 2709.09350482772106261109 @ 399254 68886 1
5.48286427803583187313 -0.80032043947503472836 -7.70831841490421076912 = 2709.09350481824822054477 @ 399356 68914 1
5.48286427803583187313 -0.80032043947503472836 -7.70831841490421076912 = 2709.09350481824822054477 @ 399869 69053 1
-0.80032023329160872915 -7.08350027962935246961 -1.42512924569821275433 = 2709.09350432218343485147 @ 398197 68595 1
4.85805717523243174583 -7.08351286388648659909 -0.80032081713365532671 = 2709.09350423091927950736 @ 395447 67829 1
-1.42512812468285443579 -7.08351481142837613447 -7.08350657395651239767 = 2709.09350330461984412977 @ 397228 68322 1
5.48286449247487794878 -7.70830557896245238680 5.48286210920102234923 = 2709.09350317956568687805 @ 398516 68682 1
-7.70830519088200016853 5.48286437527506720357 -0.80032102095718082868 = 2709.09350310296031238977 @ 397907 68513 1
4.85804734406458660345 -0.80032078336915291050 5.48286384152333194919 = 2709.09350249126418930246 @ 397040 68269 1
-0.80032110295850122927 -1.42513374240444812280 -7.08349515755863645694 = 2709.09350056027415121207 @ 390906 66570 1
5.48287603671352918866 -0.80032444634971855457 4.85806044140681780874 = 2709.09350029798133618897 @ 398815 68767 1
-7.70831329528791364680 -0.80030772392243509916 -0.80032154969350322027 = 2709.09349982322464711615 @ 398748 68747 1
-0.80032103396177134425 -7.08350644111277816251 -7.70832702428868721256 = 2709.09349960146528246696 @ 399856 69049 1
-1.42512996491161225698 -0.80032118024192666628 -0.80029366951322800094 = 2709.09348136897006043000 @ 398439 68663 1
-0.80032070069632965659 -0.80029966106733230191 -1.42511151687572223956 = 2709.09348116072442280711 @ 396548 68132 1
-7.70831388866861555442 -0.80035022508524855667 -0.80032093407122462114 = 2709.09347837622135557467 @ 397384 68364 1
-1.42512775579412576121 -0.80032101666044552779 -0.80035662251400530032 = 2709.09346510309342193068 @ 394645 67608 1
-1.42512900400156183878 -0.80032092565966506115 5.48282708821243414121 = 2709.09346138846967733116 @ 398640 68716 1
-1.42512900400156183878 -0.80032092565966506115 5.48282704296961309609 = 2709.09346128072274950682 @ 398304 68625 1
-7.08350654231789444992 4.85805682621267198584 -0.80022433914200230554 = 2709.09320540487988182576 @ 398470 68670 1
5.48276580983966077554 4.85805696333692171862 -7.08350592852811544731 = 2709.09319515616971330019 @ 388621 65934 1
-0.80032076978973709647 -7.08350575454905317940 4.85779499295304706408 = 2709.09118666047197621083 @ 399708 69008 1
-0.80032076978973709647 -7.08350575454905317940 4.85779499295304706408 = 2709.09118666047197621083 @ 399950 69075 1
-0.80032076978973709647 -7.08350575454894304528 4.85779499292253635900 = 2709.09118665993082686327 @ 398046 68553 1
-7.70831379187581777757 -1.42512859820001103195 -7.70831750676531157751 = 2132.18694619040070392657 @ 399583 68976 1
-7.70831379187581156032 -1.42512859820001103195 -7.70831750676531157751 = 2132.18694619040024917922 @ 398032 68549 1
-7.66896308110026581062 -1.42512859779199185795 -7.70831335213338419976 = 2090.64269862109495079494 @ 397298 68341 1
-7.66896308102851520516 -1.42512859779199185795 -7.70831335210877988118 = 2090.64269846926799800713 @ 398154 68584 1
-7.66896308102753376801 -1.42512859779199185795 -7.70831335213285750996 = 2090.64269846719116685563 @ 399206 68873 1
-0.15787223347800249940 5.48286433586038235433 -0.80032110897556096862 = 1755.03525420164805836976 @ 399481 68947 1
-0.15787223347796097705 5.48286433586038235433 -0.80032110897556096862 = 1755.03525420156597647292 @ 396305 68064 1
-0.15787223347796097705 5.48286420276837915821 -7.08350654661737344497 = 1755.03525420151231628552 @ 398889 68787 1
-0.15787223347796097705 5.48286420276676800256 5.48286406404492332456 = 1755.03525420149094316002 @ 398736 68744 1
-0.15787223347796097705 5.48286420276676800256 5.48286406404492332456 = 1755.03525420149094316002 @ 399931 69070 1
-0.15787223347796097705 5.48286420276837915821 5.48286406404492332456 = 1755.03525420149071578635 @ 398738 68745 1
-0.15787223347796097705 -7.08350641384701695813 -7.08350660450388414091 = 1755.03525420110736376955 @ 399438 68935 1
-0.15787037470693146557 -7.08350622055405931832 -0.80032110897556096862 = 1755.03155764225948587409 @ 398237 68607 1
-0.15787037470693146557 -7.08350622055406731192 -0.80032110897556096862 = 1755.03155764225948587409 @ 399610 68983 1
-0.15787031398688780581 -7.08350643009692593211 -7.08350660450388414091 = 1755.03143688458635551797 @ 397257 68330 1
-0.15787031346718602420 -0.80032189089160998829 -7.08350630124956825995 = 1755.03143583862765808590 @ 398765 68752 1
-0.15786994606162738086 -0.80032189136511566740 -0.80032110157541780371 = 1755.03070515342278667958 @ 397897 68511 1
-0.15786994606162738086 -0.80032189136511566740 -0.80032110157541302975 = 1755.03070515342278667958 @ 399247 68884 1
-0.15786994537093207436 -0.80032189089160998829 -7.08350630135267955723 = 1755.03070377956282754894 @ 398922 68796 1
-0.15786994537093207436 -0.80032189089196748011 -7.08350630135267955723 = 1755.03070377956282754894 @ 399093 68842 1
-0.15786994525719116877 -0.80032190770967504001 -7.08350629902781747660 = 1755.03070355278850911418 @ 397996 68539 1
-0.15786994454278108213 -0.80032199095185296844 -7.08350623383734756544 = 1755.03070212866691690579 @ 398846 68775 1
-0.15786994041588600646 -0.80032199075879317807 5.48286400604246093593 = 1755.03069392097768286476 @ 397323 68347 1
-0.15786994041588600646 -0.80032199075879317807 5.48286400604246093593 = 1755.03069392097768286476 @ 399764 69023 1
-0.15786993832733975385 -7.08350641653181245516 -7.08350660450388414091 = 1755.03068978380997577915 @ 397323 68347 1
-0.15786993823991460340 -0.80032199262247238902 5.48286400604246093593 = 1755.03068959337929300091 @ 398861 68779 1
-0.15786993823383374536 -0.80032199262247238902 5.48286404722591313998 = 1755.03068958159337853431 @ 399587 68977 1
-0.15786993816947278435 -0.80032084516922330497 5.48286400604246093593 = 1755.03068946846337894385 @ 397680 68450 1
-0.15773649192005470554 5.48286308589564619353 5.48286420003980712323 = 1754.76484343787547004467 @ 399536 68963 1
-0.15773649192005470554 5.48286308589564619353 -0.80012811320391408199 = 1754.76407003478425394860 @ 397749 68470 1
-0.15772991783394224585 -0.80032199215559274297 -7.08350631924593976407 = 1754.75172353460720842122 @ 399538 68963 1
-0.15772985390286123342 5.48286474107722288096 -7.08349515757085068657 = 1754.75159331900886172662 @ 399135 68854 1
-0.15772985390286123342 5.48286474107722288096 -7.08349515757085068657 = 1754.75159331900886172662 @ 399989 69085 1
-0.15772985390252031168 5.48286474107749999263 -7.08349515757110737013 = 1754.75159331832878706336 @ 399094 68843 1
-0.15772924901719032054 -7.08350682750118298969 5.48286370428148295275 = 1754.75038866129580128472 @ 399158 68860 1
-0.15772924901719032054 -7.08350682750118298969 5.48286370428148295275 = 1754.75038866129580128472 @ 399769 69025 1
5.48286431564915766046 -0.23884239361842821148 -7.08347942623798765283 = 1739.95440594583146776131 @ 399215 68875 1
5.48286431564915766046 -0.23884239361870424068 -7.08347942623798765283 = 1739.95440594515480370319 @ 399050 68830 1
5.48286431557337294862 -0.23884239362077216984 -7.08347942623798765283 = 1739.95440594008778134594 @ 397989 68537 1
-7.08350656683315715867 -0.23884410201897049442 -0.80032092987613445700 = 1739.95023487852517973806 @ 398357 68639 1
-7.08350656675087186898 -0.23884410201896935644 -7.08348283658349942016 = 1739.95022343887580973387 @ 399767 69024 1
-7.08350656675086742808 -0.23884410201897049442 -7.08348283658349942016 = 1739.95022343887285387609 @ 398089 68566 1
-7.08350656683315804685 -0.23884410201897049442 -7.08348283429256575516 = 1739.95022343664800246188 @ 399695 69006 1
-0.80032102042854869062 -0.23884412210891312056 -0.80032108377061461635 = 1739.95018565256646070338 @ 399111 68848 1
-0.80032102042854869062 -0.23884412210891312056 -0.80032114384734887036 = 1739.95018565253349152044 @ 397924 68518 1
-0.80032102103345581501 -0.23884412224036799532 -7.08347942390332185880 = 1739.95017033771341630199 @ 399144 68856 1
-7.08350639018450056739 -0.23885162769826878693 5.48286410509053911966 = 1739.93179288426472339779 @ 399331 68907 1
-7.08350639018456273988 -0.23885162769858481191 5.48286410510769428583 = 1739.93179288349051603291 @ 398551 68692 1
5.48286422228911529686 -0.23885162792366973483 5.48286410520533706858 = 1739.93179233186378951359 @ 399282 68893 1
5.48286422228911529686 -0.23885162792372999219 5.48286410522607692286 = 1739.93179233171645137190 @ 397929 68519 1
5.48287179401241697718 -0.23885162769651366310 5.48286410510784705252 = 1739.93179170321741366934 @ 398811 68766 1
5.48287179401241697718 -0.23885162769858481191 5.48286410510784705252 = 1739.93179169814175111242 @ 397595 68425 1
-6.54323886312895020012 5.48286347201549073560 -0.80032111676597583738 = 1675.11397096671475992480 @ 397550 68412 1
-6.54323886312861002779 -7.08350631200357572226 5.48286570524321348330 = 1675.11397093396726631909 @ 398713 68737 1
