0.83333333107859641764 0.12500000026442459333 = -2.00000000000000710543 @ 196149 34757 1
0.16666666787105607894 0.62499999873521905336 = -2.00000000000000710543 @ 197138 35034 1
0.16666666787105607894 0.62499999872826350611 = -2.00000000000000710543 @ 197744 35204 1
0.16666666787105607894 0.62499999844187148490 = -2.00000000000000888178 @ 197058 35012 1
0.83333333107859641764 0.12500000105714578758 = -2.00000000000001065814 @ 197321 35086 1
0.16666666523263984345 0.62499999771447878327 = -2.00000000000001776357 @ 194286 34236 1
0.83333333107859641764 0.62500000355231988269 = -2.00000000000004263256 @ 197518 35141 1
0.83333333107859641764 0.62500000367571195703 = -2.00000000000004440892 @ 197831 35228 1
0.16666666847428185383 0.37500000410555545116 = -2.00000000000005329071 @ 199791 35774 1
0.50000000633115471160 0.12499999937373817982 = -2.00000000000006572520 @ 198256 35345 1
0.50000000633115471160 0.12499999937373817982 = -2.00000000000006572520 @ 198954 35541 1
0.83333333239020290772 0.87500000487987450448 = -2.00000000000006927792 @ 199445 35678 1
0.83333333387577113172 0.87499999419766505415 = -2.00000000000009592327 @ 197974 35268 1
0.83333333385781238611 0.87499999419673069045 = -2.00000000000009592327 @ 199151 35596 1
0.83333333239020290772 0.12500000593092150392 = -2.00000000000010125234 @ 195791 34656 1
0.50000000824585488779 0.62500000115001630441 = -2.00000000000011191048 @ 196708 34914 1
0.50000000824585477677 0.62500000115001630441 = -2.00000000000011191048 @ 199877 35797 1
0.50000000883236628280 0.62500000115001630441 = -2.00000000000012789769 @ 196644 34896 1
0.16666666847428185383 0.12500000698000038324 = -2.00000000000014388490 @ 196462 34845 1
0.16666666846946259772 0.12500000698000038324 = -2.00000000000014388490 @ 197977 35269 1
0.16666666847859998302 0.12500000698000038324 = -2.00000000000014388490 @ 198950 35539 1
0.16666666846946259772 0.12500000698000032773 = -2.00000000000014388490 @ 199827 35784 1
0.16666666984008426944 0.12500000698000038324 = -2.00000000000015454305 @ 196578 34878 1
0.50000000883236628280 0.87499999251748628026 = -2.00000000000028244074 @ 196659 34900 1
0.50000000883236628280 0.87499999246886417392 = -2.00000000000028599345 @ 197431 35116 1
0.50000000885038176079 0.87499999246886417392 = -2.00000000000028599345 @ 198561 35430 1
0.83333333107859641764 0.37500001001893468189 = -2.00000000000029309888 @ 195969 34706 1
0.83333333108697082992 0.37500001001893468189 = -2.00000000000029309888 @ 197720 35197 1
0.83333333107859641764 0.37500001004944105709 = -2.00000000000029309888 @ 198110 35305 1
0.83333333107859641764 0.37500001004944105709 = -2.00000000000029309888 @ 198870 35517 1
0.83333334483464327480 0.87499999182930898733 = -2.00000000000040145665 @ 192987 33874 1
0.83333333107859641764 0.37500001335624755239 = -2.00000000000051336713 @ 197663 35181 1
0.16666666558789181019 0.87499998113625809815 = -2.00000000000101252340 @ 195103 34465 1
0.16666666558789181019 0.87499998114739985233 = -2.00000000000101252340 @ 197418 35113 1
0.50000000635860231135 0.12499998162487700737 = -2.00000000000102673425 @ 198205 35331 1
0.50000000633115471160 0.12499998151954214154 = -2.00000000000103561604 @ 197832 35228 1
0.16666663878787668640 0.12500000140987280184 = -2.00000000000124877886 @ 199495 35691 1
0.50000002335571236411 0.37499998471546774903 = -2.00000000000153654867 @ 197909 35250 1
0.50000002335571236411 0.37499998471606421635 = -2.00000000000153654867 @ 198735 35479 1
0.83333332376842328415 0.62499997390898376359 = -2.00000000000208189022 @ 198606 35443 1
0.83333335922016771313 0.37499998069226081476 = -2.00000000000212985185 @ 198638 35452 1
0.16666664485095952775 0.87499997543253282828 = -2.00000000000247801779 @ 197855 35234 1
0.16666664485095961101 0.87499997543253282828 = -2.00000000000247801779 @ 199878 35798 1
0.83333329436462499906 0.12500000603845387581 = -2.00000000000253130850 @ 198072 35295 1
0.83333330528827942452 0.62499997823439867872 = -2.00000000000260413913 @ 197233 35061 1
0.50000000878217809586 0.87499996262508983325 = -2.00000000000409272616 @ 198181 35324 1
0.50000002336329918418 0.37500003639452444970 = -2.00000000000463806771 @ 198096 35301 1
0.50000002341099636372 0.37500003639452444970 = -2.00000000000464162042 @ 197140 35035 1
0.16666669237561260175 0.62500003893338329508 = -2.00000000000536637401 @ 195246 34505 1
0.16666672578627170220 0.37500000410555545116 = -2.00000000000563638025 @ 196680 34906 1
0.16666672578627170220 0.37500000410555545116 = -2.00000000000563638025 @ 197685 35188 1
0.49999995986542211668 0.37499995778337374963 = -2.00000000000764188712 @ 196215 34775 1
0.49999993857218633098 0.87500011081897477450 = -2.00000000004094147243 @ 196720 34917 1
0.83333332376842328415 0.62499987816451796352 = -2.00000000004233946527 @ 198458 35402 1
0.50000000633115471160 0.12500012614202282712 = -2.00000000004529354669 @ 197725 35199 1
0.16666686825398621674 0.87499998525094191404 = -2.00000000006559197629 @ 196570 34875 1
0.16666688812257271501 0.37500000146446244020 = -2.00000000007841904903 @ 199062 35571 1
0.16666696022077664985 0.62500004523317564953 = -2.00000000014359713418 @ 198405 35387 1
0.49999969332017940582 0.87499999182930898733 = -2.00000000015056933478 @ 198570 35433 1
0.49999968944971484586 0.37500005568354000118 = -2.00000000016301093808 @ 196652 34898 1
0.50000033675628252627 0.37500000295034330300 = -2.00000000018134471702 @ 197414 35111 1
0.83333329441517012270 0.12500026205479147778 = -2.00000000019762147474 @ 197248 35065 1
0.49999968944971484586 0.12500024843384952011 = -2.00000000032963143326 @ 198487 35410 1
0.49999943117599704445 0.62500000026582502866 = -2.00000000051733373141 @ 198269 35349 1
0.50000061791080685492 0.62499979352382828424 = -2.00000000073165296044 @ 198942 35537 1
0.50000061791077521356 0.62499979352382828424 = -2.00000000073165296044 @ 199500 35692 1
0.50000061835788967013 0.62499979251882775699 = -2.00000000073371886344 @ 196927 34976 1
0.16666664742447592773 0.62499949015140754405 = -2.00000000073947248325 @ 198455 35401 1
0.83333265083523477834 0.62499987814793600549 = -2.00000000078696693606 @ 196587 34880 1
0.83333404735441896083 0.87500000487987450448 = -2.00000000081521633888 @ 193677 34067 1
0.83333405025105922181 0.12499997137715017359 = -2.00000000082410522850 @ 199852 35791 1
0.83333409372121813874 0.12499999986148532805 = -2.00000000092445340272 @ 199451 35680 1
0.83333415682732125962 0.12499999986148532805 = -2.00000000108426512213 @ 197911 35250 1
0.50000033675628252627 0.62500059309708755340 = -2.00000000118119025672 @ 199301 35638 1
0.49999994378089140934 0.87500064351500728144 = -2.00000000118214238398 @ 199679 35743 1
0.83333247390174569613 0.12500011522567294753 = -2.00000000121870513681 @ 199619 35726 1
0.83333247390174569613 0.12500011587336498642 = -2.00000000121913146245 @ 199237 35620 1
0.16666754676794676149 0.37500001866358262381 = -2.00000000123944410291 @ 195060 34453 1
0.16666754677475742463 0.37500001866358262381 = -2.00000000123946186648 @ 197586 35160 1
0.83333312406014570239 0.37500065052092768081 = -2.00000000127288046770 @ 197120 35029 1
0.83333430454336965276 0.62499997374240467973 = -2.00000000151009693639 @ 198512 35417 1
0.16666569073150785951 0.62499999844187148490 = -2.00000000152285650756 @ 197070 35015 1
0.16666569073150785951 0.62499999846580922558 = -2.00000000152285650756 @ 198425 35392 1
0.16666642713409146603 0.37500073008730316904 = -2.00000000160683910622 @ 198240 35341 1
0.16666695034982972889 0.37500073009202733454 = -2.00000000164379088119 @ 197912 35250 1
0.49999894963917029811 0.37500001190435916509 = -2.00000000176437531252 @ 196897 34967 1
0.16666561682819736046 0.62500004497949734894 = -2.00000000176796888240 @ 198885 35521 1
0.16666667196853671151 0.37499919878769893966 = -2.00000000182472703614 @ 198521 35419 1
0.83333223206963702445 0.12499999690170369993 = -2.00000000193911375845 @ 193766 34092 1
0.50000112531503726476 0.12499998257102107324 = -2.00000000202557437490 @ 197650 35178 1
0.50000112531503726476 0.12499998257485682440 = -2.00000000202557437490 @ 198453 35400 1
0.16666787342886277279 0.12499999530805519510 = -2.00000000232846630865 @ 198044 35287 1
0.83333335325641866298 0.87499905795475885206 = -2.00000000252316034732 @ 197397 35107 1
0.83333335325641866298 0.87499905779055131561 = -2.00000000252404142032 @ 195061 34453 1
0.16666574005119522139 0.87500064347101758067 = -2.00000000254974885650 @ 198304 35359 1
0.16666574005119522139 0.87500064351500728144 = -2.00000000254990872861 @ 197310 35083 1
0.16666695983909121659 0.87499905779512499038 = -2.00000000266080490974 @ 199137 35592 1
0.16666696052033574960 0.87499905779055131561 = -2.00000000266146926720 @ 198037 35285 1
0.83333335721035473043 0.37499899460957447639 = -2.00000000287408319366 @ 199295 35636 1
0.83333335721033086063 0.37499899460872770929 = -2.00000000287408852273 @ 197355 35095 1
0.50000000633038110820 0.12500104641548459572 = -2.00000000311250047957 @ 199759 35764 1
0.50000000633115471160 0.12500104646760545890 = -2.00000000311281134202 @ 197525 35143 1
0.16666666831694876283 0.87500106587286807791 = -2.00000000322926396734 @ 198148 35315 1
0.16666780926111832151 0.87500064351500728144 = -2.00000000326445714904 @ 199754 35763 1
0.16666780926111832151 0.87500064351500728144 = -2.00000000326445714904 @ 199919 35809 1
0.50000145980392984857 0.12499998129376420353 = -2.00000000340824257705 @ 198322 35364 1
0.83333187182866574894 0.87500003822135907772 = -2.00000000341934480730 @ 197743 35203 1
0.83333187182866574894 0.87500003863227659995 = -2.00000000341943362514 @ 199799 35776 1
0.83333187182866574894 0.87500003876517173929 = -2.00000000341946382321 @ 196140 34754 1
0.50000145977340748615 0.87499993184300162152 = -2.00000000342030936906 @ 198905 35527 1
0.50000145977475796144 0.87499993184300162152 = -2.00000000342031647449 @ 198578 35435 1
0.50000145980392984857 0.87499990287248463616 = -2.00000000343406192371 @ 198191 35327 1
0.50000153783493139770 0.37500000746856765321 = -2.00000000378139652923 @ 196386 34824 1
0.50000034476172960929 0.87500120049387208887 = -2.00000000428653557094 @ 198230 35338 1
0.49999835363045014303 0.12499998162487700737 = -2.00000000433476721184 @ 199111 35585 1
0.49999835374896539619 0.62500003931896530585 = -2.00000000433757563201 @ 197896 35246 1
0.49999835375110751601 0.62499994746169673654 = -2.00000000434101643521 @ 197945 35260 1
0.49999994601277780726 0.37499875785358588454 = -2.00000000439034941735 @ 196182 34766 1
0.16666836288996716986 0.87500001562921325693 = -2.00000000460093829702 @ 198649 35455 1
0.16666836523384548352 0.62500003893338329508 = -2.00000000461727545087 @ 197969 35266 1
0.49999969332017940582 0.12499872879008123994 = -2.00000000474370054349 @ 198835 35507 1
0.49999969332017940582 0.12499872879008250282 = -2.00000000474370054349 @ 199780 35770 1
0.16666653768664577151 0.12500130930030536880 = -2.00000000489931117897 @ 183931 31698 1
0.83333260146612431196 0.12499872877987629194 = -2.00000000544979883443 @ 198755 35485 1
0.83333146488797682494 0.12500000370065855737 = -2.00000000558185675459 @ 193473 34010 1
0.49999808229285763739 0.87499999129460459546 = -2.00000000588024384740 @ 195996 34714 1
0.49999808229285763739 0.87499999129460459546 = -2.00000000588024384740 @ 196454 34843 1
0.83333525484184578502 0.87500000369058761329 = -2.00000000590340043516 @ 199220 35615 1
0.83333525484184578502 0.87500003186281771761 = -2.00000000590624615882 @ 198718 35474 1
0.83333525532911301159 0.87500003211335641851 = -2.00000000590928728172 @ 197982 35270 1
0.49999943117883488553 0.62499852673434430628 = -2.00000000668689104089 @ 199028 35561 1
0.50000209247685589720 0.62500000321035276141 = -2.00000000700064184400 @ 197731 35200 1
0.50000209247685589720 0.62500000315576376142 = -2.00000000700064184400 @ 198060 35291 1
0.50000112531503726476 0.62499852673406364190 = -2.00000000819427548038 @ 197962 35264 1
0.16666655745558381363 0.62500170985310432581 = -2.00000000832923774396 @ 199299 35637 1
0.16666655755481454837 0.62500170986848857524 = -2.00000000832935320716 @ 197445 35120 1
0.49999766212023599721 0.12500001828236181889 = -2.00000000873989769445 @ 197069 35015 1
0.16666499770148532344 0.87499876829572287296 = -2.00000000876584138609 @ 190157 33128 1
0.83333572694969337835 0.62499965599933671179 = -2.00000000949696321584 @ 198091 35299 1
0.83333572694373148071 0.62499965593761297455 = -2.00000000949703959918 @ 198972 35546 1
0.83333332376842328415 0.37500183777813522745 = -2.00000000960030455133 @ 198461 35402 1
0.16666669237561260175 0.37500183777813522745 = -2.00000000960121582239 @ 197825 35226 1
0.16666912310760331750 0.12500024843384952011 = -2.00000000982321424203 @ 197305 35081 1
0.16666912330869648740 0.12500024843384952011 = -2.00000000982479342326 @ 197689 35188 1
0.49999968944971484586 0.62500185530679130963 = -2.00000000993836124508 @ 198964 35543 1
0.49999968944971484586 0.62500185534983254687 = -2.00000000993881599243 @ 198669 35461 1
0.83333265058230832079 0.62500185530981655635 = -2.00000001052950970859 @ 198411 35388 1
0.16666666558789181019 0.62499806453778383730 = -2.00000001064784349580 @ 198398 35385 1
0.16666407991887338680 0.12500000633808044936 = -2.00000001069861532699 @ 199184 35605 1
0.16666407991738632632 0.12500000633808044936 = -2.00000001069862598513 @ 196242 34783 1
0.16666407980680694734 0.12500000633808044936 = -2.00000001069954258526 @ 196695 34910 1
0.16666407980680694734 0.12500000633808044936 = -2.00000001069954258526 @ 199214 35613 1
0.16666407991738632632 0.37500004774146405984 = -2.00000001070499067168 @ 197776 35212 1
0.16666407980680694734 0.87500004578918755271 = -2.00000001070538857562 @ 199032 35563 1
0.16666407980674141642 0.87500004578918755271 = -2.00000001070538857562 @ 199269 35629 1
0.16666654227275795597 0.37500195999849894601 = -2.00000001094426593795 @ 197546 35148 1
0.83333331797486420722 0.62499793704976402964 = -2.00000001209715527750 @ 198031 35283 1
0.16666386785807504878 0.37500012987089115235 = -2.00000001257246395880 @ 197864 35237 1
0.83333109677181149699 0.37499854954240380289 = -2.00000001397792459557 @ 196033 34724 1
0.83333030349818015825 0.12499995392488152945 = -2.00000001468355570466 @ 198822 35504 1
0.83333030349819647853 0.12499995392488152945 = -2.00000001468355570466 @ 199414 35669 1
0.83333030349525183400 0.12500012614202282712 = -2.00000001472278121639 @ 196806 34941 1
0.49999731816508008464 0.37500109278211174457 = -2.00000001489386924902 @ 193550 34031 1
0.83333030349525183400 0.62500059309708755340 = -2.00000001567742202724 @ 198659 35458 1
0.83333030349525183400 0.62500059309708755340 = -2.00000001567742202724 @ 198770 35489 1
0.83333551765707647441 0.37499826028445631954 = -2.00000001623164536113 @ 199648 35734 1
0.83333551765791091803 0.37499825873355391304 = -2.00000001624699663694 @ 199102 35582 1
0.49999948022278112303 0.87500241859122729338 = -2.00000001705909191685 @ 198552 35428 1
0.16666689398440773240 0.37499755092463388229 = -2.00000001713152464333 @ 199642 35732 1
0.16666689398440387437 0.37499755092462083716 = -2.00000001713152641969 @ 199613 35724 1
0.16666689404801307561 0.37499755052388306087 = -2.00000001713715391816 @ 199480 35687 1
0.83333674351319730889 0.62500003802202830361 = -2.00000001859796050496 @ 199419 35671 1
0.16666668168276166373 0.37500260142126123908 = -2.00000001923630854606 @ 197772 35211 1
0.83333682042328660611 0.62499997373877747009 = -2.00000001944396643694 @ 199391 35663 1
0.49999955540470214510 0.87499740481780352575 = -2.00000001945983285623 @ 198739 35480 1
0.49999645856445046332 0.62500003804473736047 = -2.00000002005684152095 @ 198647 35455 1
0.49999645856444924208 0.62500003804473736047 = -2.00000002005684152095 @ 199354 35652 1
0.50000369045036041626 0.87499997852278432742 = -2.00000002177707969508 @ 198783 35493 1
0.50000153855063822483 0.87499740481427379368 = -2.00000002292860301623 @ 199006 35555 1
0.49999650984770699358 0.87500111680261905001 = -2.00000002302140345023 @ 199179 35604 1
0.50000369045292503145 0.37500073008730316904 = -2.00000002329090165176 @ 199178 35603 1
0.83333715466588331733 0.37500009632236375179 = -2.00000002337409021891 @ 192861 33838 1
0.16666668216791555301 0.12500287879571014837 = -2.00000002355705497337 @ 197645 35176 1
0.83332939317021859083 0.62500005081493059667 = -2.00000002482970451467 @ 196889 34965 1
0.83332939327682176156 0.87499992474931131969 = -2.00000002483711725176 @ 197569 35155 1
0.16667059180748913794 0.62499965701655924022 = -2.00000002496782869343 @ 197193 35050 1
0.16667059180748913794 0.62499965701655924022 = -2.00000002496782869343 @ 199894 35802 1
0.16667059182252563776 0.62499965701657522743 = -2.00000002496801698726 @ 199538 35703 1
0.16666667196853671151 0.87500303545331248323 = -2.00000002619027661410 @ 198030 35283 1
0.16667075673353645704 0.12500003174605175960 = -2.00000002674989652007 @ 198359 35374 1
0.16667075673353645704 0.12500003178820159877 = -2.00000002674990362550 @ 198661 35458 1
0.83332920705618684920 0.12500011591347628959 = -2.00000002726091175020 @ 197927 35255 1
0.16667087671547195504 0.37500001190435916509 = -2.00000002833969681149 @ 198597 35441 1
0.16667087671547195504 0.37500001190436194065 = -2.00000002833969681149 @ 199556 35708 1
0.83332920705618684920 0.37500065070941157597 = -2.00000002842627822019 @ 197421 35113 1
0.83333189554329845095 0.87500301222148824110 = -2.00000002909613172619 @ 199562 35710 1
0.83333189554329845095 0.87500301222148824110 = -2.00000002909613172619 @ 199904 35805 1
0.83333331814332589627 0.87499678204243169777 = -2.00000002943461119287 @ 197903 35248 1
0.49999955540470214510 0.87499678204243169777 = -2.00000002975028401409 @ 196610 34886 1
0.50000369045337311746 0.62499823899566575580 = -2.00000003059061626232 @ 199142 35593 1
0.50000154726121370796 0.37499690853014983061 = -2.00000003099352241520 @ 198573 35434 1
0.50000154726119816484 0.37499690853014983061 = -2.00000003099352241520 @ 199379 35659 1
0.50000154726121370796 0.37499690853014999714 = -2.00000003099352241520 @ 199844 35788 1
0.83333505228872950532 0.37499683486123525089 = -2.00000003320028874043 @ 197411 35111 1
0.16666668243571819419 0.12500347206558873325 = -2.00000003426676542517 @ 196359 34816 1
0.83333682042328660611 0.37500260110580763140 = -2.00000003867328857154 @ 199175 35602 1
0.16666689140070239938 0.62499629355393893082 = -2.00000003912954404939 @ 198562 35431 1
0.16666689140364746025 0.62499629355393893082 = -2.00000003912954760210 @ 197782 35214 1
0.83333726798199958541 0.12499770394368936444 = -2.00000003973795337231 @ 186307 32243 1
0.50000498044995289604 0.62500059382563488697 = -2.00000004066225756105 @ 198402 35386 1
0.83333723140457816037 0.37500263634130315271 = -2.00000004405069375935 @ 199196 35608 1
0.49999462498267888133 0.12499997084199211683 = -2.00000004619523963356 @ 196873 34960 1
0.49999461757109309179 0.87499992471497334279 = -2.00000004633640848795 @ 198470 35405 1
0.49999461757109309179 0.87499992471495591229 = -2.00000004633640848795 @ 199671 35740 1
0.83333881764910477941 0.12500011591347628959 = -2.00000004812873122262 @ 199067 35572 1
0.83333881765477380021 0.12500011591347628959 = -2.00000004812883069860 @ 198266 35348 1
0.83333881765477380021 0.87500012245291947099 = -2.00000004813326270892 @ 198672 35462 1
0.83333881765477380021 0.87500012245305491820 = -2.00000004813326270892 @ 198676 35463 1
0.49999948106103397905 0.37500420006830192943 = -2.00000005057295204836 @ 196089 34740 1
0.50000572293974399063 0.12500010356510629639 = -2.00000005239693479098 @ 194372 34260 1
0.50000572954549360460 0.37499993335680498197 = -2.00000005250002921287 @ 198025 35281 1
0.50000572954549360460 0.37499993335253961613 = -2.00000005250003098922 @ 198488 35410 1
0.50000572954549360460 0.37499993335253961613 = -2.00000005250003098922 @ 199222 35616 1
0.50000572954549360460 0.12500010343402487289 = -2.00000005251781587390 @ 197304 35081 1
0.16667080769497708004 0.87500303530698364529 = -2.00000005360541521782 @ 199655 35736 1
0.16667080769497708004 0.87500303530703160693 = -2.00000005360541699417 @ 199643 35732 1
0.50000326042516463065 0.12500374668213012908 = -2.00000005689784288165 @ 199465 35683 1
0.49999942903210209399 0.37500448155736726408 = -2.00000005760993992965 @ 197269 35071 1
0.16666696051479518159 0.87499535699081276707 = -2.00000006141418751326 @ 198803 35498 1
0.16666956482090686253 0.62500432326988175635 = -2.00000006655663575827 @ 197187 35048 1
0.16666230875800164268 0.87499642690436418846 = -2.00000006665438512243 @ 199821 35782 1
0.83333983456655247313 0.62500005000464531335 = -2.00000006758524939698 @ 198990 35551 1
0.83333983456657456657 0.62500005000464531335 = -2.00000006758524939698 @ 199326 35645 1
0.83333983541551170937 0.62500005000464531335 = -2.00000006760289927854 @ 196456 34843 1
0.83333989531344088153 0.87500012228706691708 = -2.00000006888943637762 @ 198814 35501 1
0.83333325732127694341 0.37500493120197309072 = -2.00000006912829597638 @ 198196 35329 1
0.16666107766487037178 0.37500259832438598284 = -2.00000006913416861209 @ 199386 35661 1
0.16666107766487037178 0.37500259832441862340 = -2.00000006913417038845 @ 196835 34950 1
0.16666107766487037178 0.37500259832441851238 = -2.00000006913417038845 @ 199836 35786 1
0.16666666984008426944 0.12499504344555242841 = -2.00000006983161604524 @ 199277 35631 1
0.16665988115771554479 0.87500000487987450448 = -2.00000007361732201616 @ 197965 35265 1
0.16665988115771554479 0.12500000593092150392 = -2.00000007361735399058 @ 199445 35678 1
0.16667087672362190798 0.87500400650581977580 = -2.00000007396659995607 @ 198062 35292 1
0.16665988196695252777 0.62500059309708755340 = -2.00000007459956741229 @ 198616 35446 1
0.83333710472407529490 0.12500446851236032830 = -2.00000007949826574816 @ 198626 35449 1
0.16666668665931194671 0.87499467568580024945 = -2.00000008057921618843 @ 198973 35546 1
0.49999302315497556881 0.37500183497072003824 = -2.00000008739831969251 @ 199304 35639 1
0.16665913149567759821 0.62500003758143707344 = -2.00000009078627272174 @ 199813 35780 1
0.50000603500860640871 0.62499651597521077573 = -2.00000009273601442317 @ 197208 35054 1
0.16666769666806494077 0.37499428132101242372 = -2.00000009465358807859 @ 198513 35417 1
0.83332890928338410053 0.87499523052010552693 = -2.00000009595333594348 @ 197168 35043 1
0.16665881944022792327 0.12500000048264656161 = -2.00000009845712156675 @ 196888 34965 1
0.16665881925441458633 0.12500000048264656161 = -2.00000009846178450346 @ 196474 34848 1
0.16667461739874195326 0.87499999652557569618 = -2.00000010107159909012 @ 197235 35062 1
0.16667461740032760154 0.87499999652557569618 = -2.00000010107163994633 @ 199173 35602 1
0.16667461760747639965 0.87499999671450512384 = -2.00000010107690329164 @ 196622 34890 1
0.50000475827726631461 0.37500490048318552150 = -2.00000010446106379902 @ 199183 35605 1
0.83333333107859641764 0.62499368764468266058 = -2.00000011325962923081 @ 198757 35486 1
0.50000002048806513333 0.62499368763194351750 = -2.00000011326075011198 @ 195107 34466 1
0.49999302315497556881 0.37499641004007921996 = -2.00000011446037895269 @ 198567 35432 1
0.16665982200140039282 0.62499626940346408865 = -2.00000011446576309027 @ 192850 33835 1
0.49999301719713601377 0.37499641012574047583 = -2.00000011459161086691 @ 198065 35292 1
0.49999301719713717951 0.37499641012574047583 = -2.00000011459161086691 @ 199721 35754 1
0.49999301719530414578 0.37499641012759843406 = -2.00000011459161264327 @ 199262 35627 1
0.49999986480994096372 0.12500635722302588793 = -2.00000011490464579822 @ 197936 35257 1
0.16667515868002280577 0.12499998151954214154 = -2.00000011530277355121 @ 199359 35654 1
0.49999144793941979747 0.12499998084487658201 = -2.00000011693921386779 @ 198447 35398 1
0.49999144793939326314 0.12499998084487658201 = -2.00000011693921386779 @ 199107 35583 1
0.49999144793913508078 0.12499998084487658201 = -2.00000011693922097322 @ 198769 35489 1
0.16667525398392479818 0.12499998141591910084 = -2.00000011790531573297 @ 196825 34947 1
0.16667515868002280577 0.37500102693628106776 = -2.00000011829943957764 @ 199146 35594 1
0.49999994379617007656 0.62500646936471471182 = -2.00000011896903551190 @ 198155 35317 1
0.83333247390120124276 0.87500651979659194168 = -2.00000012200694854414 @ 198919 35531 1
0.83334107490246533967 0.62500325041168180995 = -2.00000012585460140713 @ 199182 35604 1
0.83334233241542488013 0.12499938264909216112 = -2.00000013056585324023 @ 194186 34209 1
0.83334233241542488013 0.12499938264909216112 = -2.00000013056585324023 @ 199860 35793 1
0.83332445426629842000 0.12499872877987629194 = -2.00000013064530257623 @ 198818 35503 1
0.49999086087185656835 0.87500001563098261936 = -2.00000013354466688043 @ 198811 35501 1
0.49999086087080873986 0.87500001563098261936 = -2.00000013354469885485 @ 198522 35419 1
0.49999086750306154237 0.62500059309708755340 = -2.00000013435011858576 @ 198429 35393 1
0.49999086750306154237 0.62500059309817501685 = -2.00000013435012213847 @ 198888 35522 1
0.50000940286223938269 0.87500000353003393183 = -2.00000014136275972021 @ 199369 35657 1
0.50000940286223938269 0.87500000353003393183 = -2.00000014136275972021 @ 199567 35711 1
0.50000940286276451818 0.12499997084199211683 = -2.00000014136515780194 @ 199055 35569 1
0.50000947941277518183 0.12500000291863280766 = -2.00000014367384082448 @ 198451 35400 1
0.16666666866838539263 0.12500717233011257590 = -2.00000014622202293424 @ 198367 35376 1
0.16665776952895988705 0.87499700575959005189 = -2.00000015204939529667 @ 197671 35183 1
0.16665776952895988705 0.87499677388001462219 = -2.00000015614926596186 @ 199672 35741 1
0.50000967597907997053 0.62499823900191375792 = -2.00000015850882029156 @ 199388 35662 1
0.50000967597909640183 0.62499823900191375792 = -2.00000015850882206792 @ 198543 35425 1
0.50000967597909484752 0.62499823900191375792 = -2.00000015850882206792 @ 199618 35725 1
0.50001000129238337699 0.12500000291863280766 = -2.00000015992894653039 @ 196953 34983 1
0.50000800662841493605 0.62500470677663555463 = -2.00000016546852421584 @ 194963 34425 1
0.83334377445198792866 0.37500185363223842439 = -2.00000018407109791951 @ 196409 34830 1
0.16667742832950421805 0.62500004503839257097 = -2.00000018517700084431 @ 196748 34925 1
0.16667742832950421805 0.62500004523317564953 = -2.00000018517705058230 @ 196523 34862 1
0.83334386387149939068 0.37500183777813522745 = -2.00000018690307967972 @ 199482 35688 1
0.83334386387149939068 0.37500183777813522745 = -2.00000018690307967972 @ 199765 35766 1
0.16667128338505843299 0.87499261342618339654 = -2.00000018916662725132 @ 195354 34535 1
0.16665777420047003798 0.62500470357350201844 = -2.00000018931778811293 @ 199353 35652 1
0.16665777420019692312 0.62500470357350201844 = -2.00000018931779699471 @ 198771 35489 1
0.16665777419767233147 0.62500470370870930825 = -2.00000018932148293516 @ 196276 34792 1
0.83334444324115541924 0.37499997039492244388 = -2.00000019735182554825 @ 194664 34342 1
0.50000000635860231135 0.62500835558680023496 = -2.00000019844779863831 @ 198829 35506 1
0.16665967785502650012 0.87500651952276653489 = -2.00000019891050762055 @ 198890 35523 1
0.50000619587380557007 0.12500717233011257590 = -2.00000020760102792394 @ 198985 35549 1
0.50000619587380557007 0.12500717233012209606 = -2.00000020760102792394 @ 199651 35735 1
0.49998854712929241551 0.12499997746683530475 = -2.00000020972319347834 @ 195063 34453 1
0.83334481060537302088 0.12500000639480812747 = -2.00000021061647892395 @ 198509 35416 1
0.16665516006318289999 0.37500004774146405984 = -2.00000021170072450616 @ 197024 35003 1
0.16665516006318289999 0.37500004780328882736 = -2.00000021170074226973 @ 197959 35264 1
0.83334481098972923441 0.87500111664247726129 = -2.00000021417468865081 @ 197751 35206 1
0.49999999645970760742 0.87499127433531198594 = -2.00000021641597314215 @ 196776 34933 1
0.16665503504543413560 0.12499980593450409072 = -2.00000021642634706609 @ 199341 35649 1
0.83334528798135598660 0.87500001413974348718 = -2.00000022850169578703 @ 197530 35144 1
0.16665454175563759742 0.37499998192120176377 = -2.00000023505721991057 @ 197189 35049 1
0.83332069441466316562 0.37499875785358588454 = -2.00000025979374740359 @ 198914 35529 1
0.50000000633115471160 0.12499013138175370241 = -2.00000027682482262037 @ 198883 35521 1
0.83333265058235406197 0.12499013138619879948 = -2.00000027756982312610 @ 199276 35631 1
0.83333265058235406197 0.12499013138619874397 = -2.00000027756982312610 @ 199811 35779 1
0.83332667356414902304 0.37500854505724495747 = -2.00000027846392036679 @ 191510 33480 1
0.16667857006314881763 0.87499535699081276707 = -2.00000028782221228596 @ 199361 35654 1
0.16666335719510466662 0.12499013138175370241 = -2.00000029433661019596 @ 195837 34670 1
0.83332069441466316562 0.87500400651904786109 = -2.00000030103555737071 @ 199470 35685 1
0.83332069441466316562 0.87500400651947451980 = -2.00000030103556625249 @ 197133 35033 1
0.83331942804575731554 0.87500003706162121642 = -2.00000030915778914675 @ 198858 35514 1
0.83333333107859641764 0.62498948922386021732 = -2.00000031402325717522 @ 199210 35613 1
0.83331924990636918604 0.62499997373877747009 = -2.00000031712766812575 @ 196837 34951 1
0.83331924900357534636 0.62499997373877747009 = -2.00000031716832715745 @ 199405 35667 1
0.83331924900351062035 0.62499997373877747009 = -2.00000031716833071016 @ 199420 35671 1
0.83333424306434344953 0.12501063840571860486 = -2.00000032301900176890 @ 198340 35369 1
0.16668106331611387549 0.87499998114739985233 = -2.00000033138965171986 @ 198398 35385 1
0.16668106331611387549 0.62499806453778383730 = -2.00000034203648269227 @ 198175 35323 1
0.16668106489563411232 0.62499803903652184633 = -2.00000034239163859695 @ 195205 34493 1
0.50000032257725801621 0.62498898495982879719 = -2.00000034504350665543 @ 195694 34629 1
0.83334789767537498228 0.12499770530780991706 = -2.00000035412086951681 @ 198442 35397 1
0.16667123109650741619 0.62498898495982879719 = -2.00000037818814568880 @ 197008 34998 1
0.83333167747738268183 0.12498817200815494355 = -2.00000040204604800920 @ 198674 35462 1
0.49999994378089140934 0.37498809283837802875 = -2.00000040300846926300 @ 198159 35318 1
0.83333265058230832079 0.37498809283837802875 = -2.00000040374873044868 @ 198523 35420 1
0.83333265058230832079 0.37498809283837802875 = -2.00000040374873044868 @ 199567 35711 1
0.16668298598293390667 0.87499992474931131969 = -2.00000042582885839693 @ 199046 35566 1
0.16667857006314881763 0.37500849955838144734 = -2.00000043189147191924 @ 194422 34274 1
0.16667857006314881763 0.37500850954316933272 = -2.00000043237421110121 @ 198575 35434 1
0.16667433921245433659 0.12501147810303250840 = -2.00000046860587410436 @ 197612 35167 1
0.16668402714179009205 0.87500001563098261936 = -2.00000048187965973057 @ 199456 35681 1
0.16668298821525442954 0.62500524110807154088 = -2.00000050400902296133 @ 194934 34417 1
0.50001786695688577034 0.87499992593105946348 = -2.00000051042178661476 @ 199489 35690 1
0.49998208596335658171 0.62500067516904389553 = -2.00000051439533521602 @ 198333 35367 1
0.16668464445997668855 0.12500002653732442126 = -2.00000051676037493564 @ 197089 35021 1
0.16668464501274396494 0.12500019177088328437 = -2.00000051689468527627 @ 198846 35510 1
0.50001840735204394761 0.62499997373877747009 = -2.00000054175005459456 @ 198449 35399 1
0.50001840735204394761 0.62500009237114850791 = -2.00000054177234609654 @ 199244 35622 1
0.16665516116894429910 0.62498899142724462230 = -2.00000055612582805509 @ 198841 35509 1
0.49998203650728106906 0.12499504344555242841 = -2.00000058576817885125 @ 196942 34980 1
0.16666563711062390429 0.62501434220517559925 = -2.00000058638266331457 @ 198553 35428 1
0.49999999040970094510 0.87501449631253747086 = -2.00000059732050416983 @ 198856 35513 1
0.49999999040970094510 0.87501449631254080153 = -2.00000059732050416983 @ 199503 35693 1
0.16664687616743645293 0.62500059376739280914 = -2.00000062722403626481 @ 198580 35436 1
0.50001786695688577034 0.62500646936471471182 = -2.00000062937017730746 @ 192524 33744 1
0.16665765089219519712 0.87498674484005278806 = -2.00000062937901290638 @ 199458 35681 1
0.16665765089219519712 0.87498674340434989816 = -2.00000062948720547240 @ 197327 35087 1
0.16666574005119522139 0.37498446159754039719 = -2.00000068765853455943 @ 199754 35763 1
0.16664579719324840168 0.37499993335680498197 = -2.00000069637891009222 @ 199106 35583 1
0.16664579719324840168 0.87499992474205334769 = -2.00000069638238464620 @ 198157 35318 1
0.16664579719324923435 0.87499992474205334769 = -2.00000069638238464620 @ 199731 35757 1
0.16664579549658725677 0.12499999986148532805 = -2.00000069647951761453 @ 198976 35547 1
0.16664579544802024524 0.12499995385886755739 = -2.00000069648880796080 @ 195863 34677 1
0.16664579544802024524 0.12499995385886755739 = -2.00000069648880796080 @ 199769 35767 1
0.16664580816516577633 0.62500059382563488697 = -2.00000069663659196806 @ 196745 34924 1
0.83332915777426408432 0.12498423464362275193 = -2.00000073435677450107 @ 198629 35450 1
0.83335482698411600389 0.37500035070528109360 = -2.00000073899353125739 @ 197795 35218 1
0.83335482698157481440 0.87499905808894318238 = -2.00000074116555914827 @ 199143 35593 1
0.83335482698411600389 0.87499905808920641626 = -2.00000074116573323124 @ 198863 35515 1
0.83335482707287089621 0.87499905808732214574 = -2.00000074117184389877 @ 199133 35591 1
0.16665516010518671708 0.87501367186529899200 = -2.00000074300243113612 @ 198872 35518 1
0.83333405025105922181 0.37498381206487241268 = -2.00000074568260899355 @ 197552 35150 1
0.83335497496612764845 0.62499999872826350611 = -2.00000074884994916147 @ 199541 35704 1
0.83335497496612764845 0.62499991601219118120 = -2.00000074886999534840 @ 198581 35436 1
0.83335497496612764845 0.62499989716423254293 = -2.00000074888000334283 @ 195243 34504 1
0.83335498276953978714 0.12499997999049522468 = -2.00000074939121219586 @ 197098 35023 1
0.83335498383029493752 0.62499990009460770768 = -2.00000074949188011431 @ 197516 35140 1
0.83333333372660323146 0.87498355175058839528 = -2.00000076900930068291 @ 195659 34619 1
0.83333333372660323146 0.87498355175058839528 = -2.00000076900930068291 @ 199816 35780 1
0.50001778594472900963 0.12499013138876324813 = -2.00000078261249569778 @ 198944 35538 1
0.50001778594536294698 0.12499013138175370241 = -2.00000078261292379977 @ 198523 35420 1
0.83335140855332012766 0.62500972708377156017 = -2.00000079131579333591 @ 199081 35576 1
0.83335498585758849277 0.87499535667705319320 = -2.00000081088828274289 @ 198113 35306 1
0.16664352030790902104 0.37500102693633008411 = -2.00000085960166806842 @ 199549 35706 1
0.16664352030630413815 0.37500260110573246930 = -2.00000087583543262326 @ 199257 35625 1
0.16666688354995884414 0.87501756162965804720 = -2.00000087671636350706 @ 199160 35598 1
0.16666690649598309149 0.87501756162965804720 = -2.00000087673311810477 @ 197352 35094 1
0.16666690086944080385 0.87501756324887358662 = -2.00000087689051753159 @ 199279 35632 1
0.83333030353863335460 0.87501758143324814831 = -2.00000089329651054015 @ 199014 35557 1
0.83333030353863335460 0.87501758143324814831 = -2.00000089329651054015 @ 199786 35772 1
0.50001778594536294698 0.37498809283837802875 = -2.00000090879158065604 @ 198468 35404 1
0.50001778594536294698 0.37498809283837802875 = -2.00000090879158065604 @ 199910 35807 1
0.50001778594536294698 0.37498809283837802875 = -2.00000090879158065604 @ 199993 35830 1
0.50002446584996207424 0.87500000375030106969 = -2.00000095705167169058 @ 198253 35345 1
0.16668869832535815334 0.62499096798600906055 = -2.00000100796374802314 @ 194888 34404 1
0.49997440849486335379 0.37499999219820506768 = -2.00000104714417581420 @ 198189 35327 1
0.49997440836311290990 0.12500000639480812747 = -2.00000104715489968044 @ 198627 35449 1
0.49997440836311313195 0.12500000639480812747 = -2.00000104715489968044 @ 199838 35787 1
0.49997440836311290990 0.37499999219820506768 = -2.00000104715495652385 @ 197171 35044 1
0.49997440836311290990 0.87500303540695412163 = -2.00000107334421706184 @ 198927 35533 1
0.49997440836311290990 0.87500303546136659616 = -2.00000107334515497826 @ 197799 35219 1
0.50002703533152170756 0.12500000639480812747 = -2.00000116863312626947 @ 199885 35800 1
0.83336104581814141046 0.12499997388847364221 = -2.00000122790953405172 @ 197863 35237 1
0.83336104581820946713 0.12499997388847364221 = -2.00000122790954115715 @ 199530 35701 1
0.83330539054796615162 0.87500001563098261936 = -2.00000124840178550301 @ 199478 35687 1
0.83330539054796615162 0.87500001563098261936 = -2.00000124840178550301 @ 199983 35827 1
0.83336130039415845516 0.37500037982097389477 = -2.00000125098120840050 @ 197142 35036 1
0.83336130039508471423 0.37500037982097389477 = -2.00000125098129011292 @ 198845 35510 1
0.16666665059211396849 0.87497849035240216065 = -2.00000131510051915029 @ 199078 35575 1
0.49999808229285763739 0.87497849035235708559 = -2.00000132098013949644 @ 198686 35466 1
0.49998486650349388549 0.37501837699855844477 = -2.00000132611293324203 @ 197543 35148 1
0.49998486614368992109 0.37501837699855844477 = -2.00000132613034509177 @ 197753 35206 1
0.16663765623641019209 0.87500001845025332514 = -2.00000134562299791696 @ 197944 35259 1
0.16666672598645670966 0.62502196206646143395 = -2.00000137100932029455 @ 197293 35078 1
0.16669603827715959166 0.37500012224670109529 = -2.00000137937910693609 @ 197939 35258 1
0.16669604674542173872 0.37499993333148051722 = -2.00000138014474337922 @ 199064 35571 1
0.16669604664453507858 0.12500010344212122981 = -2.00000138015304607109 @ 197539 35146 1
0.16668402714180488577 0.37498194841713433645 = -2.00000140811741466962 @ 197566 35154 1
0.16668402714180488577 0.37498194841713455849 = -2.00000140811741466962 @ 199806 35778 1
0.83330539054796615162 0.12500817495503846466 = -2.00000143836144772536 @ 199001 35554 1
0.16665816995081148000 0.37497818464729881782 = -2.00000146817691160095 @ 199576 35714 1
0.16665815854523660655 0.37497818464666016203 = -2.00000146848709370317 @ 198093 35300 1
0.16665777057057068467 0.62502196206464610828 = -2.00000149753934763908 @ 198980 35548 1
0.16668464597556850726 0.87498123590862353360 = -2.00000151764552036582 @ 196550 34870 1
0.16665503504537215740 0.37497859246798903587 = -2.00000151896234967808 @ 198156 35317 1
0.49996908498114295272 0.12500003831093639550 = -2.00000152811121978402 @ 199422 35671 1
0.49998433098644168293 0.62502239140965676345 = -2.00000181768479556865 @ 199035 35563 1
0.49996568174655725558 0.62500022639347485587 = -2.00000188320976590717 @ 199092 35579 1
0.83333333372660323146 0.62502617202878629765 = -2.00000194700468192366 @ 199266 35628 1
0.50003503657534464910 0.87500000316287651625 = -2.00000196271865071651 @ 196390 34825 1
0.50003503657534464910 0.62500042614669082397 = -2.00000196323481382876 @ 195217 34496 1
0.50003503657835635110 0.62500042614669082397 = -2.00000196323515133656 @ 198687 35466 1
0.50002703533152170756 0.62501685087938296803 = -2.00000197575163163322 @ 199121 35587 1
0.50002703533167136563 0.62501685087938296803 = -2.00000197575164406771 @ 198016 35279 1
0.16668741669407960426 0.87502223711297655306 = -2.00000209397664718836 @ 199218 35615 1
0.16663011021859794325 0.62500001305123387141 = -2.00000213669643223113 @ 192072 33626 1
0.16663011020791149153 0.62500001267960936246 = -2.00000213669765436464 @ 197475 35128 1
0.49996278621354678373 0.62500003931896530585 = -2.00000221423303692347 @ 195262 34509 1
0.16666426828577313168 0.12502935137366821827 = -2.00000245797319387009 @ 198730 35478 1
0.49997439842495389195 0.12497764490932897208 = -2.00000246848084728413 @ 192435 33720 1
0.16670756978527009884 0.87499999182930898733 = -2.00000267502356443572 @ 199185 35605 1
0.16662454631743711664 0.87499997476371982330 = -2.00000283660550159937 @ 196762 34929 1
0.16662445911863454917 0.37500259057864321344 = -2.00000286743662591959 @ 198766 35488 1
0.16662445904751671533 0.37500259057899171244 = -2.00000286744622890467 @ 197613 35167 1
0.83329245090242243243 0.87499101383242672281 = -2.00000290184910056723 @ 198122 35308 1
0.83329245080467928553 0.87499101387391764462 = -2.00000290185976048463 @ 198592 35439 1
0.16662454631743711664 0.62498899142103481186 = -2.00000318107634811327 @ 198407 35388 1
0.83332725014977893085 0.62496610628156645806 = -2.00000332452338902556 @ 196732 34921 1
0.83332657895750283927 0.62496610967643917434 = -2.00000333764595694674 @ 199088 35578 1
0.49999975187870498994 0.37496489336314231533 = -2.00000350334462773105 @ 196592 34881 1
0.83338018916724532215 0.12500003317904684330 = -2.00000351028567813216 @ 198439 35396 1
0.83338051545566693701 0.62500298031146406252 = -2.00000358458897942171 @ 198371 35377 1
0.83338051545566693701 0.62500298031159673418 = -2.00000358458898119807 @ 199352 35652 1
0.83338051545566693701 0.62500298031159673418 = -2.00000358458898119807 @ 199958 35820 1
0.83338074867387312850 0.37499998957867275440 = -2.00000359461611054712 @ 198471 35405 1
0.49996257560878060167 0.37497798601983461930 = -2.00000361685450300797 @ 199406 35667 1
0.49996257560878060167 0.37497798601983461930 = -2.00000361685450300797 @ 199907 35806 1
0.50000619587380557007 0.12496395583286150355 = -2.00000375423348231152 @ 198805 35499 1
0.16661446930819837076 0.62500004523317564953 = -2.00000435624558647874 @ 196258 34787 1
0.16672091333574073913 0.62500003931896530585 = -2.00000470501790061917 @ 198141 35314 1
0.16672093420771855188 0.87500000375030106969 = -2.00000470863484913764 @ 197283 35075 1
0.83327788159809323965 0.12499997999049522468 = -2.00000491637614707940 @ 197626 35171 1
0.50001840735204394761 0.12504063029293713272 = -2.00000523411650377170 @ 197602 35164 1
0.50000603516530306436 0.12495658401074877242 = -2.00000541609905724272 @ 198806 35499 1
0.16668871985886249409 0.12504062164070578467 = -2.00000546797269684873 @ 197297 35079 1
0.16661447080286562183 0.62502617202906773919 = -2.00000630299501835907 @ 199198 35609 1
0.83333146496632204414 0.62504816043408673032 = -2.00000659842786809861 @ 199264 35627 1
0.16673244896658670489 0.12499995914164231670 = -2.00000691883715653319 @ 194188 34209 1
0.49993353615961572123 0.37500013676558768827 = -2.00000706299397990051 @ 198995 35552 1
0.49993353615961572123 0.37500013676566967824 = -2.00000706299397990051 @ 199395 35664 1
0.16659577597295238682 0.87499999411414508543 = -2.00000803513454350480 @ 199402 35666 1
0.16659577560207836089 0.62499624768932404706 = -2.00000807523969115209 @ 198842 35509 1
0.16659577560207836089 0.62499624768927808383 = -2.00000807523969292845 @ 199274 35630 1
0.49992549778341810462 0.62498948922386021732 = -2.00000918871089616857 @ 199597 35720 1
0.49992549672194913635 0.62498948922386021732 = -2.00000918896378188094 @ 196751 34926 1
0.83327788153612214472 0.12504063056166414558 = -2.00000960881647849021 @ 199380 35660 1
0.16672091333574073913 0.62504666995582880418 = -2.00001089610130478036 @ 199630 35729 1
0.83341620977451935648 0.87499261215884738263 = -2.00001113702544053297 @ 195219 34497 1
0.50008746397552583662 0.12499997137715017359 = -2.00001223131557637203 @ 198956 35541 1
0.50004777851683146483 0.12506218142023659001 = -2.00001464029035425085 @ 199590 35718 1
0.83323404417004098832 0.87500303546136659616 = -2.00001578844485550235 @ 199943 35816 1
0.83323404416968738229 0.87500303546136659616 = -2.00001578844496918919 @ 199524 35699 1
0.83323400162596905627 0.87500303510167065646 = -2.00001580194936678936 @ 199347 35650 1
0.50001831985785150092 0.37492111652007781286 = -2.00001822401902273896 @ 198764 35487 1
0.50001831985785105683 0.37492111652007781286 = -2.00001822401902273896 @ 199822 35782 1
0.83340212525892654050 0.62492694021216521616 = -2.00002273861860402349 @ 199164 35599 1
0.83340212525892654050 0.62492694021158745610 = -2.00002273861884383166 @ 199056 35569 1
0.16653240386834583520 0.87496784990913889501 = -2.00003176015234274132 @ 199508 35695 1
0.49986249336842458746 0.37502922309083702723 = -2.00003265906439153810 @ 197320 35085 1
0.83349025476137039714 0.62500325058301753334 = -2.00003940126083179507 @ 192095 33632 1
0.16650602994589935868 0.37492035814189228482 = -2.00005928674561239689 @ 198809 35500 1
0.49974404793513654832 0.37500013725462666425 = -2.00010474454500375430 @ 198923 35532 1
0.83367102114471003382 0.62500859821539556105 = -2.00018253423411529468 @ 198688 35466 1
0.16623135888867868193 0.87500847955437766057 = -2.00030317825211945149 @ 197884 35243 1
0.95797175256256594800 0.63625523848228415780 = -17.67812659186495949371 @ 13838 3391 1
