-3.39511304790305779022 -3.31730698894526776499 2.34683605739897105380 2.06294365291322456812 4.37151446139427424242 = -0.00000000004697367520 @ 399366 141322 1
-3.39511304790305779022 -3.31730698894523268194 2.34683605739897105380 2.06294365291322456812 4.37151446139427424242 = -0.00000000004697367520 @ 398991 141208 1
-3.39511304790443357859 -3.31730698894523268194 2.34683605739897105380 2.06294365291322456812 4.37151446139427424242 = -0.00000000004697367522 @ 398800 141150 1
-3.39511304790443357859 -3.31730698894522246789 2.34683605739897105380 2.06294363186351192851 4.37151446139427424242 = -0.00000000004879765728 @ 399639 141406 1
-3.39511304790443357859 -3.31730698895588149711 2.34683605739897105380 2.06294363186351192851 4.37151446139427424242 = -0.00000000004879765800 @ 398047 140919 1
-1.56154468951262814791 4.40002075154414384883 3.28529463186306447398 -2.13274679933098676443 -3.67614063101254773258 = -0.00000000006346894757 @ 399549 141379 1
-1.56154468951262814791 4.40002075154414384883 3.28529463186306447398 -2.13274679933098676443 -3.67614063101254862076 = -0.00000000006346894757 @ 399538 141375 1
-1.56154468951262814791 4.40002075154414384883 3.28529463186307202349 -2.13274679933098676443 -3.67614063101254728849 = -0.00000000006346894757 @ 399501 141364 1
-1.56154468951262814791 4.40002075154414384883 3.28529463186307202349 -2.13274679933098676443 -3.67614063101254862076 = -0.00000000006346894757 @ 399518 141369 1
-1.56154467951351394461 4.40002075154414384883 3.28529463186307202349 -2.13274679933098676443 -3.67614063101254728849 = -0.00000000006363313041 @ 397651 140798 1
-1.56154467951351394461 4.40002075154414384883 3.28529463186307202349 -2.13274679932596633591 -3.67614063101254728849 = -0.00000000006363313073 @ 398687 141115 1
-1.56154467949272679483 4.40002075154414384883 3.28529463186307202349 -2.13274679933098676443 -3.67614063101254728849 = -0.00000000006363313358 @ 398303 140998 1
-1.56154467949190878251 4.40002075154414384883 3.28529463186307202349 -2.13274679933098676443 -3.67614063100696997211 = -0.00000000006363313397 @ 399006 141213 1
-3.39511304790443357859 -3.31730698895386133529 2.34683605739897105380 2.06294363186351192851 4.37151439064392555167 = -0.00000000006521589933 @ 398844 141163 1
-3.39511304790443357859 -3.31730698895395725856 2.34683605739897105380 2.06294363186351192851 4.37151439064392555167 = -0.00000000006521589933 @ 398183 140961 1
-3.39511304790351919891 -3.31730698895588149711 2.34683605739897105380 2.06294363186351192851 4.37151439064392555167 = -0.00000000006521589941 @ 398757 141136 1
-3.39511304805185876177 -3.31730698895588149711 2.34683605759289015680 2.06294363188951468402 4.37151439063025648579 = -0.00000000006521591917 @ 398056 140922 1
-3.39511304805185876177 -3.31730698895588149711 2.34683605759289015680 2.06294363188951468402 4.37151439063025648579 = -0.00000000006521591917 @ 399931 141496 1
-3.39511304805185876177 -3.31730698895588149711 2.34683605759289015680 2.06294363189907192790 4.37151439063025648579 = -0.00000000006521591953 @ 392925 139350 1
-3.39511304805185876177 -3.31730698895588149711 2.34683605759289015680 2.06294363189918072976 4.37151439063025648579 = -0.00000000006521591953 @ 398734 141129 1
-3.39511304273824610078 -3.31730698419493252871 2.34683605759290170312 2.06294363189907192790 4.37151439064820213076 = -0.00000000006567193082 @ 399991 141514 1
-3.39511304273824610078 -3.31730698419493252871 2.34683605759289015680 2.06294363189907192790 4.37151439064820213076 = -0.00000000006567193082 @ 399570 141385 1
-3.39511304273826119982 -3.31730698419493252871 2.34683605759289015680 2.06294363189907192790 4.37151439064819591351 = -0.00000000006567193082 @ 399815 141460 1
-1.56154467949190878251 4.40002075154413851976 3.28529460392500416432 -2.13274679933097877083 -3.67614063100696997211 = -0.00000000006670905067 @ 399571 141385 1
-1.56154467949190878251 4.40002075154414384883 3.28529460392500416432 -2.13274679933097877083 -3.67614063100696997211 = -0.00000000006670905067 @ 399515 141368 1
-1.56154467949190878251 4.40002075154414384883 3.28529460392500416432 -2.13274679933098676443 -3.67614063100696997211 = -0.00000000006670905067 @ 399395 141331 1
-3.39511310962420997939 -3.31730720850965798974 2.34683585014121254275 2.06294363787986334557 4.37151440282287584438 = -0.00000000006703976688 @ 397541 140764 1
-3.39511310996854343003 -3.31730720850965798974 2.34683585014121254275 2.06294363787986334557 4.37151440282287584438 = -0.00000000006703977687 @ 397037 140609 1
-3.39511310996854343003 -3.31730719690140185563 2.34683584968365366308 2.06294364345956271478 4.37151439943902264673 = -0.00000000006749554247 @ 395544 140152 1
-3.39511310996854343003 -3.31730720841895276862 2.34683584968365366308 2.06294364362140836278 4.37151439956984066981 = -0.00000000006749597851 @ 395610 140172 1
-1.56154467948309583214 4.40002075154414384883 3.28529446617786291540 -2.13274679933098676443 -3.67614063679211033886 = -0.00000000008825719547 @ 399551 141379 1
-1.56154467948309583214 4.40002075154414384883 3.28529446617786291540 -2.13274679933098676443 -3.67614063679211033886 = -0.00000000008825719547 @ 399894 141485 1
-1.56154467948309583214 4.40002071369286174018 3.28529446617786291540 -2.13274679935491651150 -3.67614063101254728849 = -0.00000000008842159366 @ 398983 141206 1
-1.56154467611575675789 4.40002075154433036630 3.28529446617786202722 -2.13274679932652899694 -3.67614063101254817667 = -0.00000000008922716007 @ 399579 141388 1
-1.56154467611575675789 4.40002075154433036630 3.28529446617786291540 -2.13274679932652899694 -3.67614063101254817667 = -0.00000000008922716007 @ 399537 141375 1
-1.56154467946117136989 4.40002075154419891589 3.28529446617786202722 -2.13274679931620969597 -3.67614063101262278366 = -0.00000000008922720509 @ 399416 141338 1
-1.56154467946117136989 4.40002075154414384883 3.28529446617786291540 -2.13274679931619681739 -3.67614063101254817667 = -0.00000000008922720511 @ 399657 141412 1
-1.56154467946117136989 4.40002075154414384883 3.28529446617786291540 -2.13274679931619681739 -3.67614063101254728849 = -0.00000000008922720511 @ 399393 141331 1
-1.56154467946117136989 4.40002075153802518770 3.28529446617786291540 -2.13274679931620969597 -3.67614063101254728849 = -0.00000000008922720522 @ 398482 141052 1
-1.56154467943717567557 4.40002075154433036630 3.28529446617786291540 -2.13274679932652899694 -3.67614063101254817667 = -0.00000000008922720691 @ 399496 141362 1
-1.56154467943717567557 4.40002075154433036630 3.28529446617786291540 -2.13274679932652899694 -3.67614063101254817667 = -0.00000000008922720691 @ 399752 141441 1
-1.56154467943717567557 4.40002075154433036630 3.28529446617786291540 -2.13274679932652899694 -3.67614063101254817667 = -0.00000000008922720691 @ 399916 141491 1
-1.56154467948309583214 4.40002075154414384883 3.28529446617786291540 -2.13274679933098676443 -3.67614063101254728849 = -0.00000000008922720735 @ 396809 140539 1
-1.56154467946144004387 4.40002075154414740155 3.28529446613867737170 -2.13274679932191579823 -3.67614063101254728849 = -0.00000000008922720910 @ 399270 141293 1
-1.56154467946133324041 4.40002075154414740155 3.28529446613867737170 -2.13274679932191579823 -3.67614063101254728849 = -0.00000000008922720910 @ 398902 141181 1
-1.56154467946116048971 4.40002075154414740155 3.28529446613867737170 -2.13274679932191579823 -3.67614063101254728849 = -0.00000000008922720910 @ 399506 141365 1
-1.56154467948309583214 4.40002075154414384883 3.28529446540461922410 -2.13274679933098676443 -3.67614063101254728849 = -0.00000000008922726563 @ 399839 141468 1
-1.56154467948309583214 4.40002075154414384883 3.28529446617786291540 -2.13274683699508305068 -3.67614063101254728849 = -0.00000000009764938908 @ 398297 140996 1
-3.39511318307740062039 -3.31730698419493252871 2.34683579809070774758 2.06294340914967033740 4.37151439013571341263 = -0.00000000014912461294 @ 397396 140720 1
-3.39511318307738108047 -3.31730698419493252871 2.34683579809070774758 2.06294340914967033740 4.37151439013571341263 = -0.00000000014912461294 @ 399363 141322 1
-3.39511303989482149390 -3.31730699169915155267 2.34683580957504123177 2.06294343444182759484 4.37151518555655638210 = -0.00000000018014644093 @ 399497 141363 1
-3.39511303989482149390 -3.31730699169915155267 2.34683580957504123177 2.06294343444182759484 4.37151518555655638210 = -0.00000000018014644093 @ 399595 141393 1
-3.39511304002619951348 -3.31730699169536569215 2.34683579799472230576 2.06294343441441840881 4.37151518560594176677 = -0.00000000018242690738 @ 399159 141259 1
-3.39511304002619951348 -3.31730699169536569215 2.34683579799472230576 2.06294343441441840881 4.37151518560594176677 = -0.00000000018242690738 @ 399873 141478 1
-3.39511304002576252969 -3.31730699169536569215 2.34683579799472230576 2.06294343441542604722 4.37151518560594176677 = -0.00000000018242690749 @ 399151 141257 1
-3.39511304002576252969 -3.31730699169536569215 2.34683579799472230576 2.06294343441542604722 4.37151518560594354312 = -0.00000000018242690749 @ 399587 141390 1
-3.39511304002576252969 -3.31730699169536569215 2.34683579799472230576 2.06294343441551264462 4.37151518560594176677 = -0.00000000018242690752 @ 399415 141338 1
-3.39511304002576475014 -3.31730699169536569215 2.34683579799472230576 2.06294343441551264462 4.37151518560594176677 = -0.00000000018242690752 @ 399556 141381 1
-3.39511304002576252969 -3.31730699169536569215 2.34683579799472230576 2.06294343441552108231 4.37151518560594176677 = -0.00000000018242690752 @ 398811 141153 1
-3.39511303989482149390 -3.31730699169536569215 2.34683579806976627680 2.06294343444182759484 4.37151518556809737248 = -0.00000000018242691202 @ 397454 140738 1
-3.39511304002619951348 -3.31730699169536569215 2.34683579798296193530 2.06294343444182759484 4.37151518560594176677 = -0.00000000018242691283 @ 397545 140766 1
-3.39511303989482149390 -3.31730699169536569215 2.34683579806974407234 2.06294343444182759484 4.37151518560631391352 = -0.00000000018242691367 @ 398857 141167 1
-3.39511304000400215841 -3.31730699169536569215 2.34683579809070774758 2.06294343444182759484 4.37151518555633256113 = -0.00000000018242692858 @ 399255 141289 1
4.14125636871145008655 2.47701197384590621198 2.66982004443518317061 -4.52234806094803953869 3.63900429368477595915 = -0.00000000023292176458 @ 398979 141204 1
4.14125636871145008655 2.47701197384590621198 2.66982004443518317061 -4.52234806094803953869 3.63900429368477595915 = -0.00000000023292176458 @ 399861 141474 1
4.14125636871145008655 2.47701197384590621198 2.66982004443518317061 -4.52234806094803953869 3.63900429368477595915 = -0.00000000023292176458 @ 399902 141487 1
4.14125636871145008655 2.47701197384590621198 2.66982004443518317061 -4.52234806094803953869 3.63900429368477595915 = -0.00000000023292176458 @ 399908 141489 1
4.14125636871145008655 2.47701197384590621198 2.66982004443518317061 -4.52234806094803953869 3.63900429368477595915 = -0.00000000023292176458 @ 399995 141516 1
-1.56154468122659895180 4.40001986015517232431 3.28529447972412436130 -2.13274679707783931804 -3.67614062899524274286 = -0.00000000023915248240 @ 399296 141301 1
-1.56154468125662981848 4.40001986015517232431 3.28529447068526714304 -2.13274679707783931804 -3.67614062899524274286 = -0.00000000023995842709 @ 397138 140640 1
-1.56154468125662981848 4.40001986015517232431 3.28529447068526714304 -2.13274679707783931804 -3.67614062899524274286 = -0.00000000023995842709 @ 399784 141451 1
-1.56154389748785016323 4.40002047096042048224 3.28529438194169776111 -2.13274675181277384439 -3.67614062905775451640 = -0.00000000025062706686 @ 398147 140950 1
-1.56154389748785016323 4.40002047096042048224 3.28529438193424416781 -2.13274675181277384439 -3.67614062905775451640 = -0.00000000025062706821 @ 396067 140313 1
-1.56154389796700932003 4.40002047096042048224 3.28529438185932587402 -2.13274675181277384439 -3.67614062908830740994 = -0.00000000025062717355 @ 398251 140982 1
-1.56154468159574122410 4.40001976048055354340 3.28529517138876236970 -2.13274679709022629837 -3.67614062899524274286 = -0.00000000025665690043 @ 398172 140957 1
-1.56154468159574122410 4.40001976048055354340 3.28529517138876236970 -2.13274679709022629837 -3.67614062899524274286 = -0.00000000025665690043 @ 399743 141438 1
4.14125636871145008655 2.47701197384568239102 2.66982044694083420211 -4.52234799057772907105 3.63900429368925815155 = -0.00000000026581028821 @ 399302 141303 1
4.14125636871145008655 2.47701197384568239102 2.66982044694083420211 -4.52234799057772907105 3.63900429368925815155 = -0.00000000026581028821 @ 399801 141456 1
4.14125636871145008655 2.47701197384568239102 2.66982044694083420211 -4.52234799057772907105 3.63900429368925815155 = -0.00000000026581028821 @ 399973 141509 1
4.14125636871144831019 2.47701197384568239102 2.66982044694083420211 -4.52234799057772907105 3.63900429368925815155 = -0.00000000026581028821 @ 399732 141435 1
4.14125636871144831019 2.47701197384568239102 2.66982044694083420211 -4.52234799057772907105 3.63900429368925815155 = -0.00000000026581028821 @ 399842 141468 1
4.14125636871145008655 2.47701197384568283510 2.66982044694101228188 -4.52234799057773084741 3.63900429368925815155 = -0.00000000026581028824 @ 399706 141427 1
4.14125636871145008655 2.47701197379377546781 2.66982044711334065568 -4.52234806094627295181 3.63900429294749949705 = -0.00000000026896377605 @ 399547 141378 1
4.14125636871145008655 2.47701197379377546781 2.66982044711335353426 -4.52234806094627295181 3.63900429294749949705 = -0.00000000026896377605 @ 399719 141431 1
4.14125636871242974735 2.47701197379377546781 2.66982044711334065568 -4.52234806094627295181 3.63900429292401117465 = -0.00000000026896377840 @ 399543 141377 1
4.14125636871242974735 2.47701197379377546781 2.66982044711334065568 -4.52234806094627295181 3.63900429292401206283 = -0.00000000026896377840 @ 397423 140728 1
4.14125636871242974735 2.47701197379377546781 2.66982044711334065568 -4.52234806094627295181 3.63900429292401206283 = -0.00000000026896377840 @ 399679 141418 1
4.14125636871242974735 2.47701197379377546781 2.66982044711335220200 -4.52234806094627295181 3.63900429292391125458 = -0.00000000026896377841 @ 399408 141335 1
4.14125636871145008655 2.47701197372713899370 2.66982044711334065568 -4.52234806093974039953 3.63900429368925815155 = -0.00000000026941432338 @ 398932 141190 1
4.14125636871145008655 2.47701197384590621198 2.66982044694101228188 -4.52234806094803953869 3.63900429368477595915 = -0.00000000026941432489 @ 398539 141070 1
4.14125636871145008655 2.47701197384590621198 2.66982044694101228188 -4.52234806094803953869 3.63900429368477595915 = -0.00000000026941432489 @ 399938 141498 1
4.14125636871145008655 2.47701197379377546781 2.66982044711344723709 -4.52234806094627295181 3.63900429368925815155 = -0.00000000026941432991 @ 398997 141210 1
4.14125636861493529040 2.47701197379377546781 2.66982044706536436607 -4.52234806094627295181 3.63900429368925815155 = -0.00000000026941433311 @ 396715 140511 1
4.14125636861493529040 2.47701197379377546781 2.66982044706536436607 -4.52234806094627295181 3.63900429368925815155 = -0.00000000026941433311 @ 399879 141480 1
-1.56154468159574122410 4.40001976050307952448 3.28529447068526714304 -2.13274679698955837992 -3.67614062899549853825 = -0.00000000028027026965 @ 398886 141176 1
-1.56154468159574122410 4.40001976050307952448 3.28529447068526714304 -2.13274679709022629837 -3.67614062899524274286 = -0.00000000028027030958 @ 396893 140565 1
-3.39511294569309640679 -3.31730643241335343419 2.34683591476960851097 2.06294381811042226715 4.37151546577724392506 = -0.00000000049075320172 @ 397710 140816 1
-3.39511294559942022886 -3.31730643241335343419 2.34683590894113747183 2.06294381867998088964 4.37151546401311641432 = -0.00000000049075330256 @ 397245 140673 1
-3.39511294559942022886 -3.31730643241335343419 2.34683590892264071215 2.06294381867998088964 4.37151546401355517446 = -0.00000000049075330299 @ 397848 140858 1
4.14125695396108728374 2.47701174826544123775 2.66981990941936375705 -4.52234811135644410029 3.63900253028369879971 = -0.00000000072039942947 @ 399606 141396 1
4.14125695396108728374 2.47701174826544123775 2.66981990941936375705 -4.52234811135644410029 3.63900253028369879971 = -0.00000000072039942947 @ 399805 141457 1
4.14125695396109527735 2.47701174826544123775 2.66981990941936375705 -4.52234811135644410029 3.63900253028369879971 = -0.00000000072039942947 @ 399221 141278 1
4.14125695397398807529 2.47701174605026519515 2.66981990941928382099 -4.52234811135644410029 3.63900253028369879971 = -0.00000000072039950978 @ 399890 141483 1
4.14125695396109527735 2.47701174605025853381 2.66981990941928382099 -4.52234811135644410029 3.63900253028369879971 = -0.00000000072039951029 @ 399355 141319 1
4.14125695396109527735 2.47701174605026519515 2.66981990941928382099 -4.52234811135644410029 3.63900253028369879971 = -0.00000000072039951029 @ 399512 141367 1
4.14125695396109527735 2.47701174605026519515 2.66981990941928382099 -4.52234811135644410029 3.63900253028369879971 = -0.00000000072039951029 @ 399566 141384 1
4.14125695396109527735 2.47701174606528073951 2.66981990941928382099 -4.52234811135644410029 3.63900253028369879971 = -0.00000000072039951076 @ 399958 141504 1
4.14125695396109527735 2.47701174605025853381 2.66981990941936375705 -4.52234811135181224984 3.63900253028570697111 = -0.00000000072039951156 @ 398332 141006 1
4.14125695396109527735 2.47701174605025853381 2.66981990941936375705 -4.52234811133533298744 3.63900252980243354983 = -0.00000000072085003689 @ 397217 140665 1
-1.56154389717431119067 4.40001974409747820260 3.28529436276138708806 -2.13274663937199715491 -3.67614180691483838359 = -0.00000000072510085638 @ 396818 140542 1
4.14125695396256343628 2.47701174604984286631 2.66981990941780278348 -4.52234811135181224984 3.63900251394247442605 = -0.00000000073797010438 @ 399471 141355 1
4.14125695396109527735 2.47701174605025853381 2.66981971188981326293 -4.52234811133533298744 3.63900253030441378499 = -0.00000000077221032319 @ 398170 140957 1
4.14125695396109527735 2.47701174605025853381 2.66981971188981326293 -4.52234811133533298744 3.63900253031042275609 = -0.00000000077221032337 @ 398201 140966 1
4.14125632295385148751 2.47701176500238995359 2.66981990934933799409 -4.52234810230512884743 3.63900253057681366542 = -0.00000000086861193720 @ 397112 140632 1
4.14125632295385148751 2.47701176500238995359 2.66981990941922431304 -4.52234810230058847935 3.63900253057654587963 = -0.00000000086861196349 @ 398198 140965 1
4.14125663204472616030 2.47701136293789447862 2.66982000836736022009 -4.52234766266311982719 3.63900243419129987288 = -0.00000000095512418483 @ 395305 140079 1
4.14125663516516340223 2.47701135780420411692 2.66982000828015042515 -4.52234766266311982719 3.63900243419129987288 = -0.00000000095602542608 @ 393241 139447 1
4.14125670007973489817 2.47701079742469953970 2.66982003828829972392 -4.52234898060148537979 3.63900282991256762699 = -0.00000000127137603954 @ 393426 139503 1
4.14125670007973489817 2.47701079742469953970 2.66982003872458184546 -4.52234898240181948381 3.63900282991256762699 = -0.00000000127317829137 @ 395846 140245 1
-1.56154374953514496482 4.40001973562482984192 3.28529457294636673126 -2.13274809985711977234 -3.67614197874250203668 = -0.00000000155305530830 @ 395816 140236 1
1.75774320284340324072 1.59573860573335002400 -4.30893248535035677804 -2.48506008415721835192 0.36137223856146710732 = -0.00000000178395797222 @ 397304 140692 1
1.75774320284340324072 1.59573860573071524271 -4.30893248535004236288 -2.48506008415721835192 0.36137223852634664523 = -0.00000000178395801869 @ 398874 141172 1
1.75774320284340324072 1.59573860573071524271 -4.30893248535004236288 -2.48506008415721835192 0.36137223852634664523 = -0.00000000178395801869 @ 399773 141447 1
1.75774320284340324072 1.59573860573071524271 -4.30893248535004236288 -2.48506008415721835192 0.36137223852634603460 = -0.00000000178395801870 @ 399806 141457 1
1.75774320284340324072 1.59573860573335002400 -4.30893248535035677804 -2.48506008415721835192 0.36137223852634664523 = -0.00000000178395802377 @ 398027 140913 1
1.75774351992785948795 1.59573571954703541387 -4.30893228709364528584 -2.48505647481777591778 0.36137225531226518926 = -0.00000000195630290423 @ 399789 141452 1
1.75774351992785948795 1.59573571954703541387 -4.30893228709364528584 -2.48505647481777591778 0.36137225531226518926 = -0.00000000195630290423 @ 399972 141508 1
1.75774351992785948795 1.59573571954703541387 -4.30893228709364528584 -2.48505647481777547370 0.36137225531226518926 = -0.00000000195630290423 @ 399372 141324 1
1.75774351992785948795 1.59573571954703541387 -4.30893228709364528584 -2.48505647481777547370 0.36137225531226518926 = -0.00000000195630290423 @ 399761 141444 1
1.75774351992785948795 1.59573571957545645716 -4.30893230894066370240 -2.48505647482370894963 0.36137225532318351107 = -0.00000000196713613094 @ 399070 141232 1
1.75774351992785948795 1.59573571957545645716 -4.30893230894066370240 -2.48505647482370894963 0.36137225532318351107 = -0.00000000196713613094 @ 399984 141512 1
1.75774351992785948795 1.59573571957545645716 -4.30893230894066459058 -2.48505647482370894963 0.36137225532318351107 = -0.00000000196713613094 @ 399616 141399 1
1.75774351992785948795 1.59573571957545645716 -4.30893230893450418506 -2.48505647482338209997 0.36137225531226518926 = -0.00000000196713613431 @ 398948 141195 1
1.75774351992787103427 1.59573571954703541387 -4.30893230893592527053 -2.48505647481249924979 0.36137225531226518926 = -0.00000000196713613461 @ 399411 141336 1
1.75774351992785948795 1.59573571954703585796 -4.30893230893592527053 -2.48505647481249924979 0.36137225531226518926 = -0.00000000196713613462 @ 399680 141419 1
1.75774351992785948795 1.59573571954703541387 -4.30893230893592527053 -2.48505647481249924979 0.36137225531226518926 = -0.00000000196713613462 @ 398034 140915 1
1.75774351992785948795 1.59573571954703541387 -4.30893230893592527053 -2.48505647481259162035 0.36137225531226518926 = -0.00000000196713613463 @ 399156 141258 1
1.75774351992785948795 1.59573571954703541387 -4.30893230893592527053 -2.48505647481259162035 0.36137225531226518926 = -0.00000000196713613463 @ 399711 141428 1
1.75774351992786015408 1.59573571954703541387 -4.30893230893614376242 -2.48505647481777547370 0.36137225531228323039 = -0.00000000196713613477 @ 399627 141402 1
1.75774351992785948795 1.59573571954703541387 -4.30893230893614376242 -2.48505647481777547370 0.36137225531226518926 = -0.00000000196713613479 @ 398497 141057 1
1.75774351992785948795 1.59573571957546778144 -4.30893230893592527053 -2.48505647482337233001 0.36137225531226518926 = -0.00000000196713613544 @ 399611 141397 1
1.75774320510634218806 1.59573581822713794764 -4.30893173519738592603 -2.48506008287304691606 0.36137224536273421238 = -0.00000000223907443041 @ 399258 141289 1
1.75774320510634218806 1.59573581822713794764 -4.30893173519733085897 -2.48506008287304691606 0.36137224536273421238 = -0.00000000223907443051 @ 399423 141340 1
1.75774320510634218806 1.59573581822713794764 -4.30893173519738592603 -2.48506008287290347525 0.36137224536273421238 = -0.00000000223907443054 @ 399186 141267 1
1.75774320510634218806 1.59573573757630127190 -4.30893173519738592603 -2.48506008287299673398 0.36137224522722882769 = -0.00000000234321848121 @ 399883 141481 1
1.75774320510634218806 1.59573573757630127190 -4.30893173519738592603 -2.48506008287299673398 0.36137224522722882769 = -0.00000000234321848121 @ 399920 141493 1
1.75774320510634218806 1.59573573759381215353 -4.30893173521232775158 -2.48506008287299673398 0.36137224536330148084 = -0.00000000234321852631 @ 398827 141158 1
1.75774320510634218806 1.59573573758620379515 -4.30893173521154970729 -2.48506008287299673398 0.36137224536330148084 = -0.00000000234321853708 @ 397915 140879 1
1.75774320510634218806 1.59573573757630127190 -4.30893173519738592603 -2.48506008287299673398 0.36137224537531004165 = -0.00000000234321855461 @ 398356 141014 1
1.75774320510634218806 1.59573573759652598270 -4.30893172829571913240 -2.48506008394991528831 0.36137224645405691126 = -0.00000000234321948356 @ 398046 140919 1
1.75774320510634218806 1.59573573761118470138 -4.30893172824937398246 -2.48506008394991528831 0.36137224643533955026 = -0.00000000234321949006 @ 397808 140846 1
1.75774320510634218806 1.59573573760509290764 -4.30893172830341342205 -2.48506008394991528831 0.36137224643533955026 = -0.00000000234321951863 @ 398493 141056 1
1.75774320511595538719 1.59573573761118470138 -4.30893172830157400455 -2.48506008394991528831 0.36137224643533955026 = -0.00000000234321954047 @ 397831 140853 1
1.75774320511671966472 1.59573573759652598270 -4.30893172830157400455 -2.48506008420102197931 0.36137224643563203852 = -0.00000000234321970126 @ 398981 141205 1
-3.39511283628083582187 -3.31730645871121510027 2.34683581602863222670 2.06294437115210671507 4.37151241025289571951 = -0.00000000259429159837 @ 395938 140273 1
-3.39511283628083582187 -3.31730645871121510027 2.34683581604514079899 2.06294437115210671507 4.37151241025289571951 = -0.00000000259429160659 @ 397430 140731 1
-3.39511283628083582187 -3.31730645870649087925 2.34683581604514079899 2.06294437115210671507 4.37151241025289571951 = -0.00000000259429162792 @ 398402 141028 1
-3.39511283776595185202 -3.31730645871121510027 2.34683581635811444599 2.06294437115210671507 4.37151241025289571951 = -0.00000000259429208998 @ 396495 140443 1
1.75774320284340324072 1.59573573546515579125 -4.30893248535035677804 -2.48506008415909196430 0.36137223856146710732 = -0.00000000273116415499 @ 397870 140865 1
1.75774320284340324072 1.59573573546515579125 -4.30893248535035677804 -2.48506008414408663398 0.36137223856146710732 = -0.00000000273116419099 @ 397992 140902 1
-1.56154374925271688390 4.40002079097762521798 3.28529433222718036944 -2.13274672410517007748 -3.67613743985853691498 = -0.00000000275196730333 @ 397782 140838 1
-1.56154374925271688390 4.40002079097762521798 3.28529433222718036944 -2.13274672410417176494 -3.67613743985857599483 = -0.00000000275196730353 @ 399200 141272 1
1.75774351992785948795 1.59573571958398408022 -4.30893230893013612359 -2.48505560947581027875 0.36137225531221878194 = -0.00000000298253256159 @ 399344 141316 1
1.75774351992785948795 1.59573571958398408022 -4.30893230893013612359 -2.48505560947581027875 0.36137225531221878194 = -0.00000000298253256159 @ 399850 141471 1
1.75774351989981636457 1.59573783677542269110 -4.30893231402419996101 -2.48505514914774261470 0.36137225544605627858 = -0.00000000368839013593 @ 399011 141214 1
-3.39511321372457519630 -3.31730406086407114685 2.34683601963148813496 2.06294346043927045997 4.37151240697723597606 = -0.00000000626651210257 @ 397903 140875 1
-1.56154454849595003552 4.40001585377383186426 3.28529410005855959653 -2.13274495335582514599 -3.67613846478354355796 = -0.00000000703049190186 @ 391204 138821 1
-1.56154374925271688390 4.40002584549641717615 3.28529410005855959653 -2.13274745390906028675 -3.67614375275089155792 = -0.00000000877921727379 @ 383273 136369 1
4.14125530178643685986 2.47701238556234892840 2.66982094019666371665 -4.52234369189991713966 3.63900240462368929073 = -0.00000000970388329095 @ 388124 137872 1
-1.56154468008166502635 4.40002584549641717615 3.28529339601105974111 -2.13274737547144210836 -3.67613695790738725933 = -0.00000001010723575982 @ 396110 140326 1
1.75774428049603415047 1.59573994555236242654 -4.30893736429474749627 -2.48505458881799956572 0.36137160045713484502 = -0.00000001643446334986 @ 391843 139018 1
4.14126488428780348272 2.47701419272089795598 2.66982094019666371665 -4.52235071201164462451 3.63900191958079055610 = -0.00000003278034733801 @ 391552 138928 1
4.14125627898600079391 2.47701507787310992725 2.66982102747053273717 -4.52235781005901582574 3.63900244996345589854 = -0.00000004496490976852 @ 388837 138092 1
-1.56154448162426051638 4.40001949229568101174 3.28531258093093514461 -2.13274495335582514599 -3.67613846478354355796 = -0.00000007727703787499 @ 392784 139306 1
-3.39511993508687837107 -3.31730886822853365814 2.34683606846985970407 2.06294374572843963733 4.37150132591359774636 = -0.00000009433938051434 @ 395459 140126 1
-3.39511993508687837107 -3.31730886822853365814 2.34683606846985970407 2.06294374573488603630 4.37150132591359774636 = -0.00000009433938070092 @ 398525 141065 1
-3.39511993575266624035 -3.31730886822853365814 2.34683606846985970407 2.06294374572843963733 4.37150132591359774636 = -0.00000009434346850876 @ 399723 141432 1
4.14124777014016132171 2.47700396495140751085 2.66981040374210776278 -4.52234454925758910804 3.63900078523433112565 = -0.00000010595950156986 @ 395628 140178 1
-3.39511334725183022698 -3.31730080619583400647 2.34683676678153219086 2.06292747447950297612 4.37152223218293656259 = -0.00000014903545841936 @ 396324 140391 1
1.75774392388436973000 1.59575470503854854876 -4.30895112737555852078 -2.48506962452600621560 0.36137540549503210929 = -0.00000021823560978466 @ 396976 140591 1
1.75774392388436973000 1.59575470503854854876 -4.30895112737555852078 -2.48506962452600621560 0.36137540564276932065 = -0.00000021823632371363 @ 395124 140024 1
1.75773932946403466104 1.59572002887216068956 -4.30896434690407303947 -2.48504588202375531480 0.36137313911744123329 = -0.00000042974565902766 @ 399594 141392 1
1.75773932946403466104 1.59572002887216068956 -4.30896434690407303947 -2.48504588202376019979 0.36137313911744123329 = -0.00000042974565902892 @ 395522 140145 1
1.75773932946403466104 1.59572002887693753514 -4.30896434690407303947 -2.48504588202376019979 0.36137313911744123329 = -0.00000042974565937043 @ 397939 140886 1
4.14124792804128194490 2.47700998216286771836 2.66982826375529214147 -4.52230739490878885789 3.63900240462368929073 = -0.00000072980131232330 @ 385274 136990 1
1.75770815381126088717 1.59572783460829992208 -4.30896425029697205389 -2.48500084739275761692 0.36137595724325921598 = -0.00000166615503496285 @ 387201 137586 1
-1.56154374925271688390 4.39999855792513638875 3.28528438750414997216 -2.13272687131059779375 -3.67622281120495442153 = -0.00000179287071226041 @ 395919 140267 1
1.75767948108162030962 1.59574772168287504215 -4.30895093638629056443 -2.48509869791163184871 0.36133991524312264465 = -0.00000205043861179108 @ 396839 140549 1
-1.56154622369061879539 4.39999976409600090932 3.28530945000562280001 -2.13265526870814881022 -3.67614182346025719639 = -0.00000208990802837308 @ 397334 140701 1
-3.39511305443206445887 -3.31730636570754855441 2.34683587771551138701 2.06294381245784963497 4.37138643551690186939 = -0.00000675900903469809 @ 388562 138007 1
4.14123694567353695106 2.47695900485938391711 2.66966965096261521495 -4.52237976277960207483 3.63901239371106832721 = -0.00001092295202763753 @ 397866 140864 1
-1.56154374925271688390 4.40024210235986767970 3.28528905279382410498 -2.13276821433511365456 -3.67612881054680862292 = -0.00001138463535314387 @ 376848 134408 1
-1.56154468157913939308 4.40002584124835660617 3.28529339601105974111 -2.13274737227037602949 -3.67589298262472841117 = -0.00001417045972797358 @ 395694 140198 1
-1.56154468157694070740 4.40002584101649585335 3.28529339600562320101 -2.13274737227037602949 -3.67589298262472841117 = -0.00001417046011231110 @ 398925 141188 1
1.75783678352120298349 1.59579707090498401634 -4.30893905994350046029 -2.48506155757833502307 0.36156524352888741447 = -0.00001449140475431735 @ 389484 138292 1
-1.56127459821245984095 4.40001374467199468654 3.28531275556636792601 -2.13268260632274664346 -3.67614047325908410713 = -0.00001789804393530897 @ 396213 140357 1
-1.56127459793488188033 4.40001374467199468654 3.28531274043365950632 -2.13268260407270737744 -3.67614047325908410713 = -0.00001789807427357708 @ 398924 141188 1
-1.56154205244620425397 4.39991825237065192766 3.28532056577981101952 -2.13302087715427912684 -3.67618583790968811442 = -0.00002061928463390993 @ 398312 141000 1
-1.56154205245489707821 4.39991825237065192766 3.28532056577981101952 -2.13302087812197482819 -3.67618583790968811442 = -0.00002061940806182691 @ 399051 141226 1
-1.56154390198406400891 4.40001969756217459206 3.28529436276138708806 -2.13242749228111216908 -3.67614198515824153191 = -0.00002365624390130476 @ 397471 140743 1
-1.56154390198406400891 4.40001969755992572431 3.28529436276138708806 -2.13242749226861549872 -3.67614198515824153191 = -0.00002365624690611266 @ 398659 141106 1
1.75774335969752493192 1.59573528645162809880 -4.30857920919461445664 -2.48507913576248595788 0.36137223859320904973 = -0.00003253996835193937 @ 398408 141030 1
1.75774335969768502608 1.59573528645162809880 -4.30857920919461445664 -2.48507913576248595788 0.36137223859320904973 = -0.00003253996835219124 @ 398884 141175 1
1.75774335969752493192 1.59573528645301809803 -4.30857920919461445664 -2.48507913576248595788 0.36137223859320904973 = -0.00003253996836131776 @ 398777 141142 1
1.75774335969752493192 1.59573528645162809880 -4.30857920919461445664 -2.48507913576248595788 0.36137225851499726881 = -0.00003254011673854846 @ 398104 140937 1
1.75774335974386808346 1.59573529986724071961 -4.30857920902830215937 -2.48507913575998129474 0.36137226287612311815 = -0.00003254029853188001 @ 396873 140559 1
-3.39515866609807615006 -3.31730946346892308085 2.34683972127732864976 2.06296722276164334886 4.37179931793035958520 = -0.00003435540074610091 @ 381673 135870 1
1.75805339536132998468 1.59575374510286360774 -4.30882520126502832625 -2.48498467120085653193 0.36127484468178622246 = -0.00003437182295618991 @ 393156 139421 1
1.75805339541121830038 1.59575374510286360774 -4.30882520126502832625 -2.48498467120085653193 0.36127484468178622246 = -0.00003437183075165342 @ 396930 140577 1
1.75775055509138788956 1.59542840607098335148 -4.30892587581240249506 -2.48506361706508061005 0.36137540796969047641 = -0.00003456357966861994 @ 383629 136479 1
1.75774130470261402692 1.59574965259645074056 -4.30932244670912112383 -2.48505313803040461806 0.36138835495630938777 = -0.00004001633941099589 @ 398893 141178 1
1.75774130470261402692 1.59574965259645074056 -4.30932244670912112383 -2.48505313803040461806 0.36138835495630938777 = -0.00004001633941099589 @ 399699 141424 1
1.75774130470261402692 1.59574965259645074056 -4.30932244670912112383 -2.48505313803040372989 0.36138835495630938777 = -0.00004001633941101271 @ 399514 141368 1
1.75774130470261402692 1.59574965259881751400 -4.30932244670909803119 -2.48505313803040461806 0.36138835495661736363 = -0.00004001633960425848 @ 399493 141361 1
1.75774130470261402692 1.59574965259881751400 -4.30932244670980413304 -2.48505313803040461806 0.36138835495630938777 = -0.00004001633960455547 @ 398469 141048 1
4.14127103265346185879 2.47671511265405719371 2.66984086976460233132 -4.52238993053595272897 3.63917042374706278807 = -0.00004796112553233507 @ 390015 138455 1
1.75781779720186892568 1.59612084413407595562 -4.30894459753412029102 -2.48500934053269295632 0.36137540796969047641 = -0.00005511196560519645 @ 390390 138571 1
1.75766298740081516883 1.59584986640108184019 -4.30894457321656521032 -2.48545319532707376098 0.36121489802690431858 = -0.00005606541359750347 @ 396423 140422 1
1.75766218578210264845 1.59584986640108184019 -4.30894457321656521032 -2.48545319532707376098 0.36121489802690431858 = -0.00005609315142654374 @ 391400 138881 1
-1.56154374925271688390 4.39999741625616724860 3.28474014530536662093 -2.13284521018884509758 -3.67614315065565877561 = -0.00007623529612581951 @ 394653 139879 1
4.14121460969106802708 2.47700998216286771836 2.66941185750782050690 -4.52220561234671869499 3.63900206409561999266 = -0.00007658452709300830 @ 392445 139202 1
-1.56156739354573148582 4.40049403868185073918 3.28559895148007496957 -2.13268447298639962639 -3.67627591608248627253 = -0.00007889752348997270 @ 387017 137529 1
4.14129332063764721283 2.47718131748228609368 2.66955322177753417989 -4.52240660015908435554 3.63934942087704360603 = -0.00009094479291169086 @ 397195 140658 1
4.14126112476382512995 2.47698764847389174548 2.66984086976460233132 -4.52287798046019950959 3.63900917056988237874 = -0.00011440383591268851 @ 393293 139463 1
1.75743618578841753752 1.59561672656987263430 -4.30901544933580815666 -2.48450191387210805871 0.36125490652861091956 = -0.00013004677240091665 @ 398656 141105 1
-1.56156510485616117911 4.40000160693724762240 3.28603429021894211104 -2.13281837123973572190 -3.67614359685265146283 = -0.00013076745394889811 @ 395994 140290 1
-1.56156510485616117911 4.40000160693724762240 3.28603429021894211104 -2.13281837123973572190 -3.67614359685306313352 = -0.00013076745396657216 @ 398535 141068 1
-1.56156594748955468432 4.40000160693724762240 3.28603429021894211104 -2.13281841564839069747 -3.67614359668538703829 = -0.00013077689393442806 @ 390366 138564 1
1.75778467208615096773 1.59596078388067752485 -4.30855139995620461946 -2.48517231488499223957 0.36081951157795810747 = -0.00015321705638781565 @ 399101 141242 1
1.75778467208615096773 1.59596078388067752485 -4.30855139995620461946 -2.48517231488499223957 0.36081951157795810747 = -0.00015321705638781565 @ 399993 141515 1
1.75778467208615096773 1.59596078388067752485 -4.30855139995620461946 -2.48517231488499223957 0.36081951157781133599 = -0.00015321705638867371 @ 397386 140717 1
-1.56156739354573148582 4.40013286073258225173 3.28536041914029253164 -2.13361175567931882213 -3.67627939764278144352 = -0.00018318587802931052 @ 398212 140970 1
-1.56156739354573148582 4.40013286073258225173 3.28536041914029075528 -2.13361175567931882213 -3.67627939764279654256 = -0.00018318587803055255 @ 399625 141402 1
-1.56156739354573148582 4.40013286058351749119 3.28536041931970190788 -2.13361175568356875587 -3.67627939764278144352 = -0.00018318591103852396 @ 397761 140832 1
4.14126452536702505114 2.47695900661827250744 2.67024774144042709167 -4.52275986267556096010 3.63934158126645712628 = -0.00019049628373472697 @ 397641 140795 1
4.14126452536702505114 2.47695900661827250744 2.67024774144042709167 -4.52275986267556096010 3.63934158126645712628 = -0.00019049628373472697 @ 399994 141515 1
4.14126452536702505114 2.47695900635021359903 2.67024774144042709167 -4.52275986267556096010 3.63934158137646512898 = -0.00019049633780856835 @ 396759 140524 1
4.14126802159536655523 2.47695900661827250744 2.67024774076284066027 -4.52275986267180751810 3.63934158137646512898 = -0.00019052601477973765 @ 397656 140800 1
4.14126802159536655523 2.47695900661827250744 2.67024774076284066027 -4.52275986267556096010 3.63934158137646512898 = -0.00019052601551460986 @ 396923 140574 1
4.14188816431806827723 2.47699283047058305129 2.66980822112825944004 -4.52228000402886376463 3.63873898234604764568 = -0.00019201951207135413 @ 373907 133522 1
-1.56248988882715567073 4.40025182052532315424 3.28511680526391725010 -2.13283334895178366963 -3.67646033890184309456 = -0.00025221006897029481 @ 389325 138243 1
-1.56154533933878703067 4.39999741691236589958 3.28474014530536662093 -2.13185068697937785132 -3.67614311370703372717 = -0.00025410278002497725 @ 377193 134512 1
1.75783777702990673397 1.59564204150301547358 -4.30901818139194503487 -2.48499319159419540526 0.36042947916651174589 = -0.00028219023167374159 @ 392763 139300 1
1.75762730564065750016 1.59569876759079631867 -4.30947612506157362589 -2.48589792189206226780 0.36137071607420423458 = -0.00030902546369277368 @ 397277 140684 1
4.14121470353758525107 2.47796943669641533958 2.66984736537802147538 -4.52223344455978892853 3.63931972216476884441 = -0.00041830427322297683 @ 382943 136266 1
4.14121470353758525107 2.47796943669641533958 2.66984736537802147538 -4.52223344455978892853 3.63931972216476884441 = -0.00041830427322297683 @ 399996 141516 1
-1.56198304674010235438 4.39922726132056229886 3.28408174348328563141 -2.13320292811761280660 -3.67574704974841592886 = -0.00062597664805634859 @ 396966 140588 1
-1.56198304674010235438 4.39922726132056229886 3.28408174340314751305 -2.13320292811761280660 -3.67574704974841592886 = -0.00062597672424514474 @ 399565 141383 1
1.75783756096529830693 1.59560583714997950011 -4.30890428788544177507 -2.48354331796030391999 0.36165149009026836824 = -0.00070685115429431722 @ 382681 136185 1
-1.56154374925270889030 4.40003818894046094812 3.28740238156932074176 -2.13293011260669196361 -3.67620616172266734267 = -0.00105502631071352124 @ 399653 141410 1
-1.56154374925271688390 4.40002851750941648135 3.28540671944442985719 -2.13489740290115426191 -3.67613166912019639909 = -0.00107486511396877467 @ 389352 138251 1
4.14302681530347172156 2.47695712213731056295 2.67002699600155546378 -4.52263799325763216075 3.63943727232722658016 = -0.00139684746331217129 @ 399989 141514 1
4.14302681530342731264 2.47695712213731056295 2.67002699600155546378 -4.52263799325763216075 3.63943727232722658016 = -0.00139684746331402245 @ 398908 141183 1
1.75793721612259568055 1.59480721851564966052 -4.31112684329319151288 -2.48538682004120525804 0.36165726153941890608 = -0.00181000512590568990 @ 392342 139171 1
4.14130180584166218694 2.47695900487246545296 2.66947110477319071720 -4.52448638052254104025 3.63956278922258569253 = -0.00203702545610257675 @ 397966 140894 1
4.14130180584166218694 2.47695900487246545296 2.66947110477319071720 -4.52448638052254104025 3.63956278922258569253 = -0.00203702545610257675 @ 399955 141503 1
4.14119087298730992330 2.47695613252943092064 2.66984086976460233132 -4.52239390000571717110 3.64132686340665845393 = -0.00219149577251275072 @ 395181 140041 1
4.14635448472665490982 2.47689297271385333588 2.66890566064923451250 -4.52239386994809500209 3.63902192472862795469 = -0.01085954629832797808 @ 399509 141366 1
4.14635448472665490982 2.47689297271385333588 2.66890566064923451250 -4.52239386994809500209 3.63902192472862795469 = -0.01085954629832797808 @ 399881 141481 1
4.14635448472665490982 2.47689297271385333588 2.66890566064923451250 -4.52239386994811276566 3.63902192472862795469 = -0.01085954629834898037 @ 399804 141457 1
1.76407635717040101042 1.59633271743838189849 -4.30901827764171674318 -2.48475677386760418486 0.36109850964764445003 = -0.01172525760754519406 @ 396834 140547 1
1.76407635717040101042 1.59633271743838189849 -4.30901827764171674318 -2.48475677386760418486 0.36109850964764445003 = -0.01172525760754519406 @ 399844 141469 1
1.75721974255704749268 1.59564332219845250727 -4.30596772034251618066 -2.49369601165546006527 0.36161032858739189377 = -0.02413266988316273287 @ 399691 141422 1
-3.39513626520707445522 -3.31728960242770565259 2.34682051040907113659 2.06284511449806062799 4.32610658160798777772 = -0.85775304504646254777 @ 399263 141291 1
-3.39513626520707445522 -3.31728960242779358225 2.34682051040907113659 2.06284511449806062799 4.32610658160798777772 = -0.85775304519204020881 @ 398871 141171 1
-3.39513626520707445522 -3.31728960242779358225 2.34682051040907113659 2.06284511449806062799 4.32610658160798777772 = -0.85775304519204020881 @ 399821 141462 1
-3.39513626520707445522 -3.31728960242779358225 2.34682051040907113659 2.06284511449806062799 4.32610658160798777772 = -0.85775304519204020881 @ 399911 141490 1
-3.39513626521082390042 -3.31728960242779358225 2.34682051040907113659 2.06284511449806062799 4.32610658160798688954 = -0.85775304659903062188 @ 398711 141122 1
-3.39513626521082390042 -3.31728960242779358225 2.34682051040907113659 2.06284511449806107208 4.32610658160798688954 = -0.85775304659929563211 @ 399710 141428 1
-3.39513626521082390042 -3.31728960242779358225 2.34682051040907113659 2.06284511449806107208 4.32610658160798688954 = -0.85775304659929563211 @ 399851 141471 1
-1.64425912019697073596 4.40040111292766855655 3.28540671944392936865 -2.13490362832077718025 -3.67657241293216330291 = -1.50437299844892113931 @ 399986 141513 1
-1.64425912019697073596 4.40040111292766855655 3.28540671944442985719 -2.13490362832079583200 -3.67657241293216330291 = -1.50437299865830054202 @ 399399 141333 1
-1.64425912019697073596 4.40040111292766855655 3.28540671944442985719 -2.13490362832079583200 -3.67657241293216330291 = -1.50437299865830054202 @ 399754 141441 1
-1.64425912019697073596 4.40040111292766855655 3.28540671944442985719 -2.13490362832079583200 -3.67657241293216330291 = -1.50437299865830054202 @ 399771 141447 1
-1.64425912019697073596 4.40040111292766855655 3.28540671944442985719 -2.13490362832077718025 -3.67657241293216330291 = -1.50437299872568241987 @ 397446 140735 1
-1.64425912019697073596 4.40040111292766855655 3.28540671944442985719 -2.13490362826070256830 -3.67657241293216330291 = -1.50437316227660300427 @ 397797 140843 1
-1.64425912019697073596 4.40040111292766855655 3.28540671944442985719 -2.13490362826070256830 -3.67657241293216330291 = -1.50437316227660300427 @ 399963 141506 1
-1.64425912019697073596 4.40040155655025611026 3.28540671944324502718 -2.13490362832077718025 -3.67657241293216330291 = -1.50439282529175000214 @ 399813 141459 1
-1.64425912019697073596 4.40040155655025611026 3.28540671944324502718 -2.13490362832077718025 -3.67657241293216330291 = -1.50439282529175000214 @ 399863 141475 1
-1.64425912019697073596 4.40040155655025611026 3.28540671944324502718 -2.13490362832077718025 -3.67657241293216330291 = -1.50439282529175000214 @ 399872 141478 1
-1.64425912019697073596 4.40040155655025611026 3.28540671944433526619 -2.13490362832077718025 -3.67657241293230274692 = -1.50439282705491650383 @ 399165 141261 1
-1.64425912019697073596 4.40040155655025611026 3.28540671944433526619 -2.13490362832077718025 -3.67657241293230274692 = -1.50439282705491650383 @ 399966 141507 1
-1.64425912019697073596 4.40040155655025611026 3.28540671944442985719 -2.13490362832077718025 -3.67657241293230274692 = -1.50439282720479106104 @ 398859 141168 1
-1.64425912013773145581 4.40040155655025611026 3.28540671944439965912 -2.13490362832239544133 -3.67657241291356884361 = -1.50439293372786253578 @ 399770 141446 1
-1.64425912013773145581 4.40040155655025611026 3.28540671944442985719 -2.13490362832239544133 -3.67657241291356884361 = -1.50439293377156313447 @ 397820 140850 1
1.72007794049151696569 1.59129654174845147629 -4.43269364023789158580 -2.48124320855638957894 0.30285617259159408610 = -5.49427545380326964874 @ 399227 141280 1
1.72007794049184203899 1.59129654174845147629 -4.43269364023796530461 -2.48124320855638957894 0.30285617259159408610 = -5.49427545395763061720 @ 399062 141230 1
1.72007794049184203899 1.59129654174844570313 -4.43269364023796530461 -2.48124320855638957894 0.30285617259159408610 = -5.49427545397483463319 @ 399577 141387 1
1.72007794049184203899 1.59129654174845147629 -4.43269364023796530461 -2.48124320855638957894 0.30285617259182195937 = -5.49427545482921431130 @ 399098 141241 1
1.72007794046937712018 1.59129654174845147629 -4.43269412923010275307 -2.48124320855638957894 0.30285617259489983066 = -5.49431546122012992583 @ 399008 141213 1
1.72007794047214757072 1.59129654174845147629 -4.43269412923415995209 -2.48124320855187940893 0.30285617259637048759 = -5.49431546563540962325 @ 399596 141393 1
1.72007794047214757072 1.59129654174845147629 -4.43269412923415995209 -2.48124320855187940893 0.30285617259636815612 = -5.49431546563639017222 @ 399690 141422 1
1.72007794047214757072 1.59129654174845147629 -4.43269412923415995209 -2.48124320855187940893 0.30285617259636815612 = -5.49431546563639017222 @ 399856 141473 1
1.72007794047214135347 1.59129654174845147629 -4.43269412923415995209 -2.48124320855187940893 0.30285617259637048759 = -5.49431546564029726909 @ 398616 141093 1
1.72007794047214135347 1.59129654174845147629 -4.43269412923415995209 -2.48124320855187940893 0.30285617259637048759 = -5.49431546564029726909 @ 399980 141511 1
1.72007794047214135347 1.59129654174845081016 -4.43269412923415995209 -2.48124320855187940893 0.30285617259637048759 = -5.49431546564142081479 @ 399588 141390 1
1.72007794049204099096 1.59129654174845147629 -4.43269412923415995209 -2.48124320855638957894 0.30285617259637048759 = -5.49431546845794915868 @ 399652 141410 1
1.72007794049203943665 1.59129654174845147629 -4.43269412923415995209 -2.48124320855638957894 0.30285617259637048759 = -5.49431546846157203845 @ 398081 140930 1
1.72007794049203943665 1.59129654174845147629 -4.43269412923416084027 -2.48124320855638957894 0.30285617259637048759 = -5.49431546846765428427 @ 399464 141352 1
1.72007794049203943665 1.59129654174845147629 -4.43269412923416439298 -2.48124320855638957894 0.30285617259637048759 = -5.49431546848833729513 @ 399179 141265 1
1.72007794049137174852 1.59129654174845147629 -4.43269412923415995209 -2.48124320855639934891 0.30285617259637048759 = -5.49431546903366108126 @ 399656 141411 1
1.72007794049203943665 1.59129654174843238046 -4.43269412923415995209 -2.48124320855745317260 0.30285617259637048759 = -5.49431547274532139369 @ 399499 141363 1
1.72007794049203943665 1.59129654174845147629 -4.43269412923415995209 -2.48124320855745317260 0.30285617259637048759 = -5.49431547280858190163 @ 398218 140971 1
1.72007794049203943665 1.59129654174845569514 -4.43269412923415995209 -2.48124320855745317260 0.30285617259637048759 = -5.49431547282404952881 @ 399394 141331 1
1.72007794188920404288 1.59129936875461552859 -4.43269411807300706130 -2.48124320855638957894 0.30285617323241564858 = -5.49445798312725752766 @ 397731 140822 1
1.72007794195098440149 1.59129936874593314045 -4.43269411971872262512 -2.48124320855644198147 0.30285617334102732379 = -5.49445902853507028851 @ 398973 141202 1
1.72007794195098440149 1.59129936874593314045 -4.43269411971872262512 -2.48124320855644198147 0.30285617334102732379 = -5.49445902853507028851 @ 399725 141433 1
1.72007794195098440149 1.59129936874648847400 -4.43269411971872262512 -2.48124320855644198147 0.30285617334102732379 = -5.49445902906699590318 @ 398468 141048 1
1.72007794188920404288 1.59129936874648847400 -4.43269421377163563847 -2.48124320855638957894 0.30285617348412302574 = -5.49446176610709002830 @ 397451 140737 1
4.14124069659272819877 2.47667426785865396610 2.80210049489379775522 -4.51994701123553443978 3.63945785163943869023 = -6.81951628549451083217 @ 399307 141304 1
4.14124069659271132338 2.47667426785865396610 2.80210054187069745879 -4.51994701123553443978 3.63945785163943869023 = -6.81953312259598476430 @ 399368 141323 1
4.14124069659272819877 2.47667426785864730476 2.80210054187095147782 -4.51994701123553443978 3.63945785163943869023 = -6.81953312260800981193 @ 399380 141327 1
4.14124069659273086330 2.47667426785864730476 2.80210054187095147782 -4.51994701123553443978 3.63945785163943869023 = -6.81953312261299782193 @ 399554 141380 1
4.14124069659273086330 2.47667426785864730476 2.80210054187095147782 -4.51994701123553443978 3.63945785163943869023 = -6.81953312261299782193 @ 399942 141499 1
4.14124069659272819877 2.47667426785865396610 2.80210054187069745879 -4.51994701123553443978 3.63945785163943869023 = -6.81953312261325983457 @ 398977 141204 1
4.14124069659272731059 2.47667426785865396610 2.80210054187069745879 -4.51994701123553443978 3.63945785163943869023 = -6.81953312261339306133 @ 399676 141417 1
4.14124069659272731059 2.47667426785865396610 2.80210054187069745879 -4.51994701123553443978 3.63945785163943869023 = -6.81953312261339306133 @ 399794 141454 1
4.14124069659272731059 2.47667426785865396610 2.80210054187069745879 -4.51994701123553443978 3.63945785163943869023 = -6.81953312261339306133 @ 399935 141497 1
4.14124069659272908694 2.47667426785865396610 2.80210054187069745879 -4.51994701123553443978 3.63945785163943869023 = -6.81953312261752131462 @ 399569 141385 1
4.14124069657435533998 2.47667426161798553963 2.80210054188089729976 -4.51994701123553443978 3.63945785158882850752 = -6.81953774014156621774 @ 399448 141348 1
4.14124069657442195336 2.47667426161798553963 2.80210054188089729976 -4.51994701123553443978 3.63945785158867529674 = -6.81953774052387728943 @ 397986 140900 1
4.14124069659272819877 2.47667426161909753901 2.80210054187095147782 -4.51994701123553443978 3.63945785163943869023 = -6.81953774403453216735 @ 398425 141035 1
4.14124068996984018298 2.47667426161909753901 2.80210054187095147782 -4.51994701123553443978 3.63945785163943869023 = -6.81954124169184705551 @ 399735 141436 1
4.14124069282395446123 2.47666757100818912818 2.80209803079519925717 -4.51996675484894971930 3.63945785162341417518 = -6.81961129890933470676 @ 399153 141257 1
4.14124069282395268488 2.47666754646077036384 2.80209803079517705271 -4.51996675484894971930 3.63945785162341417518 = -6.81961772198421911639 @ 399548 141378 1
4.14124069282395268488 2.47666754646077036384 2.80209803079517705271 -4.51996675484894971930 3.63945785162341417518 = -6.81961772198421911639 @ 399838 141467 1
4.14124069282395446123 2.47666754646077036384 2.80209803079517705271 -4.51996675484894971930 3.63945785162341417518 = -6.81961772198908366960 @ 399290 141299 1
4.14124069282395446123 2.47666754646077036384 2.80209803079517705271 -4.51996675484894971930 3.63945785162341417518 = -6.81961772198908366960 @ 399848 141470 1
4.14124069282395446123 2.47667426256003819773 2.80209803080994168667 -4.51996675484753218655 3.63945785161839374666 = -6.81962631298639543331 @ 398995 141209 1
4.14124069282395446123 2.47667426256003819773 2.80209803080970898392 -4.51996675484753218655 3.63945785161839374666 = -6.81962631352462977929 @ 399681 141419 1
4.14124069282395446123 2.47667426255957590087 2.80209803080993369306 -4.51996675484894971930 3.63945785162341417518 = -6.81962631851943523742 @ 398869 141171 1
4.14124069718458542866 2.47667487814718478845 2.80210183461722550646 -4.51994701120633735059 3.63945785162341417518 = -6.81971430396729427770 @ 399795 141454 1
4.14124069718458542866 2.47667487814718478845 2.80210183461722550646 -4.51994701120633735059 3.63945785162341417518 = -6.81971430396729427770 @ 399823 141463 1
4.14124069718457565870 2.47667487814718478845 2.80210183461724282594 -4.51994701120633735059 3.63945785162350876618 = -6.81971430405904044392 @ 399425 141341 1
4.14124069714070675019 2.47667426203665153039 2.80210183461722550646 -4.51994701121005704181 3.63945785162341417518 = -6.81973927317699413209 @ 398378 141021 1
-1.56153547373633760920 4.55403739354324965660 3.28530828646137251781 -2.13276140452783513624 -3.44691619051764464032 = -17.21173803819896619416 @ 399553 141380 1
-1.56153547373633760920 4.55403739354324965660 3.28530828646137251781 -2.13276140452783513624 -3.44691619051764464032 = -17.21173803819896619416 @ 399882 141481 1
-1.56153547373688117439 4.55403739354177083953 3.28530828646132855297 -2.13276140452783513624 -3.44691618678318167923 = -17.21175716219360651849 @ 398749 141134 1
-1.56153547373688117439 4.55403739354177083953 3.28530828646133699067 -2.13276140452783691259 -3.44691618678323230540 = -17.21175716221557294716 @ 399367 141323 1
-1.56153547373688117439 4.55403739354177083953 3.28530828646133699067 -2.13276140452783691259 -3.44691618678323230540 = -17.21175716221557294716 @ 399877 141479 1
-1.56153547373688117439 4.55403739354177083953 3.28530828646132855297 -2.13276140452783513624 -3.44691618678323230540 = -17.21175716227642382705 @ 399277 141295 1
-1.56153547373688117439 4.55403739354177083953 3.28530828646127615045 -2.13276140452783513624 -3.44691618678323230540 = -17.21175716232377794768 @ 399417 141338 1
-1.56153547373633760920 4.55403739354324965660 3.28530828646137251781 -2.13276140452783513624 -3.44691618678318212332 = -17.21175719065774956107 @ 399705 141426 1
-1.56153547373633760920 4.55403739354324965660 3.28530828646137251781 -2.13276140452783513624 -3.44691618678318212332 = -17.21175719065774956107 @ 399786 141451 1
-1.56153547373633760920 4.55403739354324965660 3.28530828646137251781 -2.13276140452783513624 -3.44691618678318167923 = -17.21175719066456011319 @ 398923 141187 1
-1.56153527742480546792 4.55403738957023307421 3.28530829527199985662 -2.13276140457479623791 -3.44691618465427751516 = -17.21188768913007294259 @ 399906 141488 1
-1.56153527742480546792 4.55403738957023307421 3.28530829527199985662 -2.13276140452872686737 -3.44691618465427751516 = -17.21188861133094505362 @ 399855 141473 1
-1.56153527381468859581 4.55403739354177083953 3.28530818643052446859 -2.13276140452845508477 -3.44691618678318167923 = -17.21188879423782935874 @ 398755 141136 1
-1.56153527381468859581 4.55403739354177083953 3.28530818643052446859 -2.13276140452845508477 -3.44691618678317901470 = -17.21188879434564711346 @ 399885 141482 1
-1.56153527381468859581 4.55403739354177083953 3.28530818643052446859 -2.13276140452783513624 -3.44691618678318167923 = -17.21188879841333019272 @ 397982 140899 1
-1.56153527381468859581 4.55403739354145287166 3.28530818643052446859 -2.13276140452783513624 -3.44691618678318167923 = -17.21188880232104168044 @ 399019 141217 1
-1.56153527743891396007 4.55403738957023307421 3.28530829527857815009 -2.13276140451170359569 -3.44691618465421356632 = -17.21188881274510507069 @ 399637 141405 1
-1.56153527743891396007 4.55403738957023307421 3.28530829527859191685 -2.13276140451170359569 -3.44691618465421356632 = -17.21188881275896420675 @ 399374 141325 1
-1.56153527381237489102 4.55403739354177083953 3.28530818643052446859 -2.13276140452583096163 -3.44691618678318167923 = -17.21188889966619939287 @ 399629 141403 1
-1.56153527723572671526 4.55403739357955839040 3.28530829492870513064 -2.13276140286439552796 -3.44691618656279796795 = -17.21190962186986794791 @ 398674 141111 1
-1.56153527723628426926 4.55403739357955839040 3.28530829492870513064 -2.13276140286439552796 -3.44691618656279796795 = -17.21190964865644801307 @ 398266 140986 1
-1.56153527723652363335 4.55403739357955839040 3.28530829492870513064 -2.13276140286439552796 -3.44691618656279796795 = -17.21190966015361922814 @ 398537 141069 1
-1.56153527723628426926 4.55403739357955839040 3.28530829492870513064 -2.13276140284479565068 -3.44691618656332021686 = -17.21191043010564669657 @ 397397 140720 1
-1.56151215776658514045 4.55417010229519725328 3.28530829492870513064 -2.13276140452783513624 -3.44691618728158433171 = -17.25859898624269561651 @ 395000 139985 1
-1.56151215761769956991 4.55417010229866381366 3.28530807316599959833 -2.13276140452783513624 -3.44691618729436877189 = -17.25862108912242831593 @ 397686 140809 1
-1.56151215761769956991 4.55417010229867980087 3.28530807316599959833 -2.13276140452783513624 -3.44691618729436877189 = -17.25862108974459019350 @ 399233 141282 1
-1.56153498696088965936 4.55430179342154772826 3.28529986764676218414 -2.13296400059498481028 -3.44691618678318167923 = -17.27396454174176199103 @ 397682 140808 1
-1.56153498696088965936 4.55430179342154772826 3.28529986764676307232 -2.13296400059498481028 -3.44691618678318167923 = -17.27396454176475160125 @ 399649 141409 1
-1.56153524014383204843 4.55430179342154772826 3.28529986764676218414 -2.13296400059472723854 -3.44691618678318167923 = -17.27450353282135608879 @ 399264 141291 1
-1.56153524014383204843 4.55430179342154772826 3.28529986764676218414 -2.13296400053338697234 -3.44691618658943221831 = -17.27450602784996291916 @ 397011 140601 1
-1.56153524014383204843 4.55430179342154772826 3.28529986764676218414 -2.13296400053338697234 -3.44691618658943221831 = -17.27450602784996291916 @ 399997 141516 1
-1.56131160896310428043 4.55430146078848174795 3.47297726539537210400 -2.40871632649679590088 -3.44685506859123380607 = -30.10539200567564677158 @ 398580 141082 1
-1.56131160896310428043 4.55430146078848085978 3.47297726539537210400 -2.40871632649679590088 -3.44685506859123380607 = -30.10539200578145369036 @ 399658 141412 1
-1.56131160896353216039 4.55430146078848174795 3.47297726539537210400 -2.40871616753488337892 -3.44685506859123380607 = -30.10593438544938038604 @ 398945 141194 1
-1.56131160896353216039 4.55430146078848174795 3.47297726539537210400 -2.40871616753488337892 -3.44685506859123380607 = -30.10593438544938038604 @ 399825 141463 1
-1.56131160896353216039 4.55430146078848174795 3.47297726539537210400 -2.40871616753488337892 -3.44685506859123380607 = -30.10593438544938038604 @ 399952 141502 1
-1.56131160896310428043 4.55430146078848174795 3.47297726539537210400 -2.40871616753488337892 -3.44685506859123380607 = -30.10593441754667765053 @ 398460 141046 1
-1.56131160896180176678 4.55430146078848174795 3.47297726539537210400 -2.40871616753488337892 -3.44685506859021462134 = -30.10593447338106898314 @ 398584 141083 1
-1.56131160896180176678 4.55430146078840625279 3.47297726539537210400 -2.40871616753488337892 -3.44685506859119916712 = -30.10593450949243532477 @ 399386 141329 1
-1.56131160896180176678 4.55430146078840625279 3.47297726539537210400 -2.40871616753488337892 -3.44685506859123380607 = -30.10593451099435924334 @ 399371 141324 1
-1.56131160896180176678 4.55430146078840625279 3.47297726544198548382 -2.40871616753488337892 -3.44685506859119916712 = -30.10593498383799015983 @ 399830 141465 1
-1.56131160896310428043 4.55430146078848174795 3.47297726539537210400 -2.40871616753488337892 -3.44685506885257986198 = -30.10595725086963625472 @ 399516 141368 1
-1.56131160896310428043 4.55430146078848174795 3.47297726539537210400 -2.40871616753488337892 -3.44685506885257986198 = -30.10595725086963625472 @ 399927 141495 1
-1.56131160233792698477 4.55430146087150244938 3.47297716857893368214 -2.40871611706037125344 -3.44685266540735169016 = -30.10766396994514337848 @ 399213 141276 1
-1.56131160233792698477 4.55430146087150244938 3.47297716857893368214 -2.40871611706037125344 -3.44685266540735169016 = -30.10766396994514337848 @ 399874 141478 1
-1.56131160233792698477 4.55430146087150244938 3.47297716857893368214 -2.40871611706037125344 -3.44685266540735169016 = -30.10766396994514337848 @ 399940 141499 1
-1.56131160233792698477 4.55430146087150244938 3.47297716857893368214 -2.40871611706037125344 -3.44685266540735169016 = -30.10766396994514337848 @ 399945 141500 1
-1.56131160233792698477 4.55430146087150244938 3.47297716857893368214 -2.40871611706037125344 -3.44685266540735169016 = -30.10766396994514337848 @ 399953 141503 1
-1.56131160233792698477 4.55430146087150244938 3.47297716857893368214 -2.40871611706037125344 -3.44685266540735080198 = -30.10766396995763116706 @ 399869 141477 1
-1.56131160233792698477 4.55430146087150244938 3.47297716857893368214 -2.40871611706037125344 -3.44685266540735080198 = -30.10766396995763116706 @ 399909 141489 1
-1.56131160233439669760 4.55430146086450360343 3.47297726958463481850 -2.40871616950581746153 -3.44685347706851086258 = -30.10769877451110687616 @ 399322 141309 1
-1.56131160233439669760 4.55430146086450360343 3.47297726958463481850 -2.40871616950580280658 -3.44685347706851086258 = -30.10769877469386912594 @ 399457 141350 1
-1.56131160233436738771 4.55430146086450360343 3.47297726958463481850 -2.40871616950581746153 -3.44685347706851086258 = -30.10769877682626116666 @ 399282 141297 1
-1.56131160233436738771 4.55430146086450360343 3.47297726958463481850 -2.40871616950581746153 -3.44685348653942424946 = -30.10770922941121341410 @ 399015 141215 1
-1.56131160233436738771 4.55430146086450360343 3.47297726958463481850 -2.40871616950562472681 -3.44685348653942424946 = -30.10770922961587103828 @ 398883 141175 1
-1.56131160233436738771 4.55430146086450360343 3.47297726539876627783 -2.40871616950562517090 -3.44685348653942424946 = -30.10772139190208207538 @ 399586 141390 1
-1.56131160233792698477 4.55430146087150244938 3.47297726549212493197 -2.40871611706037125344 -3.44685266540735169016 = -30.10784718099791845702 @ 399318 141308 1
-1.56131160231278198758 4.55430146086450360343 3.47297726539561590897 -2.40871616948702715888 -3.44685266894453512521 = -30.10805297229104127155 @ 399619 141400 1
-1.56131160726623008372 4.55430146085751097473 3.47297726536296336164 -2.40871616955139211669 -3.44685266564659098520 = -30.10805514010016281645 @ 399767 141445 1
-1.56131160726623008372 4.55430146085751097473 3.47297726536297712840 -2.40871616955139211669 -3.44685266564659098520 = -30.10805514040699648604 @ 399333 141312 1
-1.56131160726623008372 4.55430146086450360343 3.47297726536296336164 -2.40871616955139211669 -3.44685266564659098520 = -30.10805548503319428733 @ 398623 141095 1
-1.56131160726597650878 4.55430146086450360343 3.47297726536296336164 -2.40871616955139211669 -3.44685266564659098520 = -30.10805548656726671197 @ 398544 141071 1
4.39053060563226349444 2.46992115553110469506 2.61882308807007246898 -4.39634114747306270488 3.73025165440006123418 = -34.03300475501016109092 @ 399858 141473 1
4.39053060563226349444 2.46992115553110469506 2.61882308813105124656 -4.39634114747306270488 3.73025165440006123418 = -34.03300533398715543854 @ 398337 141008 1
4.39053060563226349444 2.46992115553118152249 2.61882308813105124656 -4.39634114747306270488 3.73025165440006123418 = -34.03300533442379816051 @ 399336 141313 1
4.39053144864142375070 2.46992116175831499802 2.61882308800187235676 -4.39634114747306270488 3.73027888457659129173 = -34.03606886778331386267 @ 396785 140532 1
4.39053144864142375070 2.46992116175831499802 2.61882308800187235676 -4.39634114747306536941 3.73027888457659129173 = -34.03606886780268325765 @ 399418 141338 1
4.39053144864312194784 2.46992116175831499802 2.61882308787992812427 -4.39634114747306270488 3.73027888457659129173 = -34.03606924505001529724 @ 397821 140850 1
4.39053144864142375070 2.46992116138088713129 2.61882308787991302523 -4.39634114711297296907 3.73027888457659129173 = -34.03607189799259913343 @ 399328 141311 1
4.39053135180703257845 2.46992115553110469506 2.61881786753581335958 -4.39634114747306270488 3.73027888660691386846 = -34.03761557305318774524 @ 397191 140657 1
-1.24147629991319452536 4.48246068165863853494 3.38200561796884269228 -2.13863789957397942842 -3.50702670330103360996 = -35.14631460623506598040 @ 399527 141372 1
-1.24147629991319452536 4.48246068165863853494 3.38200561796884269228 -2.13863789957397942842 -3.50702670330103360996 = -35.14631460623506598040 @ 399884 141481 1
-1.24147629991319452536 4.48246068165863853494 3.38200561796884269228 -2.13863789957397942842 -3.50702670330103360996 = -35.14631460623506598040 @ 399936 141497 1
-1.24147629991319452536 4.48246068165863853494 3.38200561796884269228 -2.13863789957397942842 -3.50702670330103360996 = -35.14631460623506598040 @ 399946 141500 1
-1.24147629991319452536 4.48246068165863853494 3.38200561796884269228 -2.13863789957546579501 -3.50702670308624142592 = -35.14631627118482981587 @ 399106 141243 1
-1.24147409422854537731 4.48246068150064314040 3.38200561780747221974 -2.13863789946834836897 -3.50702670023982809866 = -35.14835764869461343096 @ 398998 141210 1
-1.24147409062903357757 4.48246068123638075065 3.38200561796884269228 -2.13863789939844473054 -3.50702670311065523023 = -35.14842481256530959399 @ 398960 141199 1
-1.80769539555923985930 3.81462954756751537744 3.38062482378097595159 -2.23245938651103204009 -3.63762564914739527921 = -48.38226278953763426216 @ 399467 141353 1
-1.80769539555923985930 3.81462954756751537744 3.38062482378097595159 -2.23245938651103204009 -3.63762564914739527921 = -48.38226278953763426216 @ 399917 141492 1
-1.80769539555923985930 3.81462954756751537744 3.38062482378073614342 -2.23245938651103204009 -3.63762564914746544531 = -48.38226279846450950117 @ 398938 141192 1
-1.80769539555923985930 3.81462954756751537744 3.38062482378073614342 -2.23245938651103204009 -3.63762564914746544531 = -48.38226279846450950117 @ 399613 141398 1
-1.80769539555923985930 3.81462954756751537744 3.38062482378097595159 -2.23245938651103204009 -3.63762564914746544531 = -48.38226280610997775966 @ 399332 141312 1
-1.80769539555923985930 3.81462954756751537744 3.38062482378097595159 -2.23245938651103204009 -3.63762564914746544531 = -48.38226280610997775966 @ 399728 141434 1
-1.80769539555923985930 3.81462954756752070651 3.38062482378103190683 -2.23245938651103204009 -3.63762564914746544531 = -48.38226280777259802335 @ 399347 141317 1
-1.80769539555923985930 3.81462954756751537744 3.38062482378103190683 -2.23245938651103204009 -3.63762564914746544531 = -48.38226280780139632043 @ 398670 141110 1
-1.80769539568794690432 3.81462954757072925105 3.38062482386365603659 -2.23245938651103204009 -3.63762564895880036175 = -48.38226356506753234044 @ 399119 141247 1
-1.80769539568794690432 3.81462954757115202398 3.38062482386345619645 -2.23245938651103204009 -3.63762564895880036175 = -48.38226359924770747512 @ 398536 141069 1
-1.80769539568794690432 3.81462954757115202398 3.38062482386345619645 -2.23245938651103204009 -3.63762564895880036175 = -48.38226359924770747512 @ 399862 141475 1
-1.80769539568794690432 3.81462954757115202398 3.38062482386345619645 -2.23245938651103204009 -3.63762564895880036175 = -48.38226359924770747512 @ 399914 141491 1
-1.80769539568794690432 3.81462954757048544607 3.38062482386277007862 -2.23245938651103204009 -3.63762564895880036175 = -48.38226365024511466117 @ 399979 141511 1
-1.80769539568794690432 3.81462954757057648436 3.38062482386277007862 -2.23245938651103204009 -3.63762564895880036175 = -48.38226365299863118707 @ 399300 141302 1
-1.80769539568794690432 3.81462954757072925105 3.38062482386277007862 -2.23245938651103204009 -3.63762564895880036175 = -48.38226365755437541338 @ 398673 141110 1
-1.80769539554924274505 3.81462954756808203527 3.38062482378103190683 -2.23245938651103248418 -3.63762564915569042157 = -48.38226381586259350343 @ 399684 141420 1
-1.80769539568794690432 3.81462954757115202398 3.38062482386322571415 -2.23245938650546582593 -3.63762564895880036175 = -48.38226463036828306485 @ 398865 141170 1
-1.80769539555923985930 3.81462954756751537744 3.38062482378103190683 -2.23245938651103204009 -3.63762564915569042157 = -48.38226478060017399230 @ 397762 140832 1
-1.80769539567154513549 3.81462954755160810194 3.38062482386322571415 -2.23245938623865702866 -3.63762564935473831085 = -48.38233020475102108549 @ 397708 140815 1
-1.80769539568794734841 3.81462954757072925105 3.38062568019700826483 -2.23245923628176345943 -3.63762564895880036175 = -48.38979636965583353003 @ 399678 141418 1
-1.80769539568880954761 3.81462954757072925105 3.38062568025133725058 -2.23245938651217468163 -3.63762564895880036175 = -48.38995963409142575529 @ 399340 141314 1
-1.80769539568794690432 3.81462954757072925105 3.38062306652422694953 -2.23245938654766629128 -3.63762564945554078832 = -48.39654055414685274172 @ 397509 140755 1
-1.80769539568794690432 3.81462954757072925105 3.38062306652422694953 -2.23245938651103204009 -3.63762564945729760524 = -48.39654365807398050947 @ 397792 140841 1
-1.80769539008694435367 3.81463322575478525067 3.38066152023654797887 -2.23245938692896883637 -3.63761196125012364888 = -48.41952536502780191086 @ 398689 141115 1
-1.80769539009215107761 3.81463322575478525067 3.38066152023655908110 -2.23245938692847456508 -3.63761196125012364888 = -48.41952578996036749004 @ 399311 141306 1
-1.80769539009130464358 3.81463322575478525067 3.38066152023195298781 -2.23245938693416290377 -3.63761196125012364888 = -48.41952652570088133643 @ 398526 141066 1
-1.80769539009130464358 3.81463322575478525067 3.38066152023195298781 -2.23245938693416290377 -3.63761196125012364888 = -48.41952652570088133643 @ 399831 141465 1
-1.41481352876045374245 4.40001243295586519366 3.28489788875407073832 -2.13274688011416202471 -4.21797180443599284416 = -62.26438456331444371017 @ 399696 141424 1
-1.41481352872729138070 4.40001243295593091887 3.28489788863841347677 -2.13274688011416202471 -4.21797180443599284416 = -62.26439342158376177849 @ 399891 141484 1
-1.41481352876045374245 4.40001243295593091887 3.28489788863841347677 -2.13274688011416202471 -4.21797180443599284416 = -62.26439835983528325869 @ 398922 141187 1
-1.41481352876045374245 4.40001243295586519366 3.28489788863841347677 -2.13274688011416202471 -4.21797180443599284416 = -62.26439836468055943897 @ 399790 141452 1
-1.41481352876045374245 4.40001243295586519366 3.28489788863841347677 -2.13274688011416202471 -4.21797180443599284416 = -62.26439836468055943897 @ 399866 141476 1
-1.41481352869325283095 4.40001228504031871580 3.28489788980680952335 -2.13274688011238167107 -4.21797180439008823072 = -62.26520060019638691529 @ 398754 141135 1
-1.41481352869325283095 4.40001228504029473498 3.28489788980680952335 -2.13274688011238167107 -4.21797180439008823072 = -62.26520060432717684762 @ 399361 141321 1
-1.41481352869904153380 4.40001228503755381638 3.28489788954941941412 -2.13274688011416202471 -4.21797180443599284416 = -62.26522666194633615078 @ 397938 140886 1
-1.41481352869904153380 4.40001228503755381638 3.28489788954941941412 -2.13274688011416202471 -4.21797180443599284416 = -62.26522666194633615078 @ 399843 141469 1
-1.41481352876045374245 4.40001228504031871580 3.28489788863841347677 -2.13274688011416202471 -4.21797180443599284416 = -62.26525027460289152259 @ 395581 140164 1
-3.41181357874302149114 -3.33416518446864751368 2.33800616920171178137 2.52968056529946450084 4.58102461498311352983 = -66.45974584728837442071 @ 397578 140776 1
-3.41181357874302149114 -3.33416518446864751368 2.33800616920171178137 2.52968056529946450084 4.58102461498314728061 = -66.45974584925374983868 @ 398802 141150 1
-3.41181357874302149114 -3.33416518446864751368 2.33800616920171178137 2.52968056529921492270 4.58102461498314728061 = -66.45974587720161252946 @ 399647 141409 1
-3.41181357877321067562 -3.33416518446864751368 2.33800616920171178137 2.52968056529946450084 4.58102461498311352983 = -66.45975089531987123337 @ 399429 141342 1
-3.41181357877335367235 -3.33416518446864751368 2.33800616920171178137 2.52968056529946450084 4.58102461498311352983 = -66.45975091554511493541 @ 396878 140561 1
-3.41181357877335367235 -3.33416518446864751368 2.33800616920171178137 2.52968056529556806211 4.58102461498285862262 = -66.45975134361189873289 @ 398826 141158 1
-3.41181357877335367235 -3.33416518446927279129 2.33800616920171178137 2.52968056517488859569 4.58102461498311352983 = -66.45975848963908561018 @ 398642 141101 1
-3.41181357877335367235 -3.33416518446927279129 2.33800616920171178137 2.52968056517486949986 4.58102461498309132537 = -66.45975849061018436714 @ 399508 141366 1
-3.41181357877335367235 -3.33416518446927279129 2.33800616920171178137 2.52968056517486949986 4.58102461498311352983 = -66.45975849122618228648 @ 399252 141288 1
-3.41181357877335367235 -3.33416518446927279129 2.33800616920171178137 2.52968056517486949986 4.58102461498311352983 = -66.45975849122618228648 @ 399923 141493 1
-3.41181357877335367235 -3.33416518446927279129 2.33800616920171178137 2.52968056517488859569 4.58102461498320856492 = -66.45975849226827847360 @ 398985 141206 1
-3.41181357865528989137 -3.33416518491381541622 2.33800616908293212859 2.52968056529950668931 4.58102461498392532491 = -66.45976397654054323993 @ 399177 141265 1
-3.41181357865528989137 -3.33416518491381541622 2.33800616908293212859 2.52968056529936013987 4.58102461498392532491 = -66.45976397809320701526 @ 398591 141085 1
-3.41181357865530454632 -3.33416518491381541622 2.33800616908293212859 2.52968056529950668931 4.58102461498392532491 = -66.45976397862649776016 @ 399226 141280 1
-3.41181357865530454632 -3.33416518491381541622 2.33800616908293212859 2.52968056529950668931 4.58102461498392532491 = -66.45976397862649776016 @ 399768 141446 1
-3.41181357865528989137 -3.33416518491381541622 2.33800616908293212859 2.52968056529456752912 4.58102461498392532491 = -66.45976404151903693673 @ 398752 141135 1
-3.41181357865706891275 -3.33416518491381541622 2.33800616908258573901 2.52968056529936013987 4.58102461498311352983 = -66.45976423178242953327 @ 398915 141185 1
-3.41181357875973745308 -3.33416518491381541622 2.33800616920171178137 2.52968056529946450084 4.58102461498311352983 = -66.45977634414606427526 @ 398582 141083 1
-3.41181357877331992157 -3.33416518489523783231 2.33800616920171178137 2.52968056529881923922 4.58102461498311352983 = -66.45977826004104827007 @ 399483 141358 1
-3.41181357877335367235 -3.33416518489523783231 2.33800616920171178137 2.52968056529881923922 4.58102461498311352983 = -66.45977826595201065629 @ 398709 141121 1
-3.41181357877335367235 -3.33416518491381541622 2.33800616920171178137 2.52968056526926732275 4.58102461498311352983 = -66.45977908217102481103 @ 398113 140939 1
-3.41180917513719084155 -3.33416518640648540384 2.33800773680306761548 2.52968055934404434382 4.58102461018575812801 = -66.46022835687816154859 @ 397852 140860 1
-3.41180917513723613865 -3.33416518640721992739 2.33800773680306761548 2.52968055935725599781 4.58102461018483975153 = -66.46022914954366456186 @ 399628 141403 1
-3.41180917513723613865 -3.33416518640648540384 2.33800773680306761548 2.52968055935725599781 4.58102461018485396238 = -66.46022920722818128070 @ 398395 141026 1
-3.41180917513723613865 -3.33416518640648584793 2.33800773680240947527 2.52968055935725599781 4.58102461018317619335 = -66.46022930892948465953 @ 399608 141397 1
-3.41180917522890236881 -3.33416518640660664019 2.33800773680306761548 2.52968055935715918636 4.58102461018485396238 = -66.46023262080127835816 @ 399398 141332 1
-3.41180917522890236881 -3.33416518640660664019 2.33800773680306761548 2.52968055935725599781 4.58102461018485396238 = -66.46023262675727494297 @ 398704 141120 1
-3.41180917522890236881 -3.33416518640660664019 2.33800773680306761548 2.52968055935725599781 4.58102461018485396238 = -66.46023262675727494297 @ 399836 141467 1
-3.41180247637438061048 -3.33414597394093448202 2.33800766596489051352 2.52972886501528337888 4.58103317039643798125 = -66.52662677757331266548 @ 398918 141186 1
-3.41180247637438061048 -3.33414597394093448202 2.33800766596489051352 2.52972886501528337888 4.58103317039637492059 = -66.52662678077651037256 @ 394825 139932 1
-3.41180247637438061048 -3.33414498674778236875 2.33800766596489051352 2.52972886744295033523 4.58103317091612627365 = -66.53265300757743716531 @ 399716 141430 1
-3.41180247637438061048 -3.33414498674778236875 2.33800766596489051352 2.52972886744295033523 4.58103317091612627365 = -66.53265300757743716531 @ 399910 141489 1
-3.41143083620154197177 -3.33407940735130692289 2.33759067821806576504 2.52972948085898829973 4.58102460760089957859 = -66.58543926117403088938 @ 399093 141239 1
-2.09607547730924492768 4.99154500278141100011 3.97337604456484649873 -1.65311639302030277676 -4.06479187667251373739 = -71.38309295944378618515 @ 399488 141360 1
-2.09607547730924492768 4.99154500278141100011 3.97337604456484649873 -1.65311639302030277676 -4.06479187667251373739 = -71.38309295944378618515 @ 399824 141463 1
-2.09607547730924492768 4.99154500278141100011 3.97337604456484649873 -1.65311639302030277676 -4.06479187667251373739 = -71.38309295944378618515 @ 399875 141479 1
-2.09607547730928933660 4.99154500278148027803 3.97337604456484649873 -1.65311639302030277676 -4.06479187667251373739 = -71.38309297624456917220 @ 399378 141326 1
-2.09607547730928933660 4.99154500278148027803 3.97337604456484649873 -1.65311639302030277676 -4.06479187667251640192 = -71.38309297688618926259 @ 399534 141374 1
-2.09607547730928933660 4.99154500278148027803 3.97337604456484694282 -1.65311639302030277676 -4.06479187667251640192 = -71.38309297690025800875 @ 399602 141395 1
-2.09607547730924492768 4.99154500278147406078 3.97337604456484649873 -1.65311639302030277676 -4.06479187667251373739 = -71.38309298401378555354 @ 399382 141327 1
-2.09607547603280419679 4.99154500066609241316 3.97337604460523241556 -1.65311644448485606240 -4.06479187612191772416 = -71.38571001658307579874 @ 399524 141371 1
-2.09607547603280019999 4.99154500066609241316 3.97337604460523241556 -1.65311644448495420612 -4.06479187612191772416 = -71.38571008090067948615 @ 399250 141287 1
-2.09607547603246890944 4.99154500066609241316 3.97337604460520088523 -1.65311644448509831307 -4.06479187612191772416 = -71.38571016180087269731 @ 398730 141128 1
-2.09607547603246890944 4.99154500066609241316 3.97337604460520088523 -1.65311644448509831307 -4.06479187612191772416 = -71.38571016180087269731 @ 399990 141514 1
-2.09607547603280108817 4.99154500066609241316 3.97337604460523241556 -1.65311644448509875716 -4.06479187612191772416 = -71.38571017514652794489 @ 399781 141450 1
-2.09607547603280019999 4.99154500066609241316 3.97337604460520088523 -1.65311644448509831307 -4.06479187612191772416 = -71.38571018168595117004 @ 398815 141154 1
-2.09607547603246890944 4.99154500063783679309 3.97337604460513560412 -1.65311644448509831307 -4.06479187612191772416 = -71.38571286899873769016 @ 399420 141339 1
-2.09607547730924492768 4.99154500278148027803 3.97337604456484649873 -1.65311644454593609233 -4.06479187667251373739 = -71.38586419832833485088 @ 398956 141197 1
-2.09607427632920684246 4.99154246347349594970 3.97337559446723931345 -1.65311755595602671853 -4.06479176595278079986 = -71.38709485336408988587 @ 398760 141137 1
-3.62248559300956740614 -4.29516343513713039215 3.90513008152724339084 1.55666958196064708631 4.99930421182902939847 = -83.16639439581686588099 @ 399787 141452 1
-3.62248559300956740614 -4.29516343513713039215 3.90513008152724339084 1.55666958214577300090 4.99930421182902939847 = -83.16639443372372397789 @ 399097 141240 1
