-7.70831373096666805367 -7.08350640484370064343 -7.08350640772299300352 = 2709.09350557282641602797 @ 399097 68468 1
-7.70831373096666805367 -7.08350640484350169146 -7.08350640772299300352 = 2709.09350557282641602797 @ 399303 68521 1
-0.80032109620212354972 -7.70831373593783464315 5.48286419766473187565 = 2709.09350557282414229121 @ 399637 68608 1
5.48286420635626026154 5.48286419661493606981 4.85805688140540326003 = 2709.09350557282368754386 @ 397846 68144 1
-7.08350640327024994036 5.48286419918500822490 -7.70831372796229441491 = 2709.09350557282323279651 @ 395362 67504 1
-7.08350640327024994036 5.48286419915256129087 -7.70831372796229441491 = 2709.09350557282323279651 @ 398691 68362 1
-7.08350640327024994036 5.48286419661493606981 -7.70831372796819191962 = 2709.09350557282186855446 @ 397442 68043 1
5.48286421248388755600 -1.42512843160372093543 -0.80032108833936488335 = 2709.09350557282095905975 @ 395952 67658 1
-0.80032109620214397783 -7.70831373498184113657 5.48286418967394784119 = 2709.09350557281777582830 @ 399249 68508 1
-0.80032109620212354972 -7.70831373593783464315 5.48286418945142894898 = 2709.09350557281732108095 @ 397408 68034 1
-7.08350640784534668626 -1.42512843068363159738 -0.80032111848951570376 = 2709.09350557281595683889 @ 397398 68032 1
-7.08350640801995634632 -1.42512843068363159738 -0.80032111896771584991 = 2709.09350557281550209154 @ 394321 67229 1
5.48286419809560410243 -7.70831372815539150878 5.48286419106630074083 = 2709.09350557281550209154 @ 396863 67896 1
5.48286419814423719998 -7.70831372815539150878 5.48286419106630074083 = 2709.09350557281550209154 @ 397391 68030 1
5.48286419809560410243 -7.70831372813677884182 5.48286419106630074083 = 2709.09350557281550209154 @ 397588 68080 1
-7.08350642463588897613 5.48286419663242252653 4.85805688135298829877 = 2709.09350557281550209154 @ 398110 68212 1
-7.08350642445900291477 5.48286419662273427633 4.85805688135298829877 = 2709.09350557281550209154 @ 399334 68528 1
-7.08350642446389855422 5.48286419662258150964 4.85805688135298829877 = 2709.09350557281550209154 @ 399554 68586 1
-7.08350642463840163288 5.48286419663242252653 4.85805688135298829877 = 2709.09350557281550209154 @ 399958 68689 1
-1.42512842812738016463 -0.80032110291556368686 -7.08350638814657873610 = 2709.09350557281459259684 @ 393977 67139 1
-1.42512842812738016463 -0.80032110165720604655 -7.08350638814657873610 = 2709.09350557281459259684 @ 396830 67888 1
-7.70831373195349289773 -0.80032109851091093322 -7.08350638814657873610 = 2709.09350557281413784949 @ 399436 68555 1
-7.70831373195349289773 -0.80032109851090016406 -7.08350638814657873610 = 2709.09350557281413784949 @ 399456 68561 1
-0.80032109620212354972 -7.70831372787741475605 -0.80032108206474539269 = 2709.09350557281277360744 @ 397238 67991 1
-0.80032109620212354972 -7.70831372787642354893 -0.80032108206474539269 = 2709.09350557281277360744 @ 398679 68359 1
-0.80032109620212354972 -7.70831372771085376883 -0.80032108206474539269 = 2709.09350557281231886009 @ 398022 68191 1
5.48286420635626026154 -7.08350641678587589212 -1.42512844795312121349 = 2709.09350557281095461803 @ 395529 67548 1
4.85805689466156032097 5.48286420534930751813 5.48286418945142894898 = 2709.09350557281004512333 @ 399592 68596 1
-7.08350642713204603496 -7.08350639470342446913 -7.70831373943612696564 = 2709.09350557280959037598 @ 396668 67846 1
5.48286420348690040072 -7.08350641681605175393 -1.42512844959252293897 = 2709.09350557280913562863 @ 396396 67773 1
-7.08350642713204603496 -7.08350639470480647475 -7.70831373943612696564 = 2709.09350557280913562863 @ 397663 68099 1
5.48286420348690040072 -7.08350641681605175393 -1.42512844959252293897 = 2709.09350557280913562863 @ 399765 68641 1
-7.08350642713204603496 -7.08350639470342446913 -7.70831373943909881064 = 2709.09350557280868088128 @ 399412 68549 1
5.48286418616285953220 -1.42512843160372093543 -0.80032108833936488335 = 2709.09350557280822613393 @ 399503 68573 1
5.48286420617845848824 -7.70831373339854319937 -7.08350638339636695662 = 2709.09350557280777138658 @ 395899 67645 1
5.48286420617845848824 -7.70831373339854319937 -7.08350638248693531551 = 2709.09350557280686189188 @ 395530 67548 1
-7.08350643221252518344 5.48286420528298723553 4.85805687589377210855 = 2709.09350557280686189188 @ 398595 68337 1
-0.80032111178787457284 -7.08350641678587589212 -1.42512844886033263059 = 2709.09350557280549764982 @ 396584 67824 1
-0.80032111178787457284 -7.08350641678587589212 -1.42512844885179990051 = 2709.09350557280549764982 @ 397651 68096 1
-0.80032111178787457284 -7.08350641678587589212 -1.42512844885179990051 = 2709.09350557280549764982 @ 399939 68685 1
-1.42512842812738016463 -0.80032112146260792063 -0.80032111895282886938 = 2709.09350557280140492367 @ 395064 67425 1
-1.42512842953806995183 -0.80032112146260792063 -0.80032111895282886938 = 2709.09350557280140492367 @ 395915 67649 1
5.48286420303692789702 -7.70831373335671621305 -7.08350637908961022760 = 2709.09350557280140492367 @ 398148 68222 1
5.48286420300685328755 -7.70831373347112780436 -7.08350637907329883092 = 2709.09350557280140492367 @ 398398 68287 1
-1.42512843524974597287 -0.80032111942208661315 -7.08350638802433607566 = 2709.09350557280140492367 @ 399913 68678 1
-1.42512841472086604355 -7.08350638836754065153 -7.08350639082958544179 = 2709.09350557280049542896 @ 399569 68590 1
-7.08350643271972302273 -1.42512842413042339906 -7.08350639405941517879 = 2709.09350557279958593426 @ 397959 68174 1
-7.08350639329487474782 -0.80032107475016944775 4.85805688171442717760 = 2709.09350557279958593426 @ 398666 68356 1
-1.42512841470823370393 -7.08350638838133939146 -7.08350639034127826932 = 2709.09350557279958593426 @ 399031 68450 1
-1.42512841472086604355 -7.08350638838133939146 -7.08350639034125872939 = 2709.09350557279913118691 @ 397250 67994 1
-1.42512841475598817098 -7.08350638744588767537 -7.08350639034125872939 = 2709.09350557279822169221 @ 397952 68173 1
-0.80032109656949679266 4.85805690755037389295 -7.08350640815897047986 = 2709.09350557279822169221 @ 398557 68327 1
-0.80032109656949679266 4.85805690755037389295 -7.08350640815898469071 = 2709.09350557279822169221 @ 399212 68498 1
-7.70831373090851279528 -7.08350637848028075183 -7.08350641791480217790 = 2709.09350557279685745016 @ 396373 67766 1
-7.70831373421237042720 -7.08350637861740839440 -7.08350641874343356363 = 2709.09350557279685745016 @ 396950 67916 1
-7.70831373090851279528 -7.08350637848028075183 -7.08350641791327895191 = 2709.09350557279685745016 @ 398616 68342 1
-1.42512844173968811212 -0.80032112101096253287 -7.08350638814657873610 = 2709.09350557279503846075 @ 393804 67092 1
-1.42512842812738016463 -0.80032111620699797339 5.48286417808931236806 = 2709.09350557279185522930 @ 394664 67319 1
-1.42512842812738016463 -0.80032111619330936758 5.48286417808931236806 = 2709.09350557279185522930 @ 398001 68186 1
-7.70831374907826738507 -0.80032113197622445355 -0.80032109975076060060 = 2709.09350557278912674519 @ 394583 67297 1
-7.70831374907826738507 -0.80032113197622445355 -0.80032110007506485072 = 2709.09350557278912674519 @ 396124 67702 1
-7.70831374907826738507 -0.80032113197997489795 -0.80032110007506485072 = 2709.09350557278912674519 @ 398929 68425 1
4.85805689466079826389 -7.08350637858032605720 -7.08350641874343356363 = 2709.09350557278821725049 @ 398662 68355 1
5.48286419634128918688 4.85805684944677018677 -7.08350642189755319578 = 2709.09350557278821725049 @ 399177 68489 1
4.85805689466079826389 -7.08350637858318066264 -7.08350641874343356363 = 2709.09350557278776250314 @ 398393 68285 1
4.85805689466079826389 -7.08350637857994591684 -7.08350641874343356363 = 2709.09350557278730775579 @ 398154 68223 1
-1.42512842812738016463 -0.80032112146260792063 5.48286417808931236806 = 2709.09350557278594351374 @ 394511 67278 1
5.48286421248388755600 -1.42512843160372093543 -7.08350637212220934913 = 2709.09350557278548876639 @ 398577 68332 1
5.48286421248388755600 -1.42512843160371960316 -7.08350637212220934913 = 2709.09350557278548876639 @ 399749 68637 1
-0.80032107223600990054 -7.08350641620801013687 -1.42512845006539512482 = 2709.09350557278321502963 @ 396251 67735 1
-7.08350638101413299097 -7.70831376102897358749 -7.08350640292997812963 = 2709.09350557278276028228 @ 399566 68589 1
-0.80032112560200352469 4.85805690595664518838 -7.08350640635076889140 = 2709.09350557278230553493 @ 396507 67803 1
-7.08350638101415608361 -7.70831376102897358749 -7.08350640292997102421 = 2709.09350557278230553493 @ 399045 68454 1
-7.08350638101415608361 -7.70831376102897358749 -7.08350640292997812963 = 2709.09350557278230553493 @ 399388 68543 1
-7.70831373421237042720 5.48286417054334229704 5.48286421764447950977 = 2709.09350557278185078758 @ 396728 67861 1
-7.70831373421237042720 5.48286417054334229704 5.48286421817734304085 = 2709.09350557278185078758 @ 397725 68115 1
-7.70831373421237042720 5.48286417054334229704 5.48286421819533043021 = 2709.09350557278139604023 @ 396441 67786 1
-7.08350638101415608361 -7.70831376102897358749 -7.08350640293070732412 = 2709.09350557278139604023 @ 398872 68410 1
-7.08350642713204603496 4.85805690637263953846 5.48286422212287760658 = 2709.09350557278139604023 @ 399239 68505 1
-0.80032111398273098057 -1.42512845498548323953 -7.08350643221617737311 = 2709.09350557277775806142 @ 398383 68283 1
-0.80032111398183525264 -1.42512845498548323953 -7.08350643221421449880 = 2709.09350557277775806142 @ 398974 68436 1
5.48286421248388755600 -1.42512844330256971404 -7.08350637187438803011 = 2709.09350557277730331407 @ 394265 67214 1
5.48286421248388755600 -1.42512844330256971404 -7.08350637187439069464 = 2709.09350557277684856672 @ 399605 68599 1
5.48286419934036306501 4.85805691523592830805 5.48286419412528847062 = 2709.09350557277548432467 @ 399970 68692 1
5.48286419934036306501 4.85805691523782723351 5.48286419412483549962 = 2709.09350557277457482996 @ 397923 68165 1
5.48286419934036306501 4.85805691523782723351 5.48286419412528847062 = 2709.09350557277412008261 @ 398934 68426 1
-0.80032109620212354972 -7.70831373218964976957 -7.08350644898989756371 = 2709.09350557277184634586 @ 394661 67319 1
-0.80032109620210434286 -7.70831373218964976957 -7.08350644898989756371 = 2709.09350557277184634586 @ 399458 68562 1
-0.80032109620210434286 -7.70831373218964976957 -7.08350644898989756371 = 2709.09350557277184634586 @ 399819 68654 1
-0.80032109620212354972 -7.70831374306379402128 -7.08350644898989756371 = 2709.09350557276957260910 @ 393744 67076 1
-1.42512839019462078660 5.48286420534930751813 5.48286418945142894898 = 2709.09350557276866311440 @ 397794 68132 1
-1.42512839019098924709 5.48286420534930751813 5.48286418945142894898 = 2709.09350557276866311440 @ 398160 68224 1
5.48286421889276098796 -7.08350642167220811984 -7.70831369779949593379 = 2709.09350557276820836705 @ 397060 67943 1
5.48286421889276098796 -7.08350642167220811984 -7.70831369779949593379 = 2709.09350557276820836705 @ 398236 68243 1
5.48286421889276098796 -7.08350642167220634349 -7.70831369779949593379 = 2709.09350557276820836705 @ 399755 68638 1
5.48286421803887602522 -7.08350642349900727623 -7.70831369782605513308 = 2709.09350557276775361970 @ 399157 68484 1
-1.42512839040762595566 5.48286420522362405450 -7.08350638814657873610 = 2709.09350557276638937765 @ 397850 68146 1
-0.80032111311382014840 -1.42512845547317623662 5.48286423840224212967 = 2709.09350557276502513560 @ 398718 68370 1
-0.80032111311382014840 -1.42512845547298305782 5.48286423840500436455 = 2709.09350557276411564089 @ 397653 68097 1
-0.80032111311382014840 -1.42512845547298305782 5.48286423840500436455 = 2709.09350557276411564089 @ 399672 68617 1
-0.80032106697458815781 -1.42512843580747872174 -0.80032112895593388036 = 2709.09350557276320614619 @ 396159 67711 1
-0.80032111398273098057 -1.42512845490926243208 5.48286424022842844295 = 2709.09350557276138715679 @ 396987 67925 1
-0.80032106552128146060 -1.42512843249554599367 -0.80032112895593388036 = 2709.09350557276093240944 @ 395589 67563 1
-7.08350637030952068329 4.85805690595664518838 -7.08350640635076889140 = 2709.09350557275774917798 @ 399405 68547 1
-7.08350637030952068329 4.85805690595666295195 -7.08350640635076889140 = 2709.09350557275774917798 @ 399495 68571 1
5.48286416228929596173 5.48286422001892770339 4.85805688753317799211 = 2709.09350557275593018858 @ 396264 67738 1
5.48286416228929596173 5.48286421993546646547 4.85805688753323927642 = 2709.09350557275593018858 @ 399464 68563 1
5.48286416228932615979 5.48286421993546646547 4.85805688753317799211 = 2709.09350557275502069388 @ 399382 68542 1
-0.80032105592211733036 -7.70831372787741475605 5.48286419317602380374 = 2709.09350557275456594652 @ 396001 67670 1
5.48286420637922233823 4.85805683715967973058 -7.08350643041331018424 = 2709.09350557275183746242 @ 398975 68437 1
-0.80032106552128146060 -1.42512844896184898147 -0.80032112895593388036 = 2709.09350557274683524156 @ 392799 66828 1
-1.42512839019462078660 -7.08350637899558144284 -0.80032111278714601621 = 2709.09350557274683524156 @ 394205 67199 1
-1.42512839019462078660 -7.08350637899558144284 -0.80032111278714601621 = 2709.09350557274683524156 @ 397918 68163 1
5.48286421248388755600 -1.42512847723183511128 -0.80032110202918116393 = 2709.09350557274501625216 @ 397111 67957 1
-7.70831373201684044716 -0.80032109862683531443 -7.08350645829933256437 = 2709.09350557274410675745 @ 397119 67959 1
-7.70831373201684044716 -0.80032109862683531443 -7.08350645829933256437 = 2709.09350557274410675745 @ 398187 68231 1
-7.70831373195349289773 -0.80032109851091093322 -7.08350645829933256437 = 2709.09350557274365201010 @ 395753 67607 1
-7.08350638666857523873 -0.80032109985693977716 -7.70831378216390117331 = 2709.09350557273955928395 @ 399294 68519 1
-0.80032105295194921890 -7.70831372791377145148 -7.08350638602941273803 = 2709.09350557273819504189 @ 397755 68121 1
-7.08350643221231646152 5.48286420525404949444 -7.70831378162380609353 = 2709.09350557273592130514 @ 399221 68500 1
-7.08350638101415608361 -7.70831376102897358749 5.48286416771038176421 = 2709.09350557273410231574 @ 399579 68592 1
-7.08350638101415608361 -7.70831376102897358749 5.48286416771038176421 = 2709.09350557273410231574 @ 399901 68675 1
-1.42512838471714387012 -7.08350637916054104437 -0.80032111229185542989 = 2709.09350557273273807368 @ 397783 68129 1
5.48286419653949330666 -7.70831368458154564394 -0.80032108833936488335 = 2709.09350557273228332633 @ 395989 67667 1
-1.42512838471714387012 -7.08350637915463110517 -0.80032111229185542989 = 2709.09350557273228332633 @ 397953 68173 1
5.48286419634128918688 -7.70831368458154564394 -0.80032108833936488335 = 2709.09350557273182857898 @ 394454 67264 1
5.48286419634128918688 -7.70831368458154564394 -0.80032108830713732939 = 2709.09350557273182857898 @ 398324 68266 1
5.48286419634128918688 -7.70831368458154564394 -0.80032108807131618899 = 2709.09350557273137383163 @ 399847 68661 1
5.48286425244205410934 -0.80032110607475637210 -1.42512845762748585621 = 2709.09350557273000958958 @ 396730 67861 1
5.48286425244205410934 -0.80032110608404671837 -1.42512845762748585621 = 2709.09350557273000958958 @ 396865 67897 1
5.48286425244205410934 -0.80032110607475637210 -1.42512845762748585621 = 2709.09350557273000958958 @ 397541 68070 1
5.48286425266910804055 -0.80032110649483245712 -1.42512845762748585621 = 2709.09350557272910009488 @ 395094 67432 1
-7.08350643848507743883 -0.80032110028446590277 -7.70831378216390117331 = 2709.09350557272318837931 @ 397825 68139 1
-7.08350643861517070832 -0.80032109985693977716 -7.70831378216390117331 = 2709.09350557272273363196 @ 398249 68246 1
-0.80032109977537368994 -1.42512842413042339906 -7.08350646512347825734 = 2709.09350557272045989521 @ 396970 67921 1
-0.80032109977537368994 -1.42512842413042339906 -7.08350646512347825734 = 2709.09350557272045989521 @ 399810 68652 1
-0.80032112560200352469 -7.08350637749242739716 4.85805683577389046945 = 2709.09350557271454817965 @ 399405 68548 1
-7.08350642579275824318 -1.42512846986587327081 5.48286424410587347467 = 2709.09350557271272919024 @ 398372 68279 1
-7.08350642579275913135 -1.42512846986587327081 5.48286424412571182785 = 2709.09350557271272919024 @ 399581 68593 1
-7.08350642579275824318 -1.42512846986587327081 5.48286424412571182785 = 2709.09350557271227444289 @ 395747 67605 1
-1.42512839047057382480 5.48286420522362405450 -0.80032114600171755381 = 2709.09350557271181969554 @ 396417 67779 1
-1.42512839040762595566 5.48286420522362405450 -0.80032114600171755381 = 2709.09350557271181969554 @ 397811 68135 1
-1.42512839019462078660 5.48286420534930751813 -0.80032114600171755381 = 2709.09350557271136494819 @ 396572 67820 1
-7.70831373421237042720 5.48286417054334229704 -7.08350645591939986900 = 2709.09350557271136494819 @ 398135 68218 1
-1.42512839019462078660 5.48286420534930751813 -0.80032114599504711183 = 2709.09350557271136494819 @ 398750 68378 1
-7.70831373421237042720 5.48286417054334229704 -7.08350645591939986900 = 2709.09350557271136494819 @ 399821 68655 1
-7.08350638101415608361 -7.70831376102897358749 -0.80032105327521374516 = 2709.09350557271091020084 @ 399369 68538 1
-1.42512842796700822667 -7.08350646453727428309 5.48286422928685457379 = 2709.09350557270681747468 @ 398609 68341 1
-1.42512842796699690240 -7.08350646454511512218 5.48286422928685457379 = 2709.09350557270636272733 @ 399618 68602 1
-1.42512848482294751662 5.48286420140702546178 -7.08350638814657873610 = 2709.09350557270590797998 @ 397162 67971 1
-1.42512848482294751662 5.48286420140702190906 -7.08350638814657873610 = 2709.09350557270590797998 @ 399710 68627 1
-7.08350637387672410483 -7.08350637749242739716 4.85805683577389046945 = 2709.09350557269863202237 @ 399432 68554 1
-7.08350643212535846516 -7.08350634901862186155 -1.42512842910012138553 = 2709.09350557269817727502 @ 399133 68477 1
-7.08350643212535846516 -7.08350634901862186155 -1.42512842874239620272 = 2709.09350557269772252766 @ 397433 68041 1
-7.08350643212535846516 -7.08350634901603282145 -1.42512842910011383601 = 2709.09350557269681303296 @ 398728 68372 1
-1.42512842813157081245 -7.08350646734008559946 5.48286423078452322954 = 2709.09350557269362980151 @ 398940 68428 1
-1.42512842812738016463 -7.08350646616429280300 5.48286423597633199023 = 2709.09350557268908232800 @ 397320 68011 1
-7.08350637003606831144 -7.08350637641961355939 4.85805683575047630995 = 2709.09350557268771808594 @ 397789 68130 1
5.48286420635626026154 -7.08350635622788349366 4.85805683578909697218 = 2709.09350557268044212833 @ 398499 68312 1
5.48286420635626026154 -7.08350635622788349366 4.85805683578909697218 = 2709.09350557268044212833 @ 399825 68656 1
5.48286420635626026154 -7.08350635625274627216 4.85805683578909697218 = 2709.09350557267953263363 @ 397898 68158 1
-7.08350640784534668626 -7.08350635622788349366 4.85805683578909697218 = 2709.09350557267953263363 @ 399386 68542 1
-7.08350634672642076595 4.85805685069268111675 -7.08350642032687449756 = 2709.09350557267680414952 @ 395435 67523 1
-0.80032111128396787869 5.48286419664401236673 4.85805694430409218398 = 2709.09350557267498516012 @ 396342 67758 1
-0.80032110897575237107 5.48286419664401236673 4.85805694474466598365 = 2709.09350557267362091807 @ 395668 67584 1
-0.80032110890167706962 5.48286419664401236673 4.85805694474466598365 = 2709.09350557267362091807 @ 396927 67910 1
-0.80032111178787457284 5.48286419862268292746 4.85805694475123672760 = 2709.09350557267362091807 @ 398023 68191 1
-7.08350639088745914762 -7.70831380111101349684 -0.80032110071773265858 = 2709.09350557267316617072 @ 399665 68615 1
-7.08350639089863687303 -7.70831380111101349684 -0.80032110071773265858 = 2709.09350557267271142337 @ 398118 68214 1
-7.08350639089863687303 -7.70831380111309538705 -0.80032110071773265858 = 2709.09350557267271142337 @ 398559 68327 1
5.48286421768158405143 5.48286427547315291520 -7.70831372795619351734 = 2709.09350557267043768661 @ 399034 68451 1
-0.80032116892289373311 4.85805689628171322170 -0.80032110202918116393 = 2709.09350557266634496045 @ 398291 68258 1
-0.80032110897575237107 -0.80032110028402059232 -1.42512849822489484630 = 2709.09350557265906900284 @ 398270 68252 1
5.48286426033544671554 4.85805687669479979718 -0.80032105023801169974 = 2709.09350557265361203463 @ 397992 68183 1
5.48286420637922233823 4.85805681059469751659 -7.08350643041331018424 = 2709.09350557265361203463 @ 398878 68412 1
5.48286426033544671554 4.85805687669479979718 -0.80032105018015620157 = 2709.09350557265315728728 @ 397719 68114 1
5.48286426034941598573 4.85805687669479979718 -0.80032105018015620157 = 2709.09350557265315728728 @ 397870 68151 1
5.48286426034941598573 4.85805687669393915229 -0.80032105018015620157 = 2709.09350557265270253993 @ 399013 68446 1
-0.80032109620212354972 -7.70831366575744247882 -0.80032108206474539269 = 2709.09350557265179304522 @ 399351 68533 1
-7.08350639849193530750 4.85805680884204704739 -7.08350642278463737966 = 2709.09350557265133829787 @ 397458 68048 1
-7.08350639849193530750 4.85805681055222926545 -7.08350643041405536593 = 2709.09350557265088355052 @ 397277 68000 1
-7.08350643039736027617 -7.08350635160893382647 4.85805683577613667268 = 2709.09350557264770031907 @ 398926 68424 1
-7.08350645649862720177 -7.08350635037395370830 -1.42512842839614517487 = 2709.09350557264588132966 @ 397502 68059 1
-7.08350645649862720177 -7.08350635037395370830 -1.42512842839613118606 = 2709.09350557264588132966 @ 399685 68620 1
-7.08350639096788103899 -7.70831380715902891865 -0.80032110136930478816 = 2709.09350557264497183496 @ 396267 67738 1
-7.08350643207220720399 -0.80032110026015934601 -1.42512849822509468645 = 2709.09350557264315284556 @ 399222 68500 1
-7.08350643207220720399 -0.80032110026015335080 -1.42512849822509468645 = 2709.09350557264315284556 @ 399635 68607 1
-7.08350643207220720399 -0.80032110026015934601 -1.42512849822489484630 = 2709.09350557264269809821 @ 396636 67837 1
-7.08350643207220720399 -0.80032110028402059232 -1.42512849822489484630 = 2709.09350557264269809821 @ 398226 68241 1
5.48286420377824867955 -1.42512849272945185675 5.48286416612672589110 = 2709.09350557263314840384 @ 399326 68526 1
5.48286420377824867955 -1.42512849272945185675 5.48286416612672589110 = 2709.09350557263314840384 @ 399952 68688 1
-7.70831378879730344522 -7.08350637240872416101 5.48286425068972071983 = 2709.09350557262996517238 @ 398768 68383 1
-7.70831378879699169460 -7.08350637240872416101 5.48286425068972071983 = 2709.09350557262951042503 @ 398745 68377 1
-7.70831378933956568034 -7.08350637240363489866 5.48286425069414118383 = 2709.09350557262769143563 @ 398414 68290 1
-7.70831378933956568034 -7.08350637240287994700 5.48286425069414118383 = 2709.09350557262769143563 @ 398891 68415 1
-7.08350643271972302273 -1.42512842413042339906 -7.08350648247994740814 = 2709.09350557262632719357 @ 395841 67629 1
-0.80032102517468628466 -0.80032107475395608542 4.85805688171442717760 = 2709.09350557262450820417 @ 397533 68067 1
-0.80032102517468628466 -0.80032107485368264577 4.85805688161075632792 = 2709.09350557262314396212 @ 397336 68016 1
-0.80032102517468628466 -0.80032107485368264577 4.85805688160974380452 = 2709.09350557262314396212 @ 399159 68484 1
-7.08350637003606831144 -7.08350635160706509907 4.85805683577389046945 = 2709.09350557261768699391 @ 394483 67271 1
-7.70831367443265769168 5.48286420362914395099 -0.80032104584759666821 = 2709.09350557260586356279 @ 398082 68205 1
5.48286421768158405143 5.48286427453391489450 -7.70831378132574229767 = 2709.09350557260495406808 @ 396018 67675 1
5.48286421767240295111 5.48286427453391489450 -7.70831378132574229767 = 2709.09350557260495406808 @ 398870 68410 1
-0.80032116899115679498 4.85805689628171322170 -0.80032105583595336551 = 2709.09350557260222558398 @ 397210 67983 1
-0.80032116892289373311 4.85805689628171322170 -0.80032105583595336551 = 2709.09350557260222558398 @ 397510 68061 1
-0.80032116900711569585 4.85805689628171322170 -0.80032105583595336551 = 2709.09350557260177083663 @ 397406 68034 1
-0.80032118569378873918 -7.08350639470480647475 -7.70831373943612696564 = 2709.09350557258903791080 @ 399116 68473 1
-0.80032118569383670081 -7.08350639470480647475 -7.70831373943612696564 = 2709.09350557258903791080 @ 399119 68473 1
-7.08350632228425425296 -1.42512843068363159738 -0.80032111896771584991 = 2709.09350557258221670054 @ 393410 66988 1
-7.08350632228425425296 -1.42512843068363159738 -0.80032111888988621828 = 2709.09350557258221670054 @ 398088 68207 1
-7.70831366883331536854 5.48286420353185910415 -0.80032104600848275044 = 2709.09350557258176195319 @ 397294 68005 1
-7.08350648025859097601 4.85805687669479979718 -0.80032105023801169974 = 2709.09350557257630498498 @ 399322 68525 1
-7.08350648025859097601 4.85805687669479979718 -0.80032105023799493537 = 2709.09350557257630498498 @ 399482 68568 1
-1.42512838191317059433 -7.08350635251085236632 5.48286425906537111530 = 2709.09350557256902902736 @ 398954 68432 1
4.85805695337634801945 5.48286420084920678164 -0.80032114884194816007 = 2709.09350557256311731180 @ 399576 68591 1
4.85805695337624676711 5.48286420084522596596 -0.80032114901691375763 = 2709.09350557256175306975 @ 398099 68210 1
4.85805695337624676711 5.48286420084921566342 -0.80032114884194816007 = 2709.09350557256175306975 @ 398820 68397 1
4.85805695337624676711 5.48286420084522596596 -0.80032114901679385355 = 2709.09350557256175306975 @ 399427 68553 1
-0.80032118569378873918 4.85805690637255249698 5.48286422212287760658 = 2709.09350557256038882770 @ 395821 67623 1
-7.08350639329487474782 5.48286411937838913389 -1.42512844976214481107 = 2709.09350557256038882770 @ 397224 67987 1
-7.08350639329509590425 5.48286411937838913389 -1.42512844976214481107 = 2709.09350557256038882770 @ 399170 68487 1
-0.80032118569378873918 4.85805690637255249698 5.48286422212287760658 = 2709.09350557256038882770 @ 399867 68666 1
-7.08350639329509590425 5.48286411937838913389 -1.42512844976214481107 = 2709.09350557256038882770 @ 399877 68668 1
-7.08350639329487474782 5.48286411937728246357 -1.42512844976214481107 = 2709.09350557255993408035 @ 399194 68493 1
5.48286414168748414966 -0.80032107663658724750 4.85805681948906542544 = 2709.09350557255447711213 @ 397989 68183 1
5.48286414168748414966 -0.80032107663658724750 4.85805681948906542544 = 2709.09350557255447711213 @ 399872 68667 1
4.85805696657095076318 -7.08350638995701142875 -0.80032111273189732170 = 2709.09350557255265812273 @ 399466 68564 1
4.85805684085289790630 -7.08350632365628918308 5.48286421135961887785 = 2709.09350557255220337538 @ 399140 68479 1
4.85805684085289790630 -7.08350632365628918308 5.48286421135961887785 = 2709.09350557255220337538 @ 399870 68667 1
4.85805684082273447899 -7.08350632365628918308 5.48286421135961887785 = 2709.09350557255174862803 @ 397567 68075 1
4.85805684056215536515 -7.08350632364677679220 5.48286421135961887785 = 2709.09350557254992963863 @ 397572 68076 1
-0.80032110897575237107 5.48286419664401236673 -7.70831382535761200359 = 2709.09350557254902014392 @ 397962 68175 1
4.85805696659381514024 -7.08350637947176764442 -0.80032111273189732170 = 2709.09350557253674196545 @ 399838 68659 1
4.85805696659381514024 -7.08350637896463286580 -0.80032111278714601621 = 2709.09350557253583247075 @ 397434 68042 1
4.85805696659378227764 -7.08350637899558144284 -0.80032111273189732170 = 2709.09350557253583247075 @ 399534 68581 1
4.85805696488702398739 5.48286420141851493781 5.48286416771038176421 = 2709.09350557252764701843 @ 397489 68056 1
4.85805696494545546926 5.48286420093838255951 5.48286416771038176421 = 2709.09350557252719227108 @ 396377 67768 1
-7.08350639555582439755 -1.42512852004454892985 -7.08350638814657873610 = 2709.09350557252582802903 @ 398938 68427 1
4.85805683351133144043 -7.08350632328850338126 5.48286422212287760658 = 2709.09350557252173530287 @ 398994 68441 1
4.85805696619596893981 5.48286420085089787335 5.48286416772896778582 = 2709.09350557252037106082 @ 397950 68172 1
-7.08350639329487474782 -0.80032107475016944775 4.85805697173764627905 = 2709.09350557250718338764 @ 398726 68371 1
4.85805696617838389528 5.48286420323394363407 5.48286416240951179901 = 2709.09350557250536439824 @ 397301 68007 1
4.85805696659381514024 5.48286420522362405450 -0.80032114584153646319 = 2709.09350557250081692473 @ 396651 67841 1
-0.80032106585018292222 -1.42512852004454892985 -7.08350638814657873610 = 2709.09350557249172197771 @ 395455 67529 1
-0.80032106585018292222 -1.42512852004454892985 -7.08350638814657873610 = 2709.09350557249172197771 @ 397999 68186 1
-0.80032108482016939277 5.48286416043594737602 -1.42512851616075186811 = 2709.09350557248944824096 @ 396148 67708 1
-0.80032108482016939277 5.48286416043594737602 -1.42512851616075186811 = 2709.09350557248944824096 @ 399984 68696 1
-0.80032108482016939277 5.48286416027446144028 -1.42512851616075186811 = 2709.09350557248853874626 @ 397987 68182 1
-0.80032108482016939277 5.48286416027446144028 -1.42512851616075186811 = 2709.09350557248853874626 @ 399928 68682 1
4.85805695729099529245 5.48286414877520922317 -7.08350636804660993562 = 2709.09350557246125390520 @ 396188 67718 1
-7.08350639780527391309 -7.70831372074732978916 5.48286409833574595041 = 2709.09350557244033552706 @ 399528 68580 1
4.85805683351068218201 -7.08350632328860374543 -0.80032104600848275044 = 2709.09350557243533330620 @ 399083 68465 1
-0.80032108144003988315 5.48286416033359103039 -1.42512852431482528459 = 2709.09350557243442381150 @ 393399 66985 1
5.48286420377824867955 -1.42512849272945185675 5.48286410389877953975 = 2709.09350557234756706748 @ 399232 68503 1
4.85805676564620814162 -7.08350644629900116911 -7.08350641725674723403 = 2709.09350557234301959397 @ 399354 68534 1
4.85805676564620814162 -7.08350644629900116911 -7.08350641725674723403 = 2709.09350557234301959397 @ 399898 68674 1
4.85805689466079826389 -0.80032121782708143254 -7.08350644898989756371 = 2709.09350557232210121583 @ 397908 68161 1
-7.70831361375253365509 -0.80032108322175343762 5.48286419703984950758 = 2709.09350557231300626881 @ 399065 68460 1
-7.70831361375256918222 -0.80032108322175343762 5.48286419703982375040 = 2709.09350557231300626881 @ 399492 68570 1
4.85805689466156032097 -0.80032120503124437594 -7.08350632983610939419 = 2709.09350557227480749134 @ 399024 68449 1
4.85805689466156032097 -0.80032120503124437594 -7.08350632983605255077 = 2709.09350557227480749134 @ 399463 68563 1
4.85805689466079826389 -0.80032120503124437594 -7.08350632983610939419 = 2709.09350557227435274399 @ 395543 67551 1
5.48286420635626026154 -7.08350628309227303703 4.85805683578909697218 = 2709.09350557226753153373 @ 399092 68467 1
-7.08350643271972302273 -7.70831380823661493906 -0.80032120673364237629 = 2709.09350557226525779697 @ 391470 66480 1
5.48286414888251183442 5.48286427598040404519 -7.70831364015888276242 = 2709.09350557225934608141 @ 399095 68467 1
5.48286414888251183442 5.48286427598043246689 -7.70831364015888276242 = 2709.09350557225934608141 @ 399261 68511 1
5.48286414888251183442 5.48286427598050440935 -7.70831364015888276242 = 2709.09350557225934608141 @ 399417 68551 1
-1.42512848539393766067 5.48286420050190770326 -7.08350652783994139128 = 2709.09350557225252487115 @ 397068 67946 1
-7.08350648025859097601 -7.70831383588956864372 5.48286425650865805181 = 2709.09350557223797295592 @ 398996 68441 1
-7.08350641330769370541 4.85805701032917003346 5.48286422114150528984 = 2709.09350557223478972446 @ 395319 67493 1
-0.80032119612535557174 -7.08350640983956747476 -7.70831364106525196433 = 2709.09350557223206124036 @ 398703 68366 1
5.48286425266910804055 -1.42512849378227390851 -7.08350629523031916079 = 2709.09350557220932387281 @ 393764 67081 1
-0.80032097114304490137 -7.08350635625274627216 4.85805688135298829877 = 2709.09350557220614064136 @ 399446 68558 1
-0.80032097114304490137 -7.08350635625274627216 4.85805688135298829877 = 2709.09350557220614064136 @ 399979 68695 1
4.85805689466079826389 -0.80032121776593723173 -7.08350633250428707299 = 2709.09350557219659094699 @ 399359 68535 1
4.85805689466079826389 -0.80032121776593723173 -7.08350633250428707299 = 2709.09350557219659094699 @ 399797 68649 1
-0.80032097114304490137 -7.08350635625274449581 4.85805685647314877684 = 2709.09350557218931498937 @ 399633 68606 1
5.48286421562467829460 -7.70831372063605346767 -7.08350626691243778765 = 2709.09350557218158428441 @ 397376 68026 1
4.85805700513363536430 -0.80032104563416073262 -0.80032111895282886938 = 2709.09350557218067478971 @ 399501 68573 1
4.85805700513363536430 -0.80032104563416073262 -0.80032111895282886938 = 2709.09350557218067478971 @ 399791 68647 1
-0.80032118782531314061 -7.08350640945602272325 -7.70831362224177762954 = 2709.09350557214929722250 @ 397800 68133 1
-0.80032118786079020634 -7.08350640983956747476 -7.70831362224177762954 = 2709.09350557214838772779 @ 397969 68177 1
5.48286419547917969197 -0.80032095630387412033 -1.42512844438845553974 = 2709.09350557214793298044 @ 395962 67661 1
-7.70831360793296038736 -7.08350635866753020053 -0.80032114211732130471 = 2709.09350557214429500164 @ 396967 67920 1
-0.80032097114536138172 -7.08350635625273294949 4.85805683577389046945 = 2709.09350557214293075958 @ 399438 68556 1
5.48286416296038314755 -7.70831384515859863171 5.48286428894585764482 = 2709.09350557214247601223 @ 396833 67889 1
5.48286430593746132445 -7.08350651282979715262 -1.42512845387989051105 = 2709.09350557213474530727 @ 398857 68407 1
5.48286430593876161765 -7.08350651282979715262 -1.42512845386950948168 = 2709.09350557213474530727 @ 398989 68439 1
4.85805701156022085030 -0.80032104563416073262 -0.80032111833396146761 = 2709.09350557212519561290 @ 398030 68193 1
-7.70831360793296038736 -7.08350634935421563654 -0.80032114211732130471 = 2709.09350557211200793972 @ 399091 68467 1
4.85805701157404179469 -0.80032104563416073262 5.48286417808931236806 = 2709.09350557210927945562 @ 397821 68138 1
4.85805701155677827074 -0.80032104563416073262 5.48286417808931236806 = 2709.09350557210882470827 @ 398282 68255 1
4.85805701157146607727 -0.80032104563416073262 5.48286417808931236806 = 2709.09350557210746046621 @ 398123 68215 1
-7.08350637013429640376 -0.80032095630387412033 -1.42512844438845553974 = 2709.09350557210700571886 @ 396930 67910 1
-7.70831372871606212982 -0.80032120935649153637 5.48286410301557847191 = 2709.09350557210154875065 @ 397692 68107 1
-7.70831372871606212982 -0.80032120935649153637 5.48286410301557847191 = 2709.09350557210154875065 @ 399085 68465 1
5.48286426068458521144 4.85805687929204044195 5.48286406379534696498 = 2709.09350557207926613046 @ 396811 67883 1
5.48286418034982236946 -1.42512849277014685967 -0.80032123687911882470 = 2709.09350557206744269934 @ 396978 67923 1
5.48286418034982236946 -1.42512849277014685967 -0.80032123705082303111 = 2709.09350557206607845728 @ 396261 67737 1
-7.08350639329487474782 5.48286436095489193576 -1.42512844973380392588 = 2709.09350557204152210033 @ 398060 68200 1
-1.42512842823567620343 -0.80032117606832720025 -0.80032123832821711051 = 2709.09350557203424614272 @ 397405 68034 1
-1.42512842823567620343 -0.80032117606833741430 -0.80032123832821711051 = 2709.09350557203424614272 @ 399355 68534 1
5.48286419011931425160 4.85805672525599252509 -7.08350639405941517879 = 2709.09350557201469200663 @ 397059 67943 1
4.85805701149152024954 -0.80032103346259597654 -0.80032115372801093667 = 2709.09350557199650211260 @ 397603 68084 1
5.48286420635626026154 -7.08350625674654033048 4.85805680281711627089 = 2709.09350557190145991626 @ 397382 68028 1
-0.80032127929046248394 5.48286419744218100902 -7.70831372795619351734 = 2709.09350557179823226761 @ 398493 68310 1
-0.80032127929046248394 5.48286419744218100902 -7.70831372794394109604 = 2709.09350557179777752026 @ 398813 68395 1
-0.80032127929046248394 5.48286419744287822908 -7.70831372795619351734 = 2709.09350557179777752026 @ 399039 68453 1
4.85805704675889504784 -0.80032106390004909002 5.48286423987413584769 = 2709.09350557179595853086 @ 397856 68147 1
-1.42512841073533036429 -0.80032092400057808224 5.48286417633648959225 = 2709.09350557178868257324 @ 394556 67290 1
4.85805671637744929114 5.48286414879611694317 -7.08350636804660993562 = 2709.09350557177731388947 @ 399448 68559 1
4.85805671637744929114 5.48286414879611871953 -7.08350636804660993562 = 2709.09350557177685914212 @ 397744 68119 1
4.85805671645561254479 5.48286414879611339046 -7.08350636804660993562 = 2709.09350557177640439477 @ 399523 68578 1
4.85805671645561254479 5.48286414879611871953 -7.08350636804660993562 = 2709.09350557177594964742 @ 397192 67979 1
-1.42512852640052378739 5.48286412494782648963 5.48286434021539204053 = 2709.09350557171637774445 @ 398020 68190 1
-1.42512852640052378739 5.48286412494782648963 5.48286434021539204053 = 2709.09350557171637774445 @ 399470 68565 1
-0.80032106552356729878 -0.80032091708474784042 4.85805687338166514166 = 2709.09350557170955653419 @ 398566 68329 1
-0.80032106552128146060 -0.80032091708474784042 4.85805687338166514166 = 2709.09350557170910178684 @ 398485 68308 1
-0.80032097088403986174 -0.80032096273909669737 -1.42512841892127339882 = 2709.09350557167726947227 @ 393106 66907 1
-0.80032097088403986174 -0.80032096273909669737 -1.42512841892127339882 = 2709.09350557167726947227 @ 396548 67814 1
-7.08350659003499050215 4.85805692614038164834 5.48286424324385990303 = 2709.09350557164225392626 @ 399589 68595 1
-7.08350639429310291462 4.85805670321052396332 5.48286430366872501452 = 2709.09350557147763538524 @ 399443 68557 1
-7.08350639429310291462 4.85805670321052396332 5.48286430366872501452 = 2709.09350557147763538524 @ 399772 68642 1
-7.08350639429310291462 4.85805670321051419336 5.48286430367193577951 = 2709.09350557147581639583 @ 397723 68115 1
-0.80032096065216296044 -0.80032095229752342469 -1.42512839833447313431 = 2709.09350557146535720676 @ 395553 67554 1
-7.70831355222444880582 5.48286420006956376483 -0.80032100882417733789 = 2709.09350557142079196637 @ 396941 67913 1
-7.70831355222444880582 5.48286420006357655410 -0.80032100882417733789 = 2709.09350557142079196637 @ 398101 68210 1
-7.70831375444250443962 -7.08350636631470820248 5.48286441405008240224 = 2709.09350557138122894685 @ 396701 67854 1
-1.42512833384196602182 -7.08350624411076523756 -0.80032120070923018496 = 2709.09350557134575865348 @ 394652 67316 1
-7.08350627074898131497 -0.80032093327011133432 4.85805687338166514166 = 2709.09350557132984249620 @ 397462 68049 1
-7.08350627074898131497 -0.80032093291999895079 4.85805688205117469636 = 2709.09350557132665926474 @ 396742 67864 1
-7.70831395243791472893 -7.08350639026157846700 -0.80032109946896101693 = 2709.09350557122570535284 @ 396596 67827 1
-7.70831395243791295258 -7.08350639026157846700 -0.80032109946896101693 = 2709.09350557122525060549 @ 399604 68599 1
4.85805687411313336099 5.48286398516096795674 5.48286416771038176421 = 2709.09350557120433222735 @ 395743 67604 1
-7.70831380275154298687 -0.80032131020628316520 -0.80032104243246315889 = 2709.09350557115567426081 @ 395429 67521 1
5.48286438289393274204 5.48286406982506591135 -1.42512837723116647659 = 2709.09350557114248658763 @ 396438 67785 1
5.48286438289393274204 5.48286406982530127863 -1.42512837723116647659 = 2709.09350557114248658763 @ 398159 68224 1
5.48286438347798643633 5.48286406982506591135 -1.42512837631108224556 = 2709.09350557113339164061 @ 395828 67625 1
-7.70831385202155150438 5.48286400737452961351 -7.08350641295240723849 = 2709.09350557109291912639 @ 398080 68205 1
-7.70831385202155150438 5.48286400737452961351 -7.08350641295240723849 = 2709.09350557109291912639 @ 399863 68665 1
-7.70831385235342558815 5.48286400737452961351 -7.08350641295240723849 = 2709.09350557109155488433 @ 399601 68598 1
-7.70831367598132111141 5.48286420006956376483 -0.80032087477244473472 = 2709.09350557107336499030 @ 396890 67903 1
5.48286443740171858252 -7.70831367892529595309 -7.08350643207331120976 = 2709.09350557099423895124 @ 398205 68236 1
-7.08350627246198616405 4.85805689525832651299 -0.80032089691684582533 = 2709.09350557090374422842 @ 395450 67527 1
-0.80032105295194921890 4.85805662460008935710 5.48286417604234888046 = 2709.09350557053858210566 @ 394530 67283 1
-0.80032105295194921890 4.85805662460008935710 5.48286417604234888046 = 2709.09350557053858210566 @ 397654 68097 1
-1.42512859955867421391 -7.08350657341763056962 -0.80032123989655901131 = 2709.09350557033121731365 @ 398774 68384 1
-7.08350643242438415825 4.85805701032917003346 -0.80032134383606456929 = 2709.09350557032394135604 @ 395323 67494 1
-7.70831401345629885213 -7.08350635473704404177 5.48286425786375897218 = 2709.09350557004108850379 @ 395669 67584 1
-7.70831402093549655774 5.48286416601061965537 5.48286421819533043021 = 2709.09350557001516790478 @ 396885 67901 1
-7.70831402093549655774 5.48286416601062143172 5.48286421819533043021 = 2709.09350557001471315743 @ 399651 68611 1
-7.08350642941589114798 -0.80032116478083581423 -1.42512872771045473463 = 2709.09350556964818679262 @ 398897 68416 1
-0.80032109656949679266 4.85805690755037389295 5.48286387885532899844 = 2709.09350556935214626719 @ 398157 68224 1
-0.80032101975592107035 -7.70831362597688585225 -0.80032141273313861518 = 2709.09350556908566431957 @ 398823 68398 1
-7.08350635612170442812 -0.80032092972386170704 4.85805716304787171822 = 2709.09350556907702411991 @ 398656 68353 1
-7.70831373618381654467 -0.80032075634867816394 -7.08350642723404266832 = 2709.09350556901881645899 @ 396617 67832 1
-1.42512856450282776599 -0.80032130503252241205 -0.80032136556551092266 = 2709.09350556860499636969 @ 396938 67913 1
-1.42512841711974180825 -7.08350657539074646252 5.48286387197666424953 = 2709.09350556832896472770 @ 398843 68403 1
-7.08350603593008631975 -1.42512847468151404584 5.48286410518051425811 = 2709.09350556799381593009 @ 396525 67808 1
5.48286420635626026154 -0.80032071570671803329 -7.70831382451286994950 = 2709.09350556781282648444 @ 399943 68686 1
5.48286420637922233823 -0.80032071570698659624 -7.70831382451068325423 = 2709.09350556781237173709 @ 398094 68208 1
5.48286420635626026154 -0.80032071570671803329 -7.70831382451068325423 = 2709.09350556781237173709 @ 399172 68487 1
4.85805689466079826389 -0.80032083622756577945 5.48286390655895328194 = 2709.09350556769186368911 @ 396007 67672 1
5.48286434403396683024 5.48286462991941991874 4.85805696479147375300 = 2709.09350556623030570336 @ 396336 67757 1
-1.42512862674068263580 5.48286460739603498382 -0.80032116499971073242 = 2709.09350556621484429343 @ 396594 67826 1
-0.80032119192562389820 -7.70831420233760233884 -7.08350645560699465619 = 2709.09350556511662944104 @ 398888 68415 1
-0.80032151769851400669 5.48286445499825436656 -7.70831381190786402158 = 2709.09350556507160945330 @ 399869 68666 1
5.48286419947806891173 -1.42512792953074129976 5.48286409978523359143 = 2709.09350556404569942970 @ 395277 67482 1
-0.80032072725607750208 -7.08350631062766833423 -1.42512807950838071847 = 2709.09350556394520026515 @ 397630 68090 1
-7.08350645890090824253 -1.42512895001161110642 -7.08350626681581907462 = 2709.09350556290473832632 @ 394244 67209 1
-7.08350634918698940368 -7.08350647624493667820 -7.70831428015350716976 = 2709.09350556253684771946 @ 399722 68630 1
-7.70831400613210337980 5.48286442052061850916 5.48286465557400415349 = 2709.09350556242543461849 @ 399702 68625 1
-7.70831400613210337980 5.48286442052061762098 5.48286465557400415349 = 2709.09350556242497987114 @ 397864 68149 1
5.48286413982607889750 -0.80032112068558258766 -7.70831429066367856962 = 2709.09350556224853789899 @ 395385 67510 1
-0.80032152143868440231 -0.80032071622751166373 -7.70831382451064950345 = 2709.09350556214440075564 @ 399202 68496 1
-0.80032152143856694071 -0.80032071622751166373 -7.70831382451064950345 = 2709.09350556214440075564 @ 399428 68554 1
-0.80032152143868440231 -0.80032071622751166373 -7.70831382451074809126 = 2709.09350556214303651359 @ 399378 68540 1
-0.80032152143868440231 -0.80032071616077227194 -7.70831382535761200359 = 2709.09350556213848904008 @ 395181 67456 1
5.48286414386598597304 -0.80032112559900847604 -7.70831431072896489098 = 2709.09350556149138355977 @ 395682 67588 1
-7.08350640157574318323 5.48286420119244066740 -7.70831432167301233704 = 2709.09350556120580222341 @ 394448 67262 1
-0.80032084327041341787 4.85805740930684226697 5.48286416147240895924 = 2709.09350556112667618436 @ 396762 67870 1
-7.08350623262861400775 -1.42512893282141983597 -7.08350672693139848946 = 2709.09350555997025367105 @ 395881 67640 1
-7.08350647104414665733 5.48286481664881719666 4.85805707987909496381 = 2709.09350555940409321920 @ 396832 67888 1
-0.80032104107176160745 -0.80032091705143759697 4.85805750115201462336 = 2709.09350555854098274722 @ 397827 68140 1
4.85805687956919207693 -0.80032085654191176260 -0.80032176556359035935 = 2709.09350555673836424830 @ 396227 67728 1
-7.08350612592407902213 -0.80032044569924831734 -7.70831385216737974275 = 2709.09350555607625210541 @ 396211 67723 1
-7.70831373641641359740 5.48286344287398996755 -7.08350644913533855629 = 2709.09350555406717830920 @ 395516 67544 1
-0.80032102985825925856 -1.42512852277272106249 5.48286497620699808664 = 2709.09350555338141930406 @ 392122 66650 1
-7.08350562504989245127 -7.08350643862160289643 4.85805685981361623504 = 2709.09350555314858866041 @ 399700 68625 1
-7.70831416925146939434 -0.80032109848809962482 -0.80032174905446284985 = 2709.09350555297851315117 @ 397285 68002 1
-7.08350719609918488828 4.85805696567378841877 -0.80032126152000415686 = 2709.09350555180981245940 @ 395032 67416 1
5.48286420920570183313 -0.80032061684023825254 4.85805752066009777224 = 2709.09350555139963034890 @ 398683 68360 1
5.48286420920570183313 -0.80032061659788966690 4.85805752105675114905 = 2709.09350555137507399195 @ 396910 67906 1
-0.80032123622905271265 -1.42512764899136801233 5.48286410389924849795 = 2709.09350555136006732937 @ 399002 68443 1
-7.08350605768269225848 -1.42512917569925967598 -0.80032093615599564362 = 2709.09350554914772146731 @ 396059 67685 1
-0.80032097088403986174 -0.80032024551252867184 -1.42512841913365262414 = 2709.09350554885122619453 @ 397110 67957 1
-7.08350683921471802051 -7.70831418593006567619 -7.08350572611113538102 = 2709.09350554510274378117 @ 396253 67735 1
5.48286416363601247781 5.48286332582079705134 -7.70831342650074269329 = 2709.09350554466254834551 @ 395871 67637 1
5.48286325859675827132 4.85805662460008935710 5.48286417415495197503 = 2709.09350554178763559321 @ 397413 68036 1
5.48286325774263794131 4.85805662460008935710 5.48286417415312676837 = 2709.09350554173579439521 @ 398818 68396 1
4.85805783856306749868 -7.08350643594136109016 5.48286408148026449538 = 2709.09350554115599152283 @ 397371 68025 1
-0.80031999820484889252 4.85805689445823496442 -0.80032106405410119443 = 2709.09350553382228099508 @ 398661 68355 1
5.48286463900132670091 -1.42512832086305141210 5.48286522381039187479 = 2709.09350553327931265812 @ 398946 68429 1
5.48286463900132670091 -1.42512832086305141210 5.48286522381039187479 = 2709.09350553327931265812 @ 399889 68672 1
5.48286463900132670091 -1.42512832088488661242 5.48286522381445706742 = 2709.09350553327885791077 @ 398394 68286 1
5.48286545919165657637 5.48286436473226945765 -1.42512845201068305556 = 2709.09350552171372328303 @ 395945 67656 1
5.48286546170487909535 5.48286436374945385097 -1.42512845400597210066 = 2709.09350552151818192215 @ 397219 67986 1
-0.80032209997546177593 4.85805601609637527361 -7.08350661552444371694 = 2709.09350551424313380267 @ 396792 67878 1
4.85805700850851529538 -0.80031974548880369102 -0.80032115630664779626 = 2709.09350551329544032342 @ 399647 68610 1
-0.80032110322789529189 -7.70831320829244415194 5.48286546987784273455 = 2709.09350551227362302598 @ 393701 67064 1
-1.42512710581077817196 5.48286412593436534024 -0.80032062283001481617 = 2709.09350550616272812476 @ 399144 68480 1
-7.08350643221231912605 5.48286423211662832244 -1.42512697063307669509 = 2709.09350550093813581043 @ 399582 68593 1
5.48286516994345429765 4.85805591419533300268 -0.80032174055450511219 = 2709.09350549847931688419 @ 397500 68059 1
-7.08350643031059856725 -1.42512979175928466979 -0.80032176556359035935 = 2709.09350549576993216760 @ 398591 68336 1
-1.42512689120798441422 -0.80032120503124437594 -7.08350634252182320694 = 2709.09350549244891226408 @ 399259 68510 1
-7.70831373195349289773 -0.80032273601092351889 -7.08350645721233451724 = 2709.09350548698694183258 @ 398373 68280 1
-7.70831373090851279528 -0.80032098285975128427 5.48286586975453715809 = 2709.09350548371367040090 @ 399247 68507 1
-1.42512684212768592218 -0.80032083495028083497 5.48286465719502125182 = 2709.09350547898520744639 @ 398262 68249 1
-0.80032272994348763184 5.48286349582551846282 -7.70831382689740074454 = 2709.09350547121812269324 @ 399058 68458 1
-1.42513019954847863779 5.48286454358847574753 -7.08350636201967276406 = 2709.09350546303994633490 @ 397667 68100 1
4.85805696854545487895 -7.08350710852000720053 -0.80031938764743493220 = 2709.09350546274936277769 @ 398583 68334 1
-7.08350859730874571341 -1.42512884787718085988 5.48286408953120396603 = 2709.09350541271896872786 @ 397359 68021 1
-0.80031977487456706921 -1.42513063962598707235 -0.80032105327521374516 = 2709.09350535107478208374 @ 396595 67827 1
5.48286568844350696850 -7.70831452945344253180 5.48286185708046502896 = 2709.09350530412621083087 @ 396378 67768 1
-7.08350719609918488828 -1.42512885984176240761 -0.80032388307617818857 = 2709.09350529836183341104 @ 398694 68363 1
-0.80031809921087049275 -1.42512853875596468001 -7.08350647723067350370 = 2709.09350528347522413242 @ 395033 67417 1
-0.80032111398273098057 5.48286074297896952601 4.85805706723106744960 = 2709.09350518698283849517 @ 397526 68066 1
-7.70831336357668561732 5.48286783702393520912 -0.80032163780648346574 = 2709.09350513636582036270 @ 399533 68581 1
-7.70831610522486965209 -0.80032171549514152797 5.48286707397184880364 = 2709.09350510724425475928 @ 399299 68521 1
-7.70831610522496379900 -0.80032171549550368272 5.48286707397184880364 = 2709.09350510724334526458 @ 398161 68225 1
5.48286425667453691801 -7.70831507503228685607 5.48286802716901267019 = 2709.09350504412714144564 @ 398667 68356 1
-7.08351069331314064925 5.48286427598040404519 -7.70831354616476538411 = 2709.09350498261574102798 @ 398091 68208 1
-7.08351074508083478065 4.85805650056154192384 5.48286409109315719945 = 2709.09350496440083588823 @ 398833 68400 1
-7.08351076167227144964 -1.42512837749821108524 5.48286435680943551318 = 2709.09350496423621734721 @ 399160 68485 1
-0.80032111398273098057 -1.42512360808765681242 -0.80032162554369556950 = 2709.09350477833413606277 @ 396952 67917 1
-0.80032111403441430486 -1.42512360808765681242 -0.80032162554369556950 = 2709.09350477833413606277 @ 398149 68222 1
5.48286516994345429765 -0.80031593940377254714 4.85805673680230842848 = 2709.09350468842512782430 @ 396648 67840 1
-1.42513353890552108005 -0.80032030709176293914 -0.80032063575924439203 = 2709.09350466257774314727 @ 395856 67633 1
-0.80031521531839200367 -7.08350631340557246318 -1.42512842795248650951 = 2709.09350446213875329704 @ 399822 68655 1
-7.70831374716467188080 -0.80032074951910670002 -0.80031518190975026172 = 2709.09350444582787531544 @ 396533 67810 1
-1.42512173431152966430 -0.80032123785434805541 -7.08350635188127686348 = 2709.09350405694112851052 @ 396163 67712 1
5.48286454169062853481 -7.08350623028021164629 4.85804954546788092529 = 2709.09350374977520914399 @ 399547 68584 1
4.85805237784919707877 5.48287035178146453518 -0.80032108206474539269 = 2709.09350367713068408193 @ 398504 68313 1
-7.08349778847774746993 -1.42512646111061869192 5.48286415957845552072 = 2709.09350306014812304056 @ 396827 67887 1
5.48286458604059756539 -7.70831509725459707028 5.48287429062017395154 = 2709.09350224546869867481 @ 398904 68418 1
-1.42511857775114370028 -0.80031771756477032564 -0.80032110581177506869 = 2709.09350192486044761608 @ 395831 67626 1
-7.08350797205504534304 4.85804481884344507847 -7.08350220469439229021 = 2709.09350001006077945931 @ 399006 68444 1
5.48287760474752072781 -0.80032033505665645112 -7.70831351095118133543 = 2709.09349979731177882059 @ 398953 68431 1
-1.42512940735851190155 5.48286432128294176636 -7.08353557306599235233 = 2709.09347826882049048436 @ 397387 68029 1
5.48286416175958457586 5.48280608254097590049 4.85805683577389046945 = 2709.09339725914423979702 @ 399826 68656 1
4.85813479176155027517 -7.08350636874497840978 5.48286374935714704293 = 2709.09330029855755128665 @ 398162 68225 1
-1.42512826345245691151 -7.08314551052885654769 5.48286393220097245660 = 2709.08933005550034067710 @ 395054 67422 1
-1.42512689121275770709 -7.08350658017111012299 -7.08076674281977336278 = 2708.85296832586345772143 @ 398177 68228 1
-1.42512689121275770709 -7.08350658017111012299 -7.08076674281977336278 = 2708.85296832586345772143 @ 399999 68700 1
-1.42513475475209028254 -1.40701874869943033275 -1.42512845400515386629 = 2123.41815495838727656519 @ 399498 68572 1
-1.42513475603074724063 -1.40701874869943033275 -1.42512845400515386629 = 2123.41815495795890456066 @ 399175 68488 1
-1.42513484082012609200 -1.40701874872662058280 -7.70831275250250591569 = 2123.41815493011927173939 @ 398273 68252 1
-1.42513484069351492600 -1.40701874869125531653 -7.70831281665076595289 = 2123.41815489908140079933 @ 399012 68446 1
-1.42513484069351492600 -1.40701874869453713579 -7.70831275250250591569 = 2123.41815489903228808544 @ 399286 68517 1
-1.42513484069351492600 -1.40701874869125531653 -7.70831275250250591569 = 2123.41815489584769238718 @ 396929 67910 1
-1.42512173431152966430 -1.40701874872662058280 -7.70831275250250591569 = 2123.41815483232812766801 @ 399880 68669 1
-1.42512173431152966430 -1.40701874872662058280 -7.70831275250250591569 = 2123.41815483232812766801 @ 399957 68689 1
4.85813479176155027517 -1.40701874869943033275 -1.42512845400515386629 = 2123.41799512815214256989 @ 398696 68364 1
4.85813479176155027517 -1.40701874869943033275 -1.42512845400515386629 = 2123.41799512815214256989 @ 399833 68658 1
4.85805695384844860030 -1.40698828879790394097 -7.70831378216390117331 = 2123.38857641878394133528 @ 399496 68571 1
4.85805695384844860030 -1.40698828879790394097 -7.70831275622552158922 = 2123.38857639342495531309 @ 397931 68167 1
4.85805695399505488297 -1.40698828876692694223 -7.70831275622506328915 = 2123.38857636331749745295 @ 399455 68561 1
4.85805695399513748356 -1.40698828876692694223 -7.70831275622506328915 = 2123.38857636331658795825 @ 399233 68504 1
4.85805695238155976767 -1.40698827486785549290 4.85805683577389046945 = 2123.38856287990347482264 @ 399069 68461 1
-7.70831373090851279528 -1.40698776131110214749 4.85805688520901846061 = 2123.38806373666648141807 @ 398776 68385 1
-7.70831373090851279528 -1.40698776131110214749 4.85805688492185083760 = 2123.38806373666602667072 @ 399923 68680 1
-1.42513529812508954464 -1.40698776132128844374 4.85805688520901846061 = 2123.38806249577646667603 @ 399132 68477 1
-1.42513529812508954464 -1.40698776131388325616 4.85805688520901846061 = 2123.38806248857918035355 @ 397853 68146 1
-1.42513529812508954464 -1.40698776131110214749 4.85805688520901846061 = 2123.38806248587616209988 @ 398607 68340 1
-1.42513529812508954464 -1.40698775485085891823 4.85805688513296818343 = 2123.38805620685343455989 @ 399483 68568 1
-1.42513544856516083392 -1.40698738152250624189 -1.42512834527192544520 = 2123.38769329161141286022 @ 398692 68363 1
-7.70831373421237042720 -1.40636047017635079648 -1.42512842875653866770 = 2122.76777443510673037963 @ 397226 67987 1
5.48286424829278384863 5.48286359169205983477 6.09462174863010108794 = 1791.57698198902926378651 @ 399342 68531 1
5.48286424829275453874 5.48286359169205983477 6.09462174863010108794 = 1791.57698198902926378651 @ 399343 68531 1
5.48286424829278384863 5.48286356572307997936 6.09462174863010108794 = 1791.57698198833782043948 @ 399283 68516 1
-0.80032111178787457284 -7.08350641678587589212 6.09463731793994689667 = 1791.57116351095669415372 @ 398925 68424 1
-0.80032111178787457284 -7.08350641678587589212 6.09463731794230234584 = 1791.57116351007175580889 @ 398526 68319 1
-0.80032109620212354972 5.48286414374685815432 6.09463731794230234584 = 1791.57116350999217502249 @ 398956 68432 1
-7.08350670725005215900 5.48286414385832454599 6.09463731794230234584 = 1791.57116350808973948006 @ 396286 67743 1
-7.08350670725005215900 5.48286414385831388785 6.09463731794230234584 = 1791.57116350808973948006 @ 399555 68587 1
-7.08350643861517070832 5.48286424766510638307 6.09463731909821593291 = 1791.57116307754949957598 @ 399021 68448 1
-7.08350645907190035189 -7.08350634812026758169 6.09478372380951061160 = 1791.51580453994256458827 @ 398838 68402 1
-0.80031521131940697167 -7.08350631325392399162 6.09478372329968642873 = 1791.51580399938256960013 @ 399408 68548 1
-0.80031521131940697167 -7.08350631325392399162 6.09478372329968642873 = 1791.51580399938256960013 @ 399796 68648 1
-0.80032311465366401393 5.48286349783269866265 6.09490906928884079719 = 1791.46748267390444198099 @ 398581 68333 1
5.48286422986584476291 -7.08350628858581377045 6.09506479928326960760 = 1791.40625767861502026790 @ 399670 68616 1
5.48286422986587584916 -7.08350628858581377045 6.09506479928326960760 = 1791.40625767861456552055 @ 399978 68695 1
5.48286422986584476291 -7.08350628557277772757 6.09506479928326960760 = 1791.40625767859955885797 @ 399470 68565 1
5.48286426396893133983 5.48286356775075134351 6.09506580178438994722 = 1791.40585926758467394393 @ 397467 68050 1
6.16146814354304872552 -7.08350658519641918076 -0.80032146309696605702 = 1651.29924369020159247157 @ 399694 68623 1
6.16146814354304872552 -7.08350658519641918076 -0.80032146309696605702 = 1651.29924369020159247157 @ 399991 68698 1
6.16146814354959104776 5.48286405487186012664 -0.80032109328918743518 = 1651.29924366865043339203 @ 399669 68616 1
-0.80032114471189474969 6.01026899559930960493 -0.80031612540436125602 = 1623.29208267679837263131 @ 398246 68246 1
-0.80032114471263826605 6.01026899559930960493 -0.80031612540436125602 = 1623.29208267679837263131 @ 399245 68506 1
-0.80032114471265769495 6.01026899559930960493 -0.80031612540436125602 = 1623.29208267679837263131 @ 399588 68595 1
