-0.49969523454247644079 -4.01259708127202863182 -4.88089679512647656168 = -0.00000000000892808820 @ 399283 167097 1
-0.49969523454512349003 -4.01259707914746144297 -4.88089679512641705372 = -0.00000000000892808841 @ 398114 166557 1
-0.49969523684740047020 -4.01259707914746144297 -4.88089714220513837262 = -0.00000000002509948519 @ 385281 160875 1
0.16287602018219926592 3.78151005219101943311 4.52427264617506974531 = -0.00000000016882396888 @ 398409 166695 1
0.16287602018134375581 3.78151005219101943311 4.52427264617506974531 = -0.00000000016882396893 @ 399593 167245 1
-3.39511292458456548360 -3.31730736269806714134 2.34683581215107039952 = -0.00000000017605105389 @ 397423 166233 1
-3.39511292425563837583 -3.31730736291906591617 2.34683581215107039952 = -0.00000000017654442401 @ 397531 166283 1
-3.39511292450091328732 -3.31730736346126242609 2.34683581114977313220 = -0.00000000017754692418 @ 398076 166540 1
-3.39511292450002333254 -3.31730736346064114528 2.34683581114899686426 = -0.00000000017754692440 @ 399022 166981 1
-3.39511291397770431644 -3.31730736550634830451 2.34683581335527957634 = -0.00000000018040085179 @ 395969 165549 1
0.16287602012006718866 3.78151005219101943311 4.52427258243184748920 = -0.00000000026616664988 @ 396478 165790 1
-2.18498436360402115142 1.68705339037912938061 0.58786278428766680637 = -0.00000000085460889529 @ 399396 167156 1
-2.18498436360568826231 1.68705339037912938061 0.58786278428763738546 = -0.00000000085460889895 @ 395916 165525 1
-2.18498436340027346603 1.68705338836973606220 0.58786276141428817077 = -0.00000000087479590371 @ 398463 166720 1
0.16287587291023225555 3.78151002668256186467 4.52427257845224595201 = -0.00000000099158490549 @ 399504 167207 1
4.14125692316095861401 2.47701126579784158821 2.66982018368073115155 = -0.00000000175655072084 @ 398399 166690 1
4.14125692316095861401 2.47701126579825503526 2.66982018367769402545 = -0.00000000175655073412 @ 399699 167295 1
4.14125692316095861401 2.47701126579825325891 2.66982018367769402545 = -0.00000000175655073412 @ 397770 166394 1
4.14125692749036034002 2.47701123846550119723 2.66982019849718499316 = -0.00000000194510494978 @ 397685 166355 1
-2.18498431647464208538 1.68705372435390943409 0.58786375139349422714 = -0.00000000221123186841 @ 396804 165944 1
-2.18498431622850031175 1.68705372295887756628 0.58786375402671509072 = -0.00000000222589196440 @ 399146 167036 1
-0.49969516195271962422 -4.01260070932568346791 -4.88089850179258633034 = -0.00000000399152265189 @ 399425 167169 1
-0.49969523826809397749 -4.01260195867424052096 -4.88089620487919173542 = -0.00000000612947712060 @ 399060 166996 1
-0.49969525153405569551 -4.01260195927295271190 -4.88089620487594721965 = -0.00000000613218633061 @ 399082 167009 1
-0.49969516894670285012 -4.01259221364930596110 -4.88089857724212095036 = -0.00000000673312175008 @ 398870 166913 1
-0.49969516895173715643 -4.01259221364929352660 -4.88089857724212095036 = -0.00000000673312176969 @ 398393 166687 1
-0.49969516911690475824 -4.01259221364980334101 -4.88089857766697576835 = -0.00000000673345825164 @ 398079 166541 1
-0.49970163939970929645 -4.01259729347278693012 -4.88089404383018621303 = -0.00000001297112258690 @ 398380 166682 1
-0.49970163939970929645 -4.01259729347278693012 -4.88089404383018798939 = -0.00000001297112258692 @ 398989 166966 1
-0.49970163917218668459 -4.01259729351218474847 -4.88089403858442327788 = -0.00000001297785317397 @ 395004 165099 1
-0.49969113050761032602 -4.01259633401037518752 -4.88089050185611306176 = -0.00000001433921806408 @ 397601 166317 1
-0.49969113050761032602 -4.01259633401037518752 -4.88089050185633777090 = -0.00000001433921807066 @ 398120 166560 1
-0.49969510741268347020 -4.01259898691773031487 -4.88088875910882968867 = -0.00000001758423925429 @ 398285 166638 1
-0.49969510741268347020 -4.01259898692764949146 -4.88088875910872310726 = -0.00000001758423948349 @ 398823 166890 1
-0.49969527998393442614 -4.01259721113991041364 -4.88090527204174229325 = -0.00000001783690480847 @ 399662 167277 1
-0.49968705791896206314 -4.01259612795716158473 -4.88089082942953123023 = -0.00000002569802080002 @ 395029 165110 1
-0.49968493845872041792 -4.01259873986553561309 -4.88089679154143141204 = -0.00000002663043290234 @ 398582 166780 1
-0.49969991118413326081 -4.01260797482926001578 -4.88089858842538060202 = -0.00000003666948244474 @ 399307 167114 1
-0.49969991118409295972 -4.01260797482926001578 -4.88089858842571278075 = -0.00000003666948245596 @ 398874 166915 1
-0.49969991117388279367 -4.01260797477268482680 -4.88089873169993815338 = -0.00000003679889785093 @ 398841 166898 1
-0.49969222934633178435 -4.01258623323070651168 -4.88089234882724376519 = -0.00000003699874382573 @ 397193 166131 1
-0.49969222934633178435 -4.01258623323070651168 -4.88089234882715228281 = -0.00000003699874382866 @ 399429 167171 1
-0.49969222927037382220 -4.01258623323070651168 -4.88089234880956901463 = -0.00000003699891234597 @ 395836 165487 1
-0.49969297975238086140 -4.01258493643678626484 -4.88089738926451310874 = -0.00000003848448606799 @ 399231 167073 1
-0.49969963748266044146 -4.01259884861603310924 -4.88088550514599806007 = -0.00000003878010568150 @ 395423 165294 1
4.14125676987195223688 2.47701186620793301074 2.66982269975426333986 = -0.00000003884625774782 @ 398481 166728 1
4.14125676987757085357 2.47701186648714433147 2.66982269975426333986 = -0.00000003884639494551 @ 399475 167192 1
-0.49970684973439682963 -4.01258990444468555125 -4.88089767944408237099 = -0.00000004831359331985 @ 397785 166402 1
-0.49970684981325941276 -4.01258990444302821032 -4.88089767944408237099 = -0.00000004831392872678 @ 398881 166918 1
-0.49970684981325941276 -4.01258990444302909850 -4.88089767944408237099 = -0.00000004831392872687 @ 399525 167216 1
-0.49968705791533091221 -4.01258645530147717295 -4.88089082943214513932 = -0.00000005404052007029 @ 397443 166243 1
-0.49969962924734617760 -4.01259369551734579318 -4.88088313363038572845 = -0.00000005593787335267 @ 396433 165769 1
-0.49969962924734617760 -4.01259369550029365570 -4.88088313363038572845 = -0.00000005593787507013 @ 397442 166242 1
-0.49968264668864043054 -4.01259721183405737577 -4.88090529465133649012 = -0.00000005691581708074 @ 397608 166320 1
0.16287543882986194044 3.78150975682218559726 4.52427472387088069894 = -0.00000006809734614670 @ 399254 167084 1
-0.49969995421961455051 -4.01261094935209783330 -4.88088616271842923311 = -0.00000008369687718775 @ 398254 166624 1
-0.49968292966601302041 -4.01257802490908410675 -4.88089790576265336597 = -0.00000012936723363994 @ 398654 166816 1
-0.49969811484024623249 -4.01259748112826120092 -4.88092012506147110429 = -0.00000013905529898918 @ 399688 167289 1
-0.49969811484024473369 -4.01259748112826120092 -4.88092012506147110429 = -0.00000013905529898925 @ 399514 167211 1
-0.49969542365493502256 -4.01262039805389036928 -4.88089370067889749549 = -0.00000014004700184034 @ 398788 166875 1
-0.49970000745253490004 -4.01259748112648217955 -4.88092012511107498085 = -0.00000014288165213066 @ 398677 166826 1
-2.18497834077982622247 1.68705411551451556207 0.58785885410066462953 = -0.00000014408816152332 @ 396409 165754 1
-0.49970824472399488769 -4.01261267743599159274 -4.88090926871650232499 = -0.00000014426391465598 @ 397017 166044 1
-0.49969962924734617760 -4.01257802490908410675 -4.88088313363038572845 = -0.00000014489548884784 @ 399655 167274 1
-0.49971894045299886100 -4.01259952080900728077 -4.88089970921015847694 = -0.00000014766794052292 @ 399855 167368 1
-0.49971894045299886100 -4.01259952106439765629 -4.88089970921015758876 = -0.00000014766810285664 @ 399706 167298 1
-0.49971893291018087968 -4.01259952088694760164 -4.88090098024805563171 = -0.00000014980440861623 @ 398971 166958 1
-0.49971893290970070822 -4.01259952088694760164 -4.88090098024812135691 = -0.00000014980440877300 @ 398573 166776 1
-0.49968099939533283660 -4.01260725752614533235 -4.88091418534341592306 = -0.00000015194878306176 @ 399389 167153 1
-0.49967507607037631168 -4.01261061713257305428 -4.88089237998190306200 = -0.00000015247592287786 @ 398597 166786 1
-0.49967507607037631168 -4.01261061714362554653 -4.88089237998181690870 = -0.00000015247592459048 @ 398917 166934 1
-0.49967507607037631168 -4.01261061714362554653 -4.88089237998181690870 = -0.00000015247592459048 @ 399402 167159 1
-0.49969523981320579376 -4.01260195962884047560 -4.88087224266838592968 = -0.00000015948468858076 @ 399454 167183 1
-0.49969523981320479455 -4.01260195962884047560 -4.88087224266840014053 = -0.00000015948468858113 @ 399299 167111 1
-0.49967358581968701614 -4.01261047212084775992 -4.88089790660999334193 = -0.00000016227524167427 @ 398256 166625 1
-0.49968399080581543670 -4.01259748072264965657 -4.88092012527220653340 = -0.00000016770313001688 @ 394222 164743 1
-0.49968399080581643590 -4.01259748072264965657 -4.88092012527220653340 = -0.00000016770313001688 @ 399676 167284 1
-0.49966859935563778805 -4.01258949591127134227 -4.88089425326712600395 = -0.00000019340095192071 @ 396779 165932 1
-0.49966859928364154575 -4.01258949591127134227 -4.88089425326712600395 = -0.00000019340195231317 @ 396346 165725 1
-0.49969523744027788403 -4.01257677406625745675 -4.88092012516291529067 = -0.00000024095686699874 @ 397707 166365 1
-0.49969523744027788403 -4.01257677406625745675 -4.88092012516291529067 = -0.00000024095686699874 @ 399997 167434 1
-0.49968624470797601278 -4.01256699234847502566 -4.88088259705856231108 = -0.00000030026881665887 @ 398577 166778 1
-0.49968624470797601278 -4.01256699234826719191 -4.88088259705856231108 = -0.00000030026881670606 @ 398367 166676 1
-0.49968495783078020755 -4.01259883826681029717 -4.88086386127097249243 = -0.00000030223634333486 @ 395661 165407 1
-2.18498577885991140946 1.68705284152336121295 0.58785090612478585470 = -0.00000040361459323052 @ 399004 166972 1
-2.18498577885991140946 1.68705284152336121295 0.58785090612502532981 = -0.00000040361459339957 @ 396097 165609 1
-0.49973562931428727740 -4.01259285852769043146 -4.88089508130455573820 = -0.00000042137670785635 @ 392882 164166 1
-2.18498412605772740491 1.68704140567691651675 0.58786411187554143964 = -0.00000043611765894056 @ 399084 167010 1
-2.18498412605772873718 1.68704140567691651675 0.58786411187539844292 = -0.00000043611765952464 @ 399669 167280 1
-0.49970279335040018731 -4.01255372170031510137 -4.88090511060988063718 = -0.00000050769234462423 @ 399131 167030 1
-0.49970279340722828509 -4.01255372170031510137 -4.88090511061074838750 = -0.00000050769248548402 @ 399368 167143 1
-0.49970279316134441627 -4.01255372163645862571 -4.88090511118815228997 = -0.00000050769535895599 @ 397980 166494 1
-0.49973393868334031742 -4.01259696806733945351 -4.88092017392455268521 = -0.00000051931401261033 @ 399703 167296 1
-0.49973393963438184073 -4.01259696825606138049 -4.88092017392455268521 = -0.00000051933273091918 @ 399844 167363 1
-0.49973561206598116069 -4.01259290281401614919 -4.88087224266897656832 = -0.00000057356460992064 @ 399502 167206 1
-0.49973561206598116069 -4.01259290281401437284 -4.88087224266897656832 = -0.00000057356460992073 @ 398946 166947 1
-0.49973561206598116069 -4.01259290281401437284 -4.88087224266896146929 = -0.00000057356460994910 @ 396258 165684 1
-0.49966461824732333330 -4.01263469322452959176 -4.88089367095226656090 = -0.00000059470188777433 @ 397304 166178 1
-0.49966461834580189194 -4.01263469351780699412 -4.88089367095226656090 = -0.00000059470604838910 @ 399507 167208 1
-0.49966458302170047023 -4.01263469322452959176 -4.88089367095226656090 = -0.00000059524265875819 @ 398702 166837 1
-2.18498496966261557262 1.68706863136175644335 0.58786211633356244555 = -0.00000059679335037995 @ 399395 167156 1
-2.18498496966261557262 1.68706863136171514306 0.58786211633356244555 = -0.00000059679335065217 @ 399141 167034 1
-2.18498496997958646659 1.68706863135985485336 0.58786211633079366035 = -0.00000059679391475911 @ 398698 166835 1
-2.18498874244531027244 1.68706862986318073538 0.58786211986517566963 = -0.00000064855407729759 @ 396077 165600 1
-0.49971897494760092462 -4.01259951519540791764 -4.88085100901545754226 = -0.00000067801303127002 @ 398288 166640 1
-0.49963942668540900494 -4.01258936058697202043 -4.88089825003259747405 = -0.00000079827848468217 @ 399644 167268 1
-0.49972243113693221028 -4.01265551245460638796 -4.88089797024444926876 = -0.00000105310647793608 @ 398648 166813 1
-0.49972243113693221028 -4.01265551245460638796 -4.88089797024566696138 = -0.00000105310647852539 @ 398646 166812 1
-0.49967611293432590003 -4.01259603321514735086 -4.88095857262185628400 = -0.00000105338076358350 @ 399596 167247 1
-0.49967611293432240283 -4.01259603321514735086 -4.88095857262185628400 = -0.00000105338076358460 @ 399420 167167 1
-0.49972248729523255362 -4.01265551245391094426 -4.88089797024566696138 = -0.00000105388908485650 @ 398725 166847 1
-0.49975529462990031515 -4.01262131412709788236 -4.88089370113996956491 = -0.00000106840639001968 @ 399133 167031 1
-0.49975529533456586329 -4.01262131412704370348 -4.88089370114924658850 = -0.00000106842732952530 @ 399575 167239 1
-0.49963079721328534921 -4.01261055762951190928 -4.88089238051760254677 = -0.00000109526339964238 @ 398642 166810 1
-3.39511217030963585728 -3.31730677319307787343 2.34681010475642448654 = -0.00000112792504720834 @ 399011 166976 1
-3.39511217030963585728 -3.31730677312107591348 2.34681010474968587687 = -0.00000112792550692330 @ 397565 166301 1
-0.49963942533362992737 -4.01258936066652438512 -4.88085671724515623993 = -0.00000120537666043076 @ 395657 165405 1
-0.49963942533362992737 -4.01258936066779714480 -4.88085671724515712810 = -0.00000120537666170944 @ 398686 166829 1
-0.49969450590510000598 -4.01258654884187127010 -4.88096692316903801867 = -0.00000126839639172669 @ 397663 166345 1
-0.49969509385200860940 -4.01259869721462081316 -4.88082521810249314598 = -0.00000129875227713270 @ 393994 164645 1
0.16286836118850644972 3.78151467947332431407 4.52427482257800583909 = -0.00000130166753807286 @ 398366 166675 1
-0.49969366223845940178 -4.01265434254126063252 -4.88094620235609877312 = -0.00000144483560177932 @ 399609 167253 1
-0.49969366260461195450 -4.01265434254126063252 -4.88094620392132139131 = -0.00000144487404268042 @ 397515 166276 1
-0.49969366260461195450 -4.01265434254126063252 -4.88094620392132139131 = -0.00000144487404268042 @ 399868 167374 1
-0.49974601811995600364 -4.01258647757037767434 -4.88095505410253416301 = -0.00000154064563480445 @ 399161 167042 1
-0.49974601811995600364 -4.01258645529630086912 -4.88095505410253505119 = -0.00000154076493339835 @ 399440 167176 1
-0.49974601842522209383 -4.01258645530147717295 -4.88095505408070273745 = -0.00000154077223331945 @ 397668 166347 1
-0.49971463162636825528 -4.01267501578773622128 -4.88089782126701976495 = -0.00000163289423384686 @ 399771 167329 1
-3.39508176639971281929 -3.31730719417061337140 2.34684346010212196987 = -0.00000172401049776301 @ 399659 167276 1
-0.49964757845317375740 -4.01252810010128957430 -4.88089699785940300814 = -0.00000177337597863723 @ 398522 166748 1
-0.49966646021495564334 -4.01252728836243388599 -4.88095670243866752713 = -0.00000234266473278406 @ 398834 166895 1
-0.49958484366167965618 -4.01260195927295271190 -4.88089620487594721965 = -0.00000307775708073565 @ 399999 167434 1
-2.18497230800856101496 1.68705857355822153032 0.58782955220147559139 = -0.00000351474018246779 @ 399068 167000 1
-2.18497230697860178594 1.68705953219078819139 0.58782957769946919679 = -0.00000353738580286822 @ 398821 166889 1
-0.49958484027999500166 -4.01255229453374084869 -4.88093349358241024305 = -0.00000391809557009686 @ 395444 165304 1
-0.49958483780804163743 -4.01254799894391389614 -4.88093368328108034859 = -0.00000402365932214873 @ 399005 166973 1
-0.49967745949444331011 -4.01259806705860100351 -4.88102895574386419497 = -0.00000448949149848832 @ 398592 166784 1
-0.49967745949444331011 -4.01259806705860100351 -4.88102895574386419497 = -0.00000448949149848832 @ 399814 167349 1
-0.49967745949521874538 -4.01259806705860100351 -4.88102895574386419497 = -0.00000448949150216099 @ 398777 166870 1
-3.39511105217533115663 -3.31728810671382134956 2.34688489810893630150 = -0.00000459875071732441 @ 397327 166189 1
-0.49968660796641589661 -4.01273184348989353509 -4.88089470722684826143 = -0.00000461043383128352 @ 397973 166491 1
-2.18502971597111761426 1.68705416460063406525 0.58785866603748515580 = -0.00000572547248763344 @ 399016 166978 1
-2.18502971598796502661 1.68705416460144652646 0.58785866603748515580 = -0.00000572547627158309 @ 398218 166609 1
-0.49984787295085864045 -4.01259748532661397746 -4.88092018945792016638 = -0.00000603813496997832 @ 399439 167176 1
-0.49984787295079718961 -4.01259748532661397746 -4.88092018945792016638 = -0.00000603813497039682 @ 399691 167291 1
-0.49973690509460055864 -4.01265552275009529382 -4.88075842688578109829 = -0.00000614884048972446 @ 397809 166414 1
-0.49969520695717678516 -4.01271033098891471980 -4.88100826258738429431 = -0.00000637655233812679 @ 398345 166665 1
-0.49969495410820985448 -4.01271033098891471980 -4.88100826244441954316 = -0.00000637657810077940 @ 398661 166819 1
-0.49969525223230226718 -4.01243605026975291850 -4.88089620487919173542 = -0.00000655300178316252 @ 399533 167220 1
-0.49969525223229577238 -4.01243605026975291850 -4.88089620487919173542 = -0.00000655300178322990 @ 396499 165800 1
-0.49979001147147639195 -4.01273185947085497816 -4.88088258283696951878 = -0.00000691912872803568 @ 399076 167006 1
-0.49968571780326465070 -4.01243066466218145649 -4.88089486085581825137 = -0.00000702188569560398 @ 394215 164740 1
-0.49954432364481771156 -4.01259961979575940916 -4.88080976434362590055 = -0.00000766025803514880 @ 399389 167153 1
-3.39511316595374035288 -3.31729051282381171006 2.34675908225860618828 = -0.00001036521660129225 @ 398499 166737 1
-0.49974007746182491640 -4.01259788648027004854 -4.88111223428869500651 = -0.00001223268812203297 @ 399488 167197 1
-3.39511311921697078731 -3.31739822713977483559 2.34683435021858954883 = -0.00001385468224231503 @ 394587 164914 1
-2.18498722397318489996 1.68698158040067691665 0.58786328990678970996 = -0.00001438547181487011 @ 398405 166693 1
-2.18498722397318489996 1.68698158039946943809 0.58786328990678970996 = -0.00001438547211539262 @ 397437 166240 1
-2.18497230698028932494 1.68705974777577183410 0.58793401862128580326 = -0.00001438819844625486 @ 397494 166266 1
4.14124164862038668389 2.47705964852089577377 2.66982356074010684921 = -0.00001489215566674237 @ 396388 165744 1
-2.18491499841686342975 1.68705553697486254627 0.58782350496427404618 = -0.00001747313000279033 @ 396636 165865 1
-0.49942756688722567127 -4.01258484058323094956 -4.88089454377012366137 = -0.00001812553959557732 @ 399638 167265 1
-0.49967894597782991362 -4.01259796682145175595 -4.88117213102215874443 = -0.00001921516308721577 @ 399251 167082 1
-3.39521810534525014802 -3.31732017195925310560 2.34686583975921925216 = -0.00002020514758665574 @ 397925 166468 1
-2.18502664714472771834 1.68705260900985032357 0.58777172693266765968 = -0.00002770713383149782 @ 398478 166727 1
-0.49996784024905366328 -4.01237309761393845520 -4.88088771790837672171 = -0.00003149342600099101 @ 398346 166666 1
-0.49980876463797668796 -4.01260388881532925609 -4.88128940154467017010 = -0.00004224077479799937 @ 399236 167076 1
-0.49969176106763668610 -4.01257489343056672482 -4.88018761953473223514 = -0.00012729059331496637 @ 396239 165675 1
-2.18476495754319754994 1.68705625508860102002 0.58786304770614117299 = -0.00013204857405688062 @ 399027 166983 1
-2.18476495754319754994 1.68705625508860102002 0.58786304770614994375 = -0.00013204857407051119 @ 399562 167233 1
-2.18476495766612766047 1.68705625522440394448 0.58786303699595565675 = -0.00013204925671951362 @ 397134 166104 1
-0.49969721579240078402 -4.01260479615059661995 -4.88175537512841639654 = -0.00018614541403433731 @ 399237 167076 1
-2.18500262702068770437 1.68706088427407263630 0.58815455426395635286 = -0.00023307127492909699 @ 397820 166419 1
-2.18500262702068770437 1.68706088427407263630 0.58815455426416940465 = -0.00023307127680212430 @ 399332 167126 1
-2.18498334994021803368 1.68681996275371393068 0.58803773780666634963 = -0.00023340620330054035 @ 398611 166793 1
-3.39511182757949514510 -3.31766378652888560552 2.34705446012150087398 = -0.00029276609249797328 @ 398103 166552 1
4.14125410876378996505 2.47700666363304655704 2.67006023702447992108 = -0.00033856861849514521 @ 399051 166992 1
-2.18489663578425563628 1.68740666044656961731 0.58803330790395058614 = -0.00044445534120461156 @ 396143 165630 1
-2.18542420022067362950 1.68705974918055545686 0.58785340944727260126 = -0.00053347029950932844 @ 398155 166577 1
0.16276519796083419034 3.78179443236270396156 4.52436827228539328871 = -0.00203444450697073866 @ 399067 166999 1
-3.39512257464643374405 -3.31841293708681739361 2.34694875437429839593 = -0.00206305801994970768 @ 397048 166059 1
-0.49969688394100636453 -4.01692567394299171468 -4.88090623451646443698 = -0.00471856558022830386 @ 397439 166241 1
-0.49969688409935286710 -4.01692567393307609080 -4.88090623451502203523 = -0.00471856571216591313 @ 399104 167018 1
-0.49969688409935286710 -4.01692567393307609080 -4.88090623451502203523 = -0.00471856571216591313 @ 399923 167399 1
-0.50714717070499026885 -4.01207963769095066198 -4.87804976097966047632 = -0.01616539652405026353 @ 399577 167239 1
-0.49968292681547299416 -4.00278471299273608253 -4.88089066485029388076 = -0.02464025985526850648 @ 399635 167264 1
-0.48940766991242012907 -4.01259369551734579318 -4.88088313363038572845 = -0.02660443124209295115 @ 398036 166522 1
-0.48940766991242012907 -4.01247272922222197877 -4.88161537252575339352 = -0.02676582354338382166 @ 399030 166984 1
-0.48940766938753188509 -4.01247272915456321130 -4.88161537271213141764 = -0.02676582964073468546 @ 399752 167322 1
-0.49968595635838852775 -4.01259359325952136288 -4.89160312841637434644 = -0.02901165313357340070 @ 397018 166045 1
-0.49968595624769379659 -4.01259359325952136288 -4.89160312839226030235 = -0.02901165451056627459 @ 398408 166694 1
-0.49972829160601239806 -4.01265321400904984017 -4.86815565873026478982 = -0.04096883233886888798 @ 397483 166261 1
-0.49969755900112511338 -4.01264001233880041042 -4.85918413662274328857 = -0.11837455067053812008 @ 399910 167393 1
-0.49969389064940722411 -4.01258035457534134594 -4.90657215148131076177 = -0.16708570114620088787 @ 398377 166680 1
-0.49969389064940722411 -4.01258035457534134594 -4.90657215148109493441 = -0.16708570118513257907 @ 395959 165545 1
-0.50874463867597619071 -4.03709046272421545609 -4.88106607713442386398 = -0.16867895995851803215 @ 398833 166895 1
-0.50874463856008844687 -4.03709656213721945761 -4.88106607713396911663 = -0.16875388544196143203 @ 399759 167325 1
-0.50874463867597763400 -4.03709656213721945761 -4.88106607713423468198 = -0.16875388646723180064 @ 399694 167292 1
-0.49967698436920604532 -4.01256574429428436446 -4.90890811351709732691 = -0.19844150765883977749 @ 394275 164775 1
-0.46949957841637723899 -4.01437237700113769279 -4.88087649638693399368 = -0.22502907698434129746 @ 397295 166174 1
-0.49969302453936842445 -3.98246766295692911086 -4.87873007833493677055 = -0.23883662661723076281 @ 399704 167297 1
-0.52879190559576216835 -4.03216603911615489864 -4.87049269573866361327 = -0.33160645926783482995 @ 397384 166217 1
-0.52879190559551414452 -4.03216603911615489864 -4.87049269573866361327 = -0.33160645935201293888 @ 399010 166975 1
-0.49971897494760092462 -4.05050729646153051533 -4.88085100901561741438 = -0.35767340724568663646 @ 399545 167225 1
-0.49971897494760031400 -4.05050729646160512232 -4.88085100901561741438 = -0.35767340726596957845 @ 399630 167262 1
-0.51502997362289582028 -4.05645120438069994862 -4.88106659470049741856 = -0.54275519409033756713 @ 398983 166963 1
-0.49969510741268347020 -4.01259898691773031487 -4.93015869975992071517 = -0.61587898612200342452 @ 399877 167378 1
-0.54340518773009049980 -3.97335388729740035529 -4.88009703578181763817 = -0.88684144871951120503 @ 399879 167379 1
-0.49966458302170047023 -4.01263469322452959176 -4.94032036427456233696 = -0.90782059905941125955 @ 399949 167413 1
-0.44987708582382623934 -3.97791858722867752718 -4.88232519377636631219 = -0.93592432702066896688 @ 398728 166849 1
-0.44987708582382623934 -3.97791858722826452421 -4.88232519377636986491 = -0.93592432784654755462 @ 399345 167132 1
-0.44987708582382623934 -3.97791858722792568415 -4.88232519377636986491 = -0.93592432851061813093 @ 399354 167136 1
-0.56332962045748857793 -4.01163456926558747995 -4.89089942520202480836 = -1.06236855706325661330 @ 398603 166789 1
-0.56332962045702650311 -4.01163456926558747995 -4.89089942532167487599 = -1.06236857318058208755 @ 398628 166803 1
-0.49970684973439682963 -4.07707667899928782873 -4.88089767944408237099 = -1.06338120517517142893 @ 399365 167142 1
-0.49970684973439732923 -4.07707667899928782873 -4.88089767944408237099 = -1.06338120517574896695 @ 399769 167328 1
-0.53068321965061826528 -3.95570616207837133516 -4.88016442276818995794 = -1.09724481752162450476 @ 398210 166605 1
-0.40196359056180230862 -4.01801835983020527721 -4.88372817914287082885 = -2.32969429523700943818 @ 399806 167345 1
-0.53978927688555211617 -4.01263469322452959176 -4.96838086073970064405 = -2.53477390039377414865 @ 398446 166712 1
-0.60624375074803416030 -4.01261047211903765231 -4.88089790661047029374 = -2.90094722838630225681 @ 399642 167267 1
-0.50419022525826928671 -4.02055836390307774764 -4.98512785409921121982 = -3.05176733894309260009 @ 399117 167024 1
-0.50419022525826862058 -4.02055836390307774764 -4.98512785409921121982 = -3.05176733894383289680 @ 399776 167332 1
-0.50419022525827128511 -4.02055836809634392637 -4.98512785409921121982 = -3.05176822647246792641 @ 399677 167284 1
-0.49993454679043503042 -3.91881588028352423336 -4.82299110285653842567 = -3.29614354795259156816 @ 398776 166870 1
-0.49993454679043503042 -3.91881588028352423336 -4.82299110285653842567 = -3.29614354795259156816 @ 399686 167289 1
-1.61735791436684150923 3.72532308771670050973 -4.79990056075484439191 = -3.41887393693098395886 @ 397180 166124 1
-1.61735791436509224184 3.72532308779226939421 -4.79990056075484439191 = -3.41887420866572444567 @ 396671 165879 1
-1.61735791436684150923 3.72532308779226939421 -4.79990056075484439191 = -3.41887429511005258576 @ 393657 164503 1
-1.61735791436509224184 3.72532308756573815600 -4.79990056075551940751 = -3.41887794034329495219 @ 398622 166798 1
-1.61735790356478337237 3.72532307982836030646 -4.79990055902641010732 = -3.41903348892446112828 @ 398915 166933 1
-1.61751799545933261371 3.72490466968334610343 -4.79990331794313096481 = -3.42739395138811486774 @ 399617 167257 1
-1.61620022332651913644 3.72586600895745023720 -4.80034305201695943310 = -3.48853387841676898518 @ 397789 166404 1
-1.39417511510721570112 3.74764564118782539381 -4.93016469595944784032 = -3.55304233240991651499 @ 397920 166466 1
-1.39417511514194036870 3.74764564118782539381 -4.93016469602577878106 = -3.55304301616614326420 @ 396844 165963 1
-1.39417511531147653159 3.74764564118338538989 -4.93016469602577878106 = -3.55304330312455096674 @ 398589 166783 1
-1.39417511531147653159 3.74764564118754384126 -4.93016469602577878106 = -3.55304356503590756944 @ 398674 166825 1
-1.39417515877483122466 3.74764609543250548640 -4.93016475390654029809 = -3.55336586721980296488 @ 399200 167060 1
-1.39417515877479791797 3.74764609543294069383 -4.93016475391669040107 = -3.55336612546211316754 @ 399415 167166 1
-1.39417515877483122466 3.74764609543177584783 -4.93016474769346491058 = -3.55337589008943188773 @ 399697 167294 1
-1.39417358628762655393 3.74673106917040588115 -4.93042883253416874823 = -3.56328872976268140604 @ 397686 166356 1
-1.34607003725402818439 3.62076669889592261953 -4.91870241893761583896 = -3.73983780023602596643 @ 398814 166886 1
-1.34607003724128970745 3.62076669890451086076 -4.91870241893761583896 = -3.73983789183815185098 @ 399508 167209 1
-0.49973561206598116069 -4.01259290281294855873 -4.76589869930338849713 = -3.91107050727373994903 @ 398998 166970 1
-0.49973561206598116069 -4.01259290281401437284 -4.76589869930338849713 = -3.91107051256683035945 @ 397899 166456 1
-1.61751578048905741980 3.72629027437984028381 -4.80472214713110989948 = -3.99087573161259356880 @ 399219 167069 1
-0.49963079721328534921 -4.01261055762951190928 -5.00000000000000000000 = -4.09703894021775294476 @ 398791 166876 1
-0.49963079721328534921 -4.01261055762951190928 -5.00000000000000000000 = -4.09703894021775294476 @ 399939 167408 1
-0.49967698436640162196 -3.89490923759523610670 -4.90890811351709732691 = -4.41875588246897521572 @ 398822 166890 1
-0.49967698436920604532 -3.89490923759523610670 -4.90890811351709732691 = -4.41875590441393040209 @ 398714 166842 1
-0.49970862373884561425 -4.01268549861132850509 -4.75835206560607826276 = -4.51379226416951784273 @ 399132 167030 1
-0.49970862373884561425 -4.01268549861132850509 -4.75835206560605872284 = -4.51379226422224455462 @ 399373 167145 1
-0.40054936276116726024 -3.93415486549324366905 -4.90923065599378993795 = -4.57464636218091680320 @ 399879 167379 1
-0.49984790470445766841 -3.90160217383515606215 -4.81640383011295902804 = -4.67723479844006284623 @ 399158 167041 1
-0.49984790470445766841 -3.90160217383515606215 -4.81640383011295902804 = -4.67723479844006284623 @ 399735 167314 1
-1.56422905458402317080 3.53810292045483709700 -4.93384890329799485897 = -5.22117296757820792408 @ 396125 165622 1
-1.56422905458402317080 3.53810292045108409908 -4.93384890329799485897 = -5.22117341337219098563 @ 398739 166854 1
-1.56422905403084699927 3.53810292045483754109 -4.93384890321734559393 = -5.22118032830189537918 @ 399725 167309 1
-1.56422905403084699927 3.53810292045473184785 -4.93384890321734559393 = -5.22118032895647399272 @ 399331 167126 1
-1.56422909323825343186 3.53810770325792889324 -4.93384795549302790363 = -5.22126356003293690122 @ 393584 164470 1
-1.56422587370878862778 3.53809833649449023696 -4.93384793097054519251 = -5.22244835673317453484 @ 399637 167265 1
-1.56679437326276072007 3.53751740526564972811 -4.93126058056479621428 = -5.24483563432849564379 @ 396947 166013 1
-0.44423557554365700195 -3.89490923759523610670 -4.90847668276015003386 = -5.50832091427944892104 @ 399372 167145 1
-0.49657705033752058688 -4.13209176273850342653 -4.97578793212798675683 = -5.98449923232363545367 @ 399660 167276 1
-0.57904976062296831252 -3.93448305018236865749 -4.77896423598472086525 = -5.98846423789176096619 @ 399693 167292 1
-0.57904976062296831252 -3.93448305018237176611 -4.77896423598472086525 = -5.98846423789322379605 @ 399578 167240 1
-0.37013808519907392958 -4.11813007206234260593 -4.89172305924847883318 = -6.42561219307847775184 @ 398916 166934 1
-0.37013808519907392958 -4.11813007206234260593 -4.89172305924847528047 = -6.42561219312369047429 @ 398493 166734 1
-0.65578978623626116295 -4.01252920863585771372 -4.88089508013395256825 = -6.42868313104916921930 @ 399470 167190 1
-1.44036031319820034824 3.87639929049782017145 -4.94032036427398413281 = -7.29099706798641200578 @ 399355 167137 1
-1.44036031319821677954 3.87639929049782017145 -4.94032036427398413281 = -7.29099706844120465377 @ 398842 166899 1
-1.44036031319821677954 3.87639929050410936284 -4.94032036427456233696 = -7.29099766073557464807 @ 397568 166303 1
-1.44035982963196396156 3.87639454234480140826 -4.94032036301102817077 = -7.29111474344743726306 @ 396581 165839 1
-0.36541851472091901876 -3.91984769227684548554 -4.87860108215012466815 = -7.80329615388129305131 @ 399371 167144 1
-0.59770218307527733792 -3.92842633393632478800 -4.76589869830572343545 = -7.95655804804386423967 @ 398818 166888 1
-0.59770218307527733792 -3.92842633393632167937 -4.76589869830458834343 = -7.95655805592716269814 @ 399459 167185 1
-0.36541851472091901876 -3.91984769227684459736 -4.85959405524779253227 = -8.29696929371816338517 @ 399631 167262 1
-0.36541851472091901876 -3.91984769227684548554 -4.85959405524779253227 = -8.29696929372171609884 @ 399344 167131 1
-1.30413554207542814467 3.82590590992516288438 -4.99786357169982586868 = -8.31681950281520521173 @ 399604 167250 1
-1.30413554207542814467 3.82590590992516288438 -4.99786357169982586868 = -8.31681950281520521173 @ 399781 167334 1
-1.30413554207553672448 3.82590590993940393716 -4.99786357169983386228 = -8.31682068219861392322 @ 397636 166332 1
-0.44556797161533356899 -4.17010928826281546122 -4.95281649516605160244 = -8.39387722817786929852 @ 399294 167102 1
-0.31323202448147707821 -4.07323380793804901145 -4.93819092422369987361 = -9.80445503384927619095 @ 399220 167069 1
-0.31323202448147707821 -4.07323380793804901145 -4.93819092422369987361 = -9.80445503384927619095 @ 399884 167381 1
-0.31323202448163456335 -4.07323380793804901145 -4.93819092422369987361 = -9.80445503442667387617 @ 398411 166696 1
-1.52465490101290868097 3.53343440735784364293 -4.63077265227791201596 = -9.95328281408917803219 @ 398994 166968 1
-1.52465490101290868097 3.53343440735784364293 -4.63077265227791379232 = -9.95328281456657926185 @ 399571 167237 1
-1.52465490101290979119 3.53343440735784364293 -4.63077265227791379232 = -9.95328281458575858665 @ 399713 167301 1
-1.52465047828265642949 3.53343441398978752588 -4.63077273233324504531 = -9.95458145478361799974 @ 399779 167333 1
-1.52465047828265642949 3.53343441398620150551 -4.63077273233324504531 = -9.95458164454924343545 @ 398278 166635 1
-1.52465047826885458093 3.53343441398978841406 -4.63077273233324504531 = -9.95458346094687129835 @ 396345 165725 1
-0.36598486266899193931 -4.15671850815283860925 -4.94717560926802857324 = -10.13649283664346611999 @ 398376 166680 1
-1.52427784347791139830 3.53343548182985367490 -4.63067844059047306615 = -10.26005449914328870875 @ 397413 166229 1
-0.48801125831308367342 -4.19814774405596580209 -4.88054326254519565964 = -10.27678978959010080985 @ 398891 166923 1
-0.46004456643576369101 -3.88934254710334403882 -5.00000000000000000000 = -10.72384031124958525538 @ 398267 166630 1
-0.49973561206598116069 -4.19353304393599390920 -4.97357374963446119409 = -11.86348637322601362598 @ 399296 167103 1
-1.35571130638170322946 3.74066157284464440025 -4.62684103231664511924 = -12.37240342193940989546 @ 396759 165922 1
-1.35571130638170322946 3.74066157262494591862 -4.62684103231664511924 = -12.37240748058839834300 @ 397541 166288 1
-1.35571130641492665347 3.74066157284464440025 -4.62684103231664511924 = -12.37240785696898015544 @ 399900 167388 1
-1.35571127401450652883 3.74066158030589201999 -4.62684090742021680853 = -12.37254200934237502452 @ 399322 167121 1
-0.28326280004841281057 -4.08305717374879684201 -4.91763972791965997544 = -12.49322614532139041899 @ 398933 166940 1
-1.75619585417754886514 3.70649020399710993345 -4.89586977381607546533 = -16.17333504079795147845 @ 399453 167182 1
-1.75619585417789680903 3.70649020399725381836 -4.89586977381607546533 = -16.17333509056606999366 @ 398844 166900 1
-1.64672270125104236449 3.41190811507695457294 -4.99991551987530158385 = -16.44853295366883472184 @ 399494 167200 1
-1.64672270125104236449 3.41190811507695457294 -4.99991551987530158385 = -16.44853295366883472184 @ 399922 167398 1
-1.64672270125285180598 3.41190811507658198209 -4.99991551987530158385 = -16.44853404439511024293 @ 398455 166716 1
-1.64672270125285402642 3.41190811507658198209 -4.99991551987530158385 = -16.44853404574462629739 @ 399375 167147 1
-1.64672276380282811559 3.41190811692911566411 -4.99991568058157653809 = -16.44926131117579615193 @ 399435 167174 1
-0.69117009381754879183 -4.01247272899627471787 -4.99999997297401854723 = -17.11163862506082722348 @ 398275 166633 1
-0.49969113050761032602 -4.24376499107527038746 -4.88089050185611306176 = -17.50631532684156255186 @ 399974 167423 1
-0.23001210136501801240 -4.01258990444465712955 -4.93015869976679788067 = -19.01501809387939445628 @ 399248 167081 1
-0.23001210136501801240 -4.01258990444465712955 -4.93015869976679788067 = -19.01501809387939445628 @ 399846 167364 1
-0.23001210136501801240 -4.01258990444465712955 -4.93015869976679788067 = -19.01501809387939445628 @ 399928 167401 1
-1.11953433997521090149 3.70649020399710460438 -4.89586977381607546533 = -19.40993593898090807670 @ 399292 167101 1
-1.11953433999059259740 3.70649020399710460438 -4.89586977381196231107 = -19.40993702146305821543 @ 398858 166908 1
-1.11953433999066809257 3.70649020399710460438 -4.89586977381196231107 = -19.40993706399176943478 @ 399066 166999 1
-1.11953434423318154423 3.70649020386554806095 -4.89586984876152619961 = -19.41038386473933741172 @ 396956 166017 1
-1.11953434416289998588 3.70649020386554806095 -4.89586976004327212308 = -19.41087773316726128314 @ 399622 167259 1
-0.77244861884818150077 -4.03119700954267035087 -4.86844772125540981023 = -21.25818298522038318765 @ 399129 167029 1
-0.59968910217424209463 -4.24060026069224704770 -4.88049217969986415255 = -22.59332317111045540514 @ 395930 165532 1
-1.79313042144791778831 3.57643559227332419326 -4.65933876554839887518 = -22.75855184574380984941 @ 398102 166552 1
-1.79313042144791778831 3.57643559227332419326 -4.65933876554839887518 = -22.75855184574380984941 @ 399826 167355 1
-1.79313042293141133854 3.57643559268061572709 -4.65933876556082715581 = -22.75859213209588816085 @ 398465 166721 1
-1.79313042257340926611 3.57643559247490250286 -4.65933876554823456217 = -22.75859522681835045432 @ 399364 167141 1
-1.79312849502937488033 3.57643559157543444726 -4.65933878222386610446 = -22.76128648628822759292 @ 399598 167248 1
-1.75336220279197863015 3.69399090587266254460 -4.88090098027688146232 = -23.58313611207930193814 @ 398986 166964 1
-1.75336220279197863015 3.69399090587266254460 -4.88090098027688146232 = -23.58313611207930193814 @ 399893 167385 1
-0.66177407916718611336 -4.16263709872385412325 -4.99999996608879015980 = -24.07628532392789821870 @ 398801 166881 1
-0.66177407916718611336 -4.16263709872385412325 -4.99999996608879015980 = -24.07628532392789821870 @ 399882 167380 1
-0.19774096287319242737 -4.00246300113207809090 -4.88767107964353719751 = -25.06329543401119508417 @ 399382 167150 1
-2.01988270070217046381 3.76028796368174456077 -4.91704334231229722718 = -26.16459608649029888738 @ 399523 167216 1
-2.01988270070217046381 3.76028796368174456077 -4.91704334231229722718 = -26.16459608649029888738 @ 399683 167287 1
-2.01988270070217668106 3.76028796368174456077 -4.91704334231229545082 = -26.16459608908562017859 @ 397768 166393 1
-2.01988270096505395657 3.76028796367032702719 -4.91704334231212936146 = -26.16465601742608981795 @ 399356 167137 1
-2.01988270085509213914 3.76028796364941975128 -4.91704332820543488225 = -26.16498868684286804864 @ 398709 166840 1
-2.01988272411546976315 3.76028788582472373037 -4.91704319048064864006 = -26.16583444271179104135 @ 398498 166737 1
-2.02009240922482513625 3.75944945819354803263 -4.91704523475443888714 = -26.27770886441634701214 @ 396447 165776 1
-1.56599862818195068037 3.26598017359609915644 -4.69445716095180554106 = -26.49801285177078469246 @ 395801 165471 1
-1.56599862818282020704 3.26598017360259573749 -4.69445716095115894717 = -26.49801389445759625119 @ 398948 166948 1
-1.56599862845624859808 3.26598017292383513421 -4.69445716092868714497 = -26.49803492844719698951 @ 397387 166219 1
-1.56599862843689408010 3.26598017292383513421 -4.69445716092871290215 = -26.49804457486687780943 @ 398856 166907 1
-1.56599869186255724607 3.26598012983070118409 -4.69445713637860517764 = -26.49899591935199083537 @ 398672 166824 1
-2.01802450429602586723 3.76363510812875334821 -4.91034100912323001609 = -27.05436253363665954907 @ 395395 165279 1
-0.19729966947683602596 -4.19353304393599390920 -4.97357374963446119409 = -27.96913720433851935354 @ 399192 167056 1
-1.75618937097063221309 4.04531961157946007290 -4.97954270387246733520 = -28.58506717786390183278 @ 398203 166601 1
-1.75618937097671823366 4.04531961157946007290 -4.97954270387246733520 = -28.58506964673331296467 @ 398511 166742 1
-1.75618937094931548693 4.04531961162715791858 -4.97954270387246733520 = -28.58507963113661531906 @ 398588 166783 1
-1.75618937121996165907 4.04531960636723031399 -4.97954270571591095518 = -28.58514201982346492059 @ 398852 166906 1
-1.75619585417789680903 4.04533204459877016035 -4.97954371146730245812 = -28.58659567344149010637 @ 399626 167260 1
-1.75623179268591633750 4.04533150329751478580 -4.97954452510296619039 = -28.64011421932647749600 @ 399208 167063 1
-1.75623179269692886173 4.04533150329743662610 -4.97954452510325573655 = -28.64011480699492651070 @ 398410 166695 1
-1.24397277674100670275 3.68839930486595024561 -5.00000000000000000000 = -29.73555799550856093560 @ 399137 167032 1
-1.24397277792117089135 3.68839930486595024561 -5.00000000000000000000 = -29.73561352002915114667 @ 399834 167358 1
-1.58025227849439042771 4.04687474013221404334 -4.59401030355055883803 = -30.58005674409217178322 @ 396000 165563 1
-1.58025227928099343266 4.04687474150688775154 -4.59401030332554061175 = -30.58013414595509615879 @ 399641 167267 1
-1.58025227928099409880 4.04687474150690285057 -4.59401030332554061175 = -30.58013415524792932843 @ 399447 167179 1
-1.58025190607074828009 4.04687649380181824199 -4.59401036340830959404 = -30.58187355101507876043 @ 398877 166916 1
-1.58025870575805083007 4.04687784990408605523 -4.59402283653805465491 = -30.59879830233177244736 @ 399739 167316 1
-1.58025870570594606512 4.04687784990408605523 -4.59402283653805554309 = -30.59880125855626786802 @ 397551 166293 1
-2.02038957637786920074 3.74999218239052911628 -4.90559829662302604447 = -31.20636728598862319473 @ 397646 166337 1
-0.35508425726662462552 -4.32050095243737519723 -4.93053551979492965529 = -32.43038665998962244430 @ 398891 166923 1
-0.24087487941703056293 -3.89201396758620798977 -4.75399941006743986804 = -35.78845993207947628889 @ 399168 167045 1
-0.24087494686140950573 -3.89201396758620798977 -4.75399941006743986804 = -35.78857144270934753649 @ 397836 166426 1
-1.55097969833681847973 3.80182596368132896814 -4.91189050412980066085 = -38.04536985943572346969 @ 398546 166758 1
-1.55097969833692950203 3.80182596368132896814 -4.91189050412980066085 = -38.04536986227046924114 @ 398717 166843 1
-1.55097969833760607195 3.80182596368132896814 -4.91189050412980066085 = -38.04536987732552688612 @ 398851 166905 1
-0.33265361042562219263 -4.34870638114997198898 -4.99607805395754045463 = -39.55654700666775624995 @ 399071 167001 1
-0.66059892408570530797 -3.74278809000806678142 -5.00000000000000000000 = -40.43155824992175695343 @ 393586 164471 1
-0.66059892406906517426 -3.74278808938768792203 -5.00000000000000000000 = -40.43156179977451358809 @ 399629 167261 1
-0.57164672406080840883 -4.42541774566908330257 -4.81332033252398172607 = -40.80523804691243583420 @ 398567 166774 1
-1.68663626783681963595 3.51443562101858031355 -4.74476487230261234629 = -41.85480129878201438487 @ 399840 167361 1
-0.69117009366020942807 -3.74278808879797253439 -4.99999998444985660484 = -42.47014119545127641686 @ 399864 167372 1
-0.69117009366020942807 -3.74278808938768481340 -4.99999998444976156975 = -42.47014434928927784085 @ 399302 167112 1
-0.36795228180889016922 -3.72116932374937325889 -4.94032036508294503108 = -42.69401867880215206696 @ 399407 167162 1
-0.36795228180889016922 -3.72116932374937325889 -4.94032036508294503108 = -42.69401867880215206696 @ 399792 167339 1
-0.63344068865154778969 -3.70471400155113794739 -4.78333723959558376748 = -42.93083544958810193748 @ 398769 166867 1
-2.11074725686809205882 3.75108851417387745286 -4.69766237388523677510 = -43.74651652186093286900 @ 397791 166405 1
-2.11074725686768704946 3.75108841216783206463 -4.69766237375316730862 = -43.74774800115622497287 @ 399477 167193 1
-2.11074725686770525712 3.75108841216783206463 -4.69766237375316730862 = -43.74774800898633486668 @ 398795 166878 1
-1.32100673684572589295 3.84692115616706820092 -4.87859218976920416821 = -44.22020497727753962636 @ 399238 167077 1
-1.32100673684572589295 3.84692115616706820092 -4.87859218976914821297 = -44.22020498543734845498 @ 399343 167131 1
-0.26248667143568799043 -4.35563634483397876807 -5.00000000000000000000 = -44.26145566016469246051 @ 399404 167160 1
-0.26248667143568799043 -4.35563634483397876807 -5.00000000000000000000 = -44.26145566016469246051 @ 399457 167184 1
-0.34341988799322514803 -4.50605121577069134275 -4.93015869975992071517 = -45.05084303309690341166 @ 394131 164704 1
-0.34341988799313555303 -4.50605121577069134275 -4.93015869975992071517 = -45.05084303584563798495 @ 399052 166993 1
-0.63518254929753459326 -3.93150117620885275471 -4.55754870741120576838 = -45.26838164756940585676 @ 397165 166118 1
-0.78591463702584130058 -4.45319043109226164745 -4.96738909611081513873 = -46.68100070387563249596 @ 397701 166363 1
-0.78591463702987229833 -4.45319043108252987651 -4.96738909611081513873 = -46.68100101584422390033 @ 399529 167218 1
-0.78591463702987229833 -4.45319043108252987651 -4.96738909611081513873 = -46.68100101584422390033 @ 399801 167343 1
-0.78591463702987940376 -4.45319043108252987651 -4.96738909610884959989 = -46.68100108175644891162 @ 398996 166969 1
-0.49293564983385196321 -4.04266250483784084224 -4.47075924068687413637 = -46.98043164732781917792 @ 397977 166493 1
-0.49293564983384097200 -4.04266250483211475597 -4.47075924068687413637 = -46.98043187882489490903 @ 399544 167225 1
-0.49293564983384097200 -4.04266250483211475597 -4.47075924068687413637 = -46.98043187882489490903 @ 399867 167374 1
-0.49293564986706495112 -4.04266250483784084224 -4.47075924068687413637 = -46.98043236177888104521 @ 399426 167170 1
-0.49966461824732333330 -4.01263469322452959176 -4.49215950233732286279 = -47.06004978102083669000 @ 399812 167348 1
-0.85316224730931633502 -3.87645608743926572970 -5.00000000000000000000 = -47.21216239007095083480 @ 399796 167342 1
-1.17265176651735680835 3.91199447289731505606 -4.74574929603017636737 = -47.43896751488274077246 @ 396839 165960 1
-1.17265176664761594516 3.91199447289950574813 -4.74574929738901474252 = -47.43910367416877704727 @ 398815 166886 1
-1.17265176663565129367 3.91199447289731505606 -4.74574929738901474252 = -47.43910423373371543221 @ 399300 167112 1
-1.17348134407098858567 3.91199146209659476270 -4.74574930418841756108 = -48.25446886152886349919 @ 396645 165868 1
-1.17348134392055736264 3.91199146196019542643 -4.74574930210724410529 = -48.25454209333207700183 @ 399901 167389 1
-0.49972243113693221028 -4.40644879192812677360 -4.99999999584648158191 = -48.69184692365953281978 @ 399836 167359 1
-0.48698549348742004028 -4.50605121553226606324 -4.94042425006794516662 = -49.08436795606436930939 @ 398636 166807 1
-0.48698549348742004028 -4.50605121553227405684 -4.94042425007046492880 = -49.08436798542493306741 @ 398635 166807 1
-0.58157272403521376170 -4.35890864118074894407 -5.00000000000000000000 = -50.24198381098885590745 @ 398801 166880 1
-0.03579716230141416489 -4.24376499107527038746 -4.93038161837516231145 = -51.43477317626965827912 @ 399317 167119 1
-0.23001210137112243492 -4.50605121576711109554 -4.93015869976679788067 = -53.27591740161174982404 @ 399255 167084 1
-0.23001210136501509806 -4.50605121576192502175 -4.93015869976679788067 = -53.27591742611140546160 @ 399449 167180 1
-0.48940766938679725051 -4.54078488743981001363 -4.88161537270811685119 = -54.41249567984885970873 @ 398775 166869 1
-1.10315258122249582051 3.89271831557714431682 -4.99999999851437415543 = -56.33925780231102464768 @ 399096 167014 1
-1.10315258122249582051 3.89271831557714431682 -4.99999999851437415543 = -56.33925780231102464768 @ 399971 167422 1
-1.10315258122249582051 3.89271831557711012195 -4.99999999851444432153 = -56.33925780881784817211 @ 399569 167236 1
-1.10315258122249582051 3.89271831557711012195 -4.99999999851446652599 = -56.33925781861002235473 @ 398921 166936 1
-1.10315257136767974622 3.89271846486943484678 -5.00000000000000000000 = -56.34114876702989960222 @ 399698 167294 1
-0.39588072817927688618 -4.24027137500913919865 -4.49851755315392498602 = -57.10686736995268830697 @ 398703 166837 1
-0.82343771846853053287 -4.12588063678200711593 -4.49215950233732286279 = -59.23004286013257058130 @ 399287 167099 1
-0.82343771846853053287 -4.12588063678170779980 -4.49215950233732286279 = -59.23004288889362811688 @ 398750 166859 1
-0.82343771846629643107 -4.12588051147836321064 -4.49215950233732286279 = -59.23041581492532259290 @ 398839 166897 1
-1.54616541550117903014 3.16052996844735201165 -4.99999999990887200596 = -60.97420176015297244021 @ 399159 167041 1
-1.54616541550117903014 3.16052996844735201165 -4.99999999990887200596 = -60.97420176015297244021 @ 399652 167272 1
-1.55819698904302117448 4.13694931453420089440 -4.95437676389779291242 = -62.56176547212773186857 @ 399660 167277 1
-2.28869009372841025751 4.19412312355076544179 -4.88145215010358501928 = -64.01231160301264822010 @ 399732 167312 1
-2.28869009372841025751 4.19412312355076810633 -4.88145215010358501928 = -64.01231160470999270728 @ 398185 166591 1
-2.28869009372129594837 4.19412312360367600661 -4.88145206476723902966 = -64.01319273672245913076 @ 399204 167061 1
-2.28869010049399790319 4.19412310891371120647 -4.88145206476725856959 = -64.01348757890401941495 @ 395568 165361 1
-0.34341988799322514803 -4.50605121553226162234 -4.63077269674875680039 = -64.16410739540755514554 @ 399540 167223 1
-0.34341988799322514803 -4.50605121553226606324 -4.63077269674875680039 = -64.16410739566138943246 @ 397786 166403 1
-2.28817357438803936631 4.19455972746933714035 -4.88143520167430366996 = -64.28848743149019639986 @ 398067 166536 1
-1.98854870729503696580 3.76459741065002218008 -4.58126335675715345985 = -65.83219288401878088735 @ 399317 167119 1
-1.78192202875650340665 4.14668745761347334877 -4.70442715671829336799 = -66.18503949107190464929 @ 399574 167238 1
-1.78192202875650340665 4.14668745761348045420 -4.70442715671829336799 = -66.18503949371870476170 @ 396859 165970 1
-1.78192202875650340665 4.14668745761348844781 -4.70442715671829336799 = -66.18503949675435649169 @ 398497 166736 1
-2.20952088188907724842 1.68705625508860102002 0.77051916584336455074 = -67.21369266071617687430 @ 399572 167237 1
-1.20970376250627986714 3.87631013104490307342 -4.75170315208503524218 = -67.23392267398907051756 @ 399728 167310 1
-1.20970376250627986714 3.87631013104490307342 -4.75170315208503524218 = -67.23392267398907051756 @ 399837 167360 1
-1.88347300871238854114 4.42844577498193103793 -5.00000000000000000000 = -68.58169075548600801540 @ 397677 166351 1
-1.88347300871238854114 4.42844577497502811525 -5.00000000000000000000 = -68.58169589139083655027 @ 399252 167083 1
-1.88347300871238854114 4.42844577497501212804 -5.00000000000000000000 = -68.58169590234820134356 @ 399524 167216 1
-1.88347300871671596845 4.42844577497501301622 -5.00000000000000000000 = -68.58169980086549344378 @ 399423 167168 1
-1.88347196773966163441 4.42763795064036358440 -4.99999984201758085334 = -68.99405570180377367251 @ 389467 162675 1
0.07281202261832787903 -4.14076024940072873193 -4.98564918165207338063 = -70.39272894663223212319 @ 399257 167085 1
-2.22647316390753013948 4.01302438716227172222 -5.00000000000000000000 = -72.12783197940865420605 @ 398889 166922 1
-1.59529027577202175969 3.76105114638010062933 -4.50023743011492349808 = -72.13119757478234816972 @ 398865 166911 1
-1.59529022550704491223 3.76105114638010062933 -4.50023743011541821346 = -72.13142596398273553859 @ 398676 166825 1
-2.20952088188907724842 1.67463507385994248011 0.77051916584436264124 = -72.50329929009761542602 @ 397644 166336 1
-2.20952088188911321964 1.67463507390227039906 0.77051916584436264124 = -72.50331501615787033188 @ 399378 167148 1
-2.20952088188907724842 1.67463507390233257155 0.77051916584436264124 = -72.50331510532436141148 @ 398152 166575 1
-0.43973529865380223125 -4.68874523413243071701 -4.87875372149140318356 = -72.51882157265464456941 @ 399804 167345 1
-0.99358814206373602396 -4.46992414215364153307 -4.99999685529708415288 = -72.80453002725454325628 @ 399784 167336 1
-0.99358814206373602396 -4.46992414215364153307 -4.99999685529708415288 = -72.80453002725454325628 @ 399937 167405 1
-0.99358814206375867251 -4.46992414215276134826 -4.99999685529708415288 = -72.80453003334449135764 @ 398920 166935 1
-0.00344034738736812397 -4.40644879192812677360 -4.99999999584648158191 = -72.94324289744135114688 @ 399428 167171 1
-0.89505861483667858991 3.41543375197270782095 -4.95634589148283133397 = -73.05068558243328880053 @ 397098 166080 1
-0.89505861483667858991 3.41543375197270782095 -4.95634589148283133397 = -73.05068558243328880053 @ 399265 167089 1
-0.89505861543676701331 3.41543375488879963342 -4.95634589125142621668 = -73.05101515490746066916 @ 399618 167257 1
-0.89505861543676701331 3.41543375488879963342 -4.95634589125142621668 = -73.05101515490746066916 @ 399743 167318 1
-0.45932757162867493550 -4.68906775015972598908 -4.76288121922043927725 = -73.83586920619275417721 @ 399427 167170 1
-2.12637685543876031602 3.82228793513806586191 -4.83161723555791855489 = -73.84116245584905868782 @ 399840 167362 1
-1.11953433949413994064 -4.01261094935582196541 -4.89586977381525656483 = -73.99499689614283681749 @ 398985 166964 1
-0.49973691231915740030 -4.34872441692577904604 -4.33805422509182747604 = -74.02048858338147852010 @ 399727 167310 1
-0.49973691231915862154 -4.34872441692577904604 -4.33805422509182747604 = -74.02048858340666015465 @ 399673 167282 1
-0.49973691231916123057 -4.34872441692577904604 -4.33805422509182747604 = -74.02048858360626581998 @ 399648 167270 1
-0.49973690516422397678 -4.34872387967491569327 -4.33805422451753930346 = -74.02139142130023685695 @ 398836 166896 1
-2.00182363427349052643 3.79761631521786302557 -4.93250217851733552266 = -74.29278226214623259693 @ 399462 167187 1
-2.00182363427349052643 3.79761631521786302557 -4.93250217851733552266 = -74.29278226214623259693 @ 399778 167333 1
-0.00477103593618147248 -4.43720474215015769914 -5.00000000000000000000 = -75.49652744796721037801 @ 399612 167254 1
-0.00477103593618147248 -4.43720474215015769914 -5.00000000000000000000 = -75.49652744796721037801 @ 399829 167356 1
-1.10894910090038756323 3.70477657947283800510 -4.63118067378791931077 = -76.04372587276068884421 @ 399483 167195 1
-1.10894910090038756323 3.70477657947283800510 -4.63118067378791931077 = -76.04372587276068884421 @ 399935 167404 1
-0.17701988387769052036 -4.77386240602119560350 -4.91545546550381917683 = -76.07593514082587660141 @ 398693 166833 1
-1.26043252688342510837 3.43885137522125017284 -5.00000000000000000000 = -76.63825434489729104826 @ 398769 166867 1
-1.26043252688342510837 3.43885129134748801505 -5.00000000000000000000 = -76.63914862147366591216 @ 398804 166882 1
-1.88691620501759804718 3.32987054304248220049 -4.99999986068688606622 = -77.76062182319344628922 @ 399543 167224 1
-1.28861901488136210148 3.10265017688492905634 -5.00000000000000000000 = -79.16104714443324041895 @ 397810 166415 1
0.16271353125173035337 -4.01260195962884047560 -4.88089620490487341442 = -79.34891635353334038427 @ 397163 166116 1
0.16271353125173035337 -4.01260195962884047560 -4.88089620490487341442 = -79.34891635353334038427 @ 399616 167256 1
-0.69117009509965066094 3.82500168179865029927 -4.99999997331294743219 = -81.53092986532763575269 @ 399590 167244 1
-0.69117009509965066094 3.82500168179865029927 -4.99999997331294743219 = -81.53092986532763575269 @ 399843 167363 1
-0.69117009381016747405 3.82500168178688548792 -4.99999997297401854723 = -81.53117161644749444349 @ 396230 165671 1
-0.69117009082659819352 3.82500174459399211457 -4.99999998260757916313 = -81.53836451260215767434 @ 398934 166941 1
-0.81057600473434388011 -4.82970382172095291651 -4.93016469602577878106 = -84.78948026977104746038 @ 398846 166901 1
-0.81057600473434388011 -4.82970382172095291651 -4.93016469602577878106 = -84.78948026977104746038 @ 399789 167338 1
-2.03130898993307296152 2.78203305149512702954 -4.93781449256693605321 = -84.80955598709593346030 @ 394707 164964 1
-2.03130898985460639494 2.78203305149512702954 -4.93781449256693605321 = -84.80956747082852587027 @ 399521 167215 1
-2.03130898985454688699 2.78203305149512702954 -4.93781449256693605321 = -84.80956763276694232445 @ 398351 166668 1
-2.03130898993307784650 2.78203305095818453907 -4.93781449258930127399 = -84.80960251228167123827 @ 399586 167242 1
-2.03163879157355342642 2.78202801225579410271 -4.93781351605876128730 = -84.82392107389070190493 @ 396523 165811 1
-2.03163879157355342642 2.78202801225579454680 -4.93781351605876128730 = -84.82392107573247130858 @ 399734 167313 1
-2.03164002395215348429 2.78202805410888043269 -4.93781350559303966463 = -84.83087233566038776189 @ 396919 165999 1
0.20282671156160597681 -4.07176853514010783641 -4.89524705532039483558 = -86.20475275509946300190 @ 399257 167086 1
0.20111568486493133778 -4.07707667899928782873 -4.89584578700953798602 = -86.32051768179935891112 @ 398828 166892 1
0.20111568486493133778 -4.07707667899928782873 -4.89584578700953798602 = -86.32051768179935891112 @ 399969 167421 1
-0.36002982093138857778 -3.51296104816327359188 -4.91291228104039134905 = -87.78261653882051973596 @ 399313 167117 1
-0.06203507914618806851 -4.99369831089024263093 -4.87860108215012466815 = -91.14509102779045690568 @ 399471 167190 1
-0.06203507914618806851 -4.99369831089024796000 -4.87860108215012022725 = -91.14509102783357263888 @ 398793 166877 1
-0.05629136304290771609 -5.00000000000000000000 -4.90752499470128711323 = -91.65515081948801423550 @ 399954 167415 1
-2.18503207729118997804 3.26598002705110701527 -4.69445692344344767122 = -92.46518688805664965003 @ 399711 167300 1
-2.18503207729118953395 3.26598002705104439869 -4.69445692344344767122 = -92.46518689118833833618 @ 398565 166772 1
-2.18503207741080540671 3.26598002706758849811 -4.69445692335549935592 = -92.46521179557514358294 @ 398184 166590 1
-0.29528507228040123955 -4.89701660432026120162 -4.84589720144969682281 = -93.11836194742649297496 @ 399926 167400 1
-0.00819192345374157409 -4.99999999999994493294 -4.88560173041997014565 = -94.50973667232238994984 @ 399481 167195 1
