-0.08983747265253883008 0.71266528953808638835 = 1.03162845272245307093 @ 48853 13643 1
-0.08983747265253883008 0.71266529222860819370 = 1.03162845272204917180 @ 44645 12526 1
-0.08991078355558573820 0.71266409575179490155 = 1.03162843509647750295 @ 49840 13908 1
0.08979316751888549719 -0.71249588114259509997 = 1.03162824106527706292 @ 48377 13519 1
0.08979316751868075819 -0.71249588114259509997 = 1.03162824106527706292 @ 49893 13923 1
0.08973614421711252620 -0.71249564758725147939 = 1.03162821523347369990 @ 47145 13191 1
0.08962617581566707792 -0.71232243609852363697 = 1.03162743100703213628 @ 46060 12904 1
0.09058616716494870269 -0.71258242646735225900 = 1.03162619501663144206 @ 38095 10751 1
-0.08960002325228504094 0.71204102135365687776 = 1.03162527558445904496 @ 43647 12250 1
-0.09091108993881633071 0.71285330301544114207 = 1.03162389149910160846 @ 49859 13914 1
-0.09091108998025786148 0.71285330296176185882 = 1.03162389149888000794 @ 49630 13851 1
-0.09137546976487026518 0.71204102135365687776 = 1.03161524646072133571 @ 49592 13841 1
-0.08779049990315178353 0.71264758437221287224 = 1.03161205634409558485 @ 49836 13907 1
-0.08779049990316908914 0.71264758437494779564 = 1.03161205634409025578 @ 49849 13911 1
-0.08778924736913544524 0.71264776804103802110 = 1.03161203595074058015 @ 47827 13373 1
0.08765716490532837746 -0.71253242101007174814 = 1.03160998042013773990 @ 49877 13918 1
0.08765716490521767434 -0.71253242101007174814 = 1.03160998042013596354 @ 49627 13850 1
0.08765716489426264579 -0.71249531084451134255 = 1.03160997489224937063 @ 48914 13659 1
0.08765716489327346483 -0.71249531084451134255 = 1.03160997489223271728 @ 49797 13897 1
0.09000590207750698568 -0.71441992711888335776 = 1.03160310698225132775 @ 49568 13835 1
0.09000590207750698568 -0.71441992712062840631 = 1.03160310698220114567 @ 49723 13876 1
-0.09199923577901809868 0.71166173421791301124 = 1.03160008186693308296 @ 46024 12894 1
0.09289567611144096404 -0.71220485077033779397 = 1.03158907331699878362 @ 49514 13821 1
0.09289567611144096404 -0.71220433049451425944 = 1.03158906788190884996 @ 49256 13753 1
0.09289649062667369728 -0.71220486740379751467 = 1.03158905374385700959 @ 46300 12966 1
-0.08734530777506932520 0.71403774367673933376 = 1.03158503517618749257 @ 49613 13846 1
-0.08786274753311291985 0.71051148031142685735 = 1.03157985715115407821 @ 47392 13259 1
-0.08786274753311291985 0.71051148031142685735 = 1.03157985715115407821 @ 49962 13941 1
-0.09348540659136429787 0.71283851540608855757 = 1.03157713040074416888 @ 46085 12910 1
-0.09348540659136429787 0.71283851540608855757 = 1.03157713040074416888 @ 49983 13947 1
0.09040577873086026728 -0.70975149055732422720 = 1.03155675220372122780 @ 49625 13849 1
0.09040577968466236014 -0.70975055101007344938 = 1.03155670722971315456 @ 49199 13739 1
0.09040579132299642051 -0.70969936316569126600 = 1.03155423569215631829 @ 49793 13896 1
0.08627300155317356445 -0.71049544144917320398 = 1.03154834606255274565 @ 49932 13933 1
0.08627300155317266239 -0.71049544144917320398 = 1.03154834606255252361 @ 49866 13915 1
0.08780383678042462392 -0.70969922577121924423 = 1.03154696063846440524 @ 47003 13152 1
-0.09420948360411041111 0.71399527741237123202 = 1.03154529170504982716 @ 47910 13396 1
-0.08418631238341156564 0.71225260161441417139 = 1.03150456411286239877 @ 49438 13801 1
-0.08418631236154507091 0.71225260161441417139 = 1.03150456411190538653 @ 49101 13714 1
0.09314197319199590819 -0.70910599144894137513 = 1.03147159209614480702 @ 47444 13272 1
-0.09366431602139912993 0.71643906712841332052 = 1.03146820330462318793 @ 49288 13761 1
-0.09365645845274897519 0.71646275857450747448 = 1.03146701358494774503 @ 48204 13473 1
-0.08975704194590534979 0.70776998249492883986 = 1.03143463664122703172 @ 48763 13620 1
-0.08975704695116129561 0.70776998265525792320 = 1.03143463663277246134 @ 49531 13825 1
-0.08801615418670057089 0.70753550125228270584 = 1.03141158243229513758 @ 48331 13508 1
-0.08801615418670057089 0.70753545636102921357 = 1.03141157878933609204 @ 49523 13823 1
-0.08801615418670057089 0.70753545636102921357 = 1.03141157878933609204 @ 49731 13878 1
0.08231253174151012542 -0.71477055432642511157 = 1.03135448642271909669 @ 45802 12835 1
0.08231253174151012542 -0.71477055526744304181 = 1.03135448638290583290 @ 48770 13622 1
0.08231256121254748592 -0.71477178842277633297 = 1.03135443599356424471 @ 48609 13578 1
0.09782832812167953362 -0.71512654475722636782 = 1.03134977351729850703 @ 49142 13725 1
0.09001214246924335582 -0.71866711226490975761 = 1.03133102096413264981 @ 49265 13755 1
0.09001214188746127498 -0.71866711568220120743 = 1.03133102062133974464 @ 49532 13825 1
0.09001320961020412015 -0.71866722139907956990 = 1.03133101509809055329 @ 49616 13847 1
-0.09844363112569951002 0.71440133069566569279 = 1.03133050588079444587 @ 47910 13396 1
-0.09844363503737779686 0.71440133069566569279 = 1.03133050562593941990 @ 48647 13590 1
0.09818762538385132632 -0.71119859174682242831 = 1.03132782852499849113 @ 48851 13643 1
0.09022444768111223534 -0.70631251808544315285 = 1.03129879259693946203 @ 49809 13900 1
-0.09844363503737779686 0.71051148031142685735 = 1.03128447806713507973 @ 49958 13940 1
-0.09938201149313187488 0.71266494324106643976 = 1.03127438259352488537 @ 49226 13745 1
0.10012668716590071571 -0.71327740529120642332 = 1.03122014316964105696 @ 48229 13480 1
0.08816569188347728181 -0.70538331527271702637 = 1.03120087696761175700 @ 49970 13943 1
-0.10172791843139955548 0.71511467964024377775 = 1.03105853814928449808 @ 48826 13636 1
-0.09454236475690500074 0.70503986328325107813 = 1.03103655977164554436 @ 46922 13131 1
-0.08653198986420999883 0.72067677369584515201 = 1.03102649042523974998 @ 48322 13506 1
-0.08653198986420999883 0.72067677369584515201 = 1.03102649042523974998 @ 49231 13746 1
-0.08653198986420999883 0.72067677549265951598 = 1.03102649017929537401 @ 48913 13659 1
0.08219990452998958419 -0.71913742043944828275 = 1.03100382781305466295 @ 49766 13889 1
0.08219990452938628900 -0.71913742043944828275 = 1.03100382781301469493 @ 49170 13732 1
-0.07792764736599601394 0.70852863909652807894 = 1.03098426001703047383 @ 49289 13761 1
-0.07792764584880645939 0.70852863779297392544 = 1.03098425981004626628 @ 47582 13311 1
0.08760476768080931176 -0.70363831164519663464 = 1.03097145688968794275 @ 49864 13915 1
-0.07866076861721979507 0.71680057725244550326 = 1.03095223987269735133 @ 49931 13933 1
-0.07866076861721979507 0.71680057725244539224 = 1.03095223987269712929 @ 49871 13917 1
-0.07624489931759308170 0.71167352392296945318 = 1.03091131961893323066 @ 49369 13782 1
-0.07888099509442574042 0.70636675482257249570 = 1.03090691356641017684 @ 47743 13351 1
-0.09110613948027947162 0.72203731738056253775 = 1.03090398597762744615 @ 47572 13308 1
0.08765716489426264579 -0.72198762181701103824 = 1.03086711505134953626 @ 46294 12965 1
0.07542855563687818343 -0.71178709705209042280 = 1.03082271561471805477 @ 48892 13654 1
0.07542855439582746291 -0.71178709705209042280 = 1.03082271547577164483 @ 48640 13588 1
0.07542737875364093070 -0.71178705319627233461 = 1.03082258385593883432 @ 49237 13748 1
0.07541435077413347066 -0.71178743893430185263 = 1.03082112439054318642 @ 45954 12874 1
-0.09826432714204455521 0.70503459763311149278 = 1.03081748289565489074 @ 49617 13847 1
0.09552271492604594294 -0.70358321634798171029 = 1.03078558181554291728 @ 49516 13821 1
-0.08350017547496178805 0.72241180967373141986 = 1.03061963775965081958 @ 46560 13036 1
-0.10732699897497793851 0.71485800538975352580 = 1.03043942854276937560 @ 49132 13722 1
-0.10527757228462353289 0.70692714888568120024 = 1.03034735936596510975 @ 44706 12542 1
-0.07395034971095776344 0.70540662646822793747 = 1.03033012964412851176 @ 49915 13928 1
-0.07395034967879650367 0.70540662646822649418 = 1.03033012964035908254 @ 49475 13811 1
-0.09000930460047130988 0.69954039544590829180 = 1.03024299178802869470 @ 47510 13292 1
0.10199421168722441755 -0.70324526072317050662 = 1.03022391285655956494 @ 49005 13682 1
0.10201993209288524878 -0.70324526072317050662 = 1.03022124005882265152 @ 48301 13500 1
0.10959059674810223139 -0.71248905201846968183 = 1.03011051846420831346 @ 47775 13359 1
0.10959059674810223139 -0.71248905196837708509 = 1.03011051846308143709 @ 49348 13776 1
0.07925303862087680618 -0.69949035157094785475 = 1.02993623017288271626 @ 49900 13924 1
0.07925303862087680618 -0.69949035157094285875 = 1.02993623017288182808 @ 48547 13562 1
0.07925270375407029999 -0.69949035115274083019 = 1.02993620676861574736 @ 49603 13844 1
0.06833856720553362074 -0.71204009141844537556 = 1.02982886729582756580 @ 49807 13900 1
0.06833856720254362360 -0.71204009141844537556 = 1.02982886729532530090 @ 49890 13922 1
0.09248924218950940745 -0.72814267349982031430 = 1.02963561621289589887 @ 48581 13570 1
0.11401235098029889603 -0.71616611908197502778 = 1.02934560978479616722 @ 49702 13870 1
0.11401235085666255875 -0.71619070188599120996 = 1.02934477549585801093 @ 49939 13935 1
0.11401235085667091318 -0.71619070188599120996 = 1.02934477549585645662 @ 49465 13808 1
0.10959059674810223139 -0.70358031140267807135 = 1.02926872998002361115 @ 49389 13789 1
-0.07666064886727692873 0.72682966959224093451 = 1.02908493144525836627 @ 49056 13702 1
0.08764511343478559313 -0.73026538018403464037 = 1.02896905672149507893 @ 49212 13742 1
0.08764511343478559313 -0.73026538094384296773 = 1.02896905649256908966 @ 49882 13920 1
0.08764511343478559313 -0.73026538164954979404 = 1.02896905627994339483 @ 47212 13207 1
-0.07536701698815191641 0.72719051394286349232 = 1.02883397265249065811 @ 49146 13726 1
-0.06301319579213200683 0.70694577339966868657 = 1.02869714179287252698 @ 48981 13676 1
-0.09885375413440061765 0.69494554324958790481 = 1.02864703743058316654 @ 45743 12819 1
-0.09885443294541319814 0.69494554324958790481 = 1.02864697783670733244 @ 49792 13896 1
-0.06244783969706459159 0.71462573875181578664 = 1.02860271987466544985 @ 48287 13497 1
-0.06244176167192307808 0.71484307877666164455 = 1.02858801598565730018 @ 48926 13662 1
-0.06244176167192307808 0.71484310040003340436 = 1.02858801461521198739 @ 48642 13588 1
-0.11622022791262731634 0.70753343981582617062 = 1.02858198354333296720 @ 48275 13493 1
-0.11625048444008664883 0.70753381770014789343 = 1.02857569521335978635 @ 45077 12640 1
-0.11817534324085932074 0.71434518414698733313 = 1.02854154359728089396 @ 49705 13871 1
-0.11817542286131871299 0.71434518414698733313 = 1.02854152630046247197 @ 49583 13839 1
-0.11817542286131871299 0.71434518410206082617 = 1.02854152630043671479 @ 49055 13702 1
-0.11817542286131871299 0.71434518344388120425 = 1.02854152630005724056 @ 49363 13780 1
-0.11628502424643734348 0.70630513378471315722 = 1.02842190785586207191 @ 48059 13435 1
-0.06901965620888200759 0.69659152776272847962 = 1.02819981602857724035 @ 47671 13333 1
-0.06901965620888200759 0.69659151230218963047 = 1.02819981241808466876 @ 49743 13881 1
-0.06901344258865850512 0.69659102657300864259 = 1.02819878423382227162 @ 46548 13033 1
0.12138023933876479488 -0.71913742043944828275 = 1.02763352067972291159 @ 49762 13888 1
0.10185658834524204119 -0.69199803829888451023 = 1.02742378270237266769 @ 49695 13868 1
0.10185659173094993579 -0.69199780153238743541 = 1.02742370278522066052 @ 49061 13703 1
0.05723097525762878973 -0.71414430028320197152 = 1.02739198750570981389 @ 49673 13862 1
0.05723097525762878973 -0.71414430028811926032 = 1.02739198750542914951 @ 49549 13830 1
0.05722336510719414765 -0.71414357116460169816 = 1.02739006644955011005 @ 48808 13631 1
0.12138023933876479488 -0.70692916565438423948 = 1.02732910173919522734 @ 48838 13639 1
0.12138023933876479488 -0.70692916557692975221 = 1.02732910172957381256 @ 49262 13754 1
0.12138023933876479488 -0.70692916533054617201 = 1.02732910169896740626 @ 47731 13348 1
0.06807077481465208246 -0.69346830560266126131 = 1.02725595712234385459 @ 49401 13792 1
0.06807048426062256574 -0.69346833733848711745 = 1.02725592197538251327 @ 47659 13330 1
0.06807048426062256574 -0.69346830549028193325 = 1.02725591305746721815 @ 48824 13636 1
-0.12436833281814976826 0.71600792165479043572 = 1.02703811308244996603 @ 48798 13629 1
0.06623258753184400882 -0.72853522543607807105 = 1.02696054384426194162 @ 49784 13894 1
0.06623258753164694423 -0.72853522543607807105 = 1.02696054384422241768 @ 49708 13872 1
-0.05465704000376452737 0.70346955731413385315 = 1.02641343675009300007 @ 49024 13694 1
0.05694598921645162293 -0.69837708154943733962 = 1.02621830553115689355 @ 43975 12348 1
-0.05757277577188281426 0.69659103554019707882 = 1.02599770133543932715 @ 49135 13723 1
-0.12502458464752716494 0.70277994200645421685 = 1.02570315175675097485 @ 49801 13898 1
-0.05094417931449567866 0.71404160670945238110 = 1.02562064811702913225 @ 49691 13867 1
-0.05094406121298774431 0.71404161801945842392 = 1.02562061109190283403 @ 48534 13558 1
0.12111196571742707806 -0.69713757959410282972 = 1.02542612999876414648 @ 48070 13438 1
-0.05032958820176600817 0.71500578745088816390 = 1.02536240017006186065 @ 45384 12726 1
-0.08801323278304876152 0.73991846982065678784 = 1.02524600513591646056 @ 47114 13183 1
-0.13055834872917151945 0.71769730401001530229 = 1.02521718374438353116 @ 49382 13787 1
-0.13055849097148389260 0.71769821198342353963 = 1.02521710112048802799 @ 44893 12593 1
0.13089142502940176449 -0.71451490241756743238 = 1.02516468514978331683 @ 49315 13768 1
0.11218278320356528388 -0.73734431773639441676 = 1.02507877085335241674 @ 49654 13857 1
-0.12162621933367799565 0.69543637155691695462 = 1.02479833493362937347 @ 49019 13692 1
-0.12162621933367799565 0.69543636948148201959 = 1.02479833430320455001 @ 45320 12709 1
0.08814413185685121555 -0.74096637926759367776 = 1.02474466853384660325 @ 49160 13729 1
0.04997114768994714157 -0.69760417067219859799 = 1.02417198679768084446 @ 47294 13228 1
0.06735196616458659358 -0.73721598651810293923 = 1.02398635969067153262 @ 48101 13446 1
0.06734840173114395312 -0.73732167220833622068 = 1.02393844817350410104 @ 49087 13710 1
0.06734840173114395312 -0.73732167267828219170 = 1.02393844796319499757 @ 47921 13399 1
0.13527542328249692050 -0.71385614210910619537 = 1.02370269674719938102 @ 47040 13162 1
0.13587220884204187499 -0.71385614210910619537 = 1.02349388501223215187 @ 48536 13559 1
0.13587304968461133559 -0.71385614428930932451 = 1.02349358896946163178 @ 49041 13698 1
0.13292396694519356681 -0.70103850076165474814 = 1.02287137662856952858 @ 49914 13928 1
-0.08960002325228504094 0.67913949221512093235 = 1.02286112106891868834 @ 49095 13712 1
-0.09233178663764418648 0.67913960442470333589 = 1.02274569093325040647 @ 49173 13733 1
-0.09238678982196119049 0.67913945065953584823 = 1.02274268961763215025 @ 47345 13242 1
0.13576225656322155055 -0.72549733423498941054 = 1.02270438338880720330 @ 48624 13582 1
0.08806178660315355788 -0.67774627409462184779 = 1.02217723087347600597 @ 49741 13880 1
0.08806178660315355788 -0.67774623959315016819 = 1.02217721262300753615 @ 49657 13858 1
0.08806903315824474165 -0.67774622191326794329 = 1.02217705072706288583 @ 48504 13550 1
-0.04076089742677935224 0.71292134260325534800 = 1.02214660435744075784 @ 49993 13949 1
0.04158724217556362263 -0.70237220483535978133 = 1.02211987687909555689 @ 48944 13667 1
0.04158680037269689433 -0.70237292768822778832 = 1.02211979755508686196 @ 49088 13711 1
0.04997142653386129479 -0.73079458852078615916 = 1.02190283056626918246 @ 49604 13844 1
-0.14041230849602343023 0.71600792159532200554 = 1.02184574035755693089 @ 49463 13808 1
-0.14041230849602343023 0.71600792159626747146 = 1.02184574035755249000 @ 49816 13902 1
0.03951810442654670602 -0.71243346013140895767 = 1.02168371666809565390 @ 49744 13881 1
0.03951327394261346798 -0.71243346013668118477 = 1.02168179980593243350 @ 48968 13673 1
0.05687249367477211631 -0.68223879592576952557 = 1.02110978581192557435 @ 49355 13778 1
0.05687249345517610827 -0.68223879592576952557 = 1.02110978576168154319 @ 48697 13602 1
-0.10874617286228165092 0.67793965242721465625 = 1.02018561357029402537 @ 49658 13858 1
-0.14463453661084413326 0.71286974743408693111 = 1.02007705598754228049 @ 49716 13874 1
-0.07687534294528544643 0.67415854048022638700 = 1.01997543538872825764 @ 49815 13902 1
-0.07687534294525709411 0.67415854048022638700 = 1.01997543538872648128 @ 49901 13925 1
-0.03947034880740413892 0.72449275562827886166 = 1.01989144442882428976 @ 48831 13637 1
-0.03947034741809009317 0.72449280073994470897 = 1.01989143262522952149 @ 47793 13364 1
-0.05032958820176600817 0.73734446851565160763 = 1.01936076852323620479 @ 49548 13830 1
-0.03544451818790735759 0.72320647450537201006 = 1.01849068105637452497 @ 49898 13924 1
-0.14886441678892167739 0.71671450659311897180 = 1.01832996099325168160 @ 48752 13617 1
-0.03363717823703446519 0.72049004620578704916 = 1.01825195832238901694 @ 48843 13641 1
0.14111256229905233539 -0.73575392835489938914 = 1.01816921026282325435 @ 49600 13843 1
0.14111256229919169614 -0.73575392835489938914 = 1.01816921026277174001 @ 49817 13902 1
0.03089380733759504796 -0.71243346007571373146 = 1.01796528419641463259 @ 49527 13824 1
0.03089380733759504796 -0.71243346018928865870 = 1.01796528419013410094 @ 49441 13802 1
-0.04143513641388903851 0.68552086739564865869 = 1.01792866826271533043 @ 47841 13376 1
-0.04143503364083220286 0.68552086739564865869 = 1.01792863181553472351 @ 47832 13374 1
-0.11817542307538528301 0.75046197062734609773 = 1.01725959371291763134 @ 49773 13891 1
-0.06954419429464912816 0.75001476311803549901 = 1.01722660095580841322 @ 48861 13646 1
-0.06954419429464969715 0.75001476311803549901 = 1.01722660095580841322 @ 49952 13938 1
-0.05404532960092131577 0.67525849419760686221 = 1.01707574268799283423 @ 47617 13320 1
0.14226640222057226892 -0.69218335526055807527 = 1.01662874749599940749 @ 46996 13150 1
0.15360240279913539574 -0.71241405085085363069 = 1.01599129959446243809 @ 46727 13079 1
0.15360240279913539574 -0.71241369246452490582 = 1.01599127532073962854 @ 48613 13579 1
0.15360266454541585124 -0.71241405085085363069 = 1.01599117235039737572 @ 49308 13766 1
0.15360471188409136056 -0.71241591719992214404 = 1.01599030342889573575 @ 48814 13633 1
0.14119525953191403023 -0.74151526242223431140 = 1.01584798455802927108 @ 49243 13749 1
0.14119525989048470338 -0.74151526242223431140 = 1.01584798442732515689 @ 49923 13931 1
-0.02578745940732135936 0.70200357663274415287 = 1.01523700435947517029 @ 49771 13890 1
-0.11819490222916338718 0.75350467302273216319 = 1.01521849474017633597 @ 47712 13343 1
0.03801094371653311599 -0.67987106642713912574 = 1.01435969315451601780 @ 46382 12990 1
0.02330982001621446920 -0.71247107449372892862 = 1.01420284675027394528 @ 49719 13875 1
-0.13153583656591824602 0.67683967395796074129 = 1.01343043506897045880 @ 48803 13630 1
-0.13153583656591824602 0.67683967395796074129 = 1.01343043506897045880 @ 49985 13947 1
-0.13153583098753693359 0.67683966163188691301 = 1.01343042984443254539 @ 49361 13780 1
0.13527542328249692050 -0.67774622191326794329 = 1.01257286831083637146 @ 48219 13477 1
0.10210067591583781021 -0.66312523150919533421 = 1.01170772830389799068 @ 49820 13903 1
0.10210067650903030534 -0.66312523150919533421 = 1.01170772821802623653 @ 49172 13733 1
0.02174453806079981733 -0.69282148628967599180 = 1.01157451077195048583 @ 48115 13450 1
0.02174453062883987750 -0.69282148629626461034 = 1.01157450691672723408 @ 49505 13818 1
-0.02267883023973690793 0.68955449193105344818 = 1.01117766440297685016 @ 46093 12912 1
-0.02267883023973690793 0.68955448148975440059 = 1.01117766134215836260 @ 49155 13728 1
-0.02268336840269617391 0.68954300395790024680 = 1.01117660203856463141 @ 48966 13672 1
0.16316233936744589661 -0.72548907584188182529 = 1.01059273644164471229 @ 49687 13866 1
-0.16331337418879340873 0.70603155922249583032 = 1.01009765207965562794 @ 49993 13950 1
0.07555039345466647849 -0.76138792860631110404 = 1.00934432257240525033 @ 48444 13535 1
-0.01899942605560503081 0.72892793685743895171 = 1.00847780947619969361 @ 49925 13931 1
-0.01884143900057641541 0.72892836870196431320 = 1.00838640308776228416 @ 46354 12982 1
0.12334446411445536274 -0.66468215643554184879 = 1.00806647532025794867 @ 46518 13025 1
0.16701681610540575207 -0.70335713979660119399 = 1.00740891504216789620 @ 47828 13373 1
0.16701681610540575207 -0.70334858616488837857 = 1.00740697677161339385 @ 49745 13881 1
0.04522762292554181884 -0.75545816706584345557 = 1.00599060941159823557 @ 48230 13480 1
0.01649772687541137262 -0.68270343029221902675 = 1.00557332297025947554 @ 44938 12604 1
0.00626965336069134141 -0.71494657894373081497 = 1.00382807016713071491 @ 48443 13535 1
0.00626965336069134141 -0.71494661465624775865 = 1.00382806583658745758 @ 48160 13461 1
0.00626906288116536956 -0.71494661465624775865 = 1.00382767328944799701 @ 47307 13232 1
0.00626889727385915481 -0.71494661465624775865 = 1.00382756319423349645 @ 48173 13465 1
0.09051250265194765721 -0.65127879159733403913 = 1.00331522726736288575 @ 49415 13796 1
0.09051250268679372768 -0.65127879115571807311 = 1.00331522687608543087 @ 48837 13639 1
-0.07175171475075428629 0.65088778519492318519 = 1.00285040387376045423 @ 48195 13471 1
-0.07175173450950039777 0.65088770807828877363 = 1.00285033860725625310 @ 48459 13539 1
0.07717786909007469387 -0.76850049447618906662 = 1.00273159821514235013 @ 49970 13943 1
-0.01832927373878504365 0.67411003441046002393 = 1.00270377157608292507 @ 47297 13229 1
-0.01832908219774831773 0.67411003441046002393 = 1.00270367053275921698 @ 48645 13589 1
-0.04807640213524308481 0.65553323055776768769 = 1.00252656419410413058 @ 47082 13173 1
-0.04807607301046638859 0.65553323055776768769 = 1.00252647471948552749 @ 49209 13741 1
-0.04807607301046638859 0.65553323033020061139 = 1.00252647454080690004 @ 49910 13927 1
-0.00613311038612485149 0.72203731717082630936 = 1.00245665561572794289 @ 49393 13790 1
-0.00613311148908965865 0.72203732141487864116 = 1.00245665533783112622 @ 49268 13756 1
0.17812269505853595142 -0.72305312636845642249 = 1.00190428287200483659 @ 49211 13741 1
0.17812269909426065029 -0.71238543452610691986 = 1.00185996388159259674 @ 49686 13866 1
0.17812269909426065029 -0.71238543452068070483 = 1.00185996388108966570 @ 48577 13569 1
-0.00466369597584177700 0.69276888367654088086 = 1.00153244007845043662 @ 49387 13788 1
-0.00613311038612485149 0.68388218117721455425 = 0.99986937367076078598 @ 46833 13108 1
-0.00613311038612472832 0.68388218117721455425 = 0.99986937367076067495 @ 49973 13944 1
-0.00613310985668745392 0.68388218117731236489 = 0.99986937333469894096 @ 49922 13930 1
-0.17240899959858477231 0.74524712919467794858 = 0.99916093305355868637 @ 48170 13464 1
-0.17240899959858477231 0.74524713943281450934 = 0.99916092805634404428 @ 47518 13294 1
-0.17241352987556468612 0.74533483794709787240 = 0.99911537246826953584 @ 49495 13816 1
0.16336724709171612790 -0.67748061984566365634 = 0.99868163228990192160 @ 46442 13006 1
0.16336724665107693610 -0.67730035134355226489 = 0.99857179932303707925 @ 49346 13776 1
0.03951328884911341210 -0.65007359083886706586 = 0.99548074435791200631 @ 49707 13871 1
0.03951328862917197204 -0.65007359083630478214 = 0.99548074428218069620 @ 49528 13824 1
-0.18848905141574467947 0.71458586552069602860 = 0.99476265394542728870 @ 49729 13877 1
-0.17337713407217883455 0.68146277385784836955 = 0.99472814975622125822 @ 48488 13546 1
0.00783732460775174271 0.70664353006111724209 = 0.99421440287957507653 @ 49780 13893 1
0.00840910137038860563 0.71484310040003340436 = 0.99322191253953917567 @ 49555 13831 1
-0.00535323805672263935 -0.72568080544883883931 = 0.99316770238958718142 @ 46330 12974 1
0.03089380085716785657 -0.65041724767399056173 = 0.99258829778543722355 @ 46758 13089 1
0.03089380733759504796 -0.65007359083666149679 = 0.99230173256807852056 @ 49706 13871 1
0.02803840016704713112 -0.65128560946391511610 = 0.99211872769417497331 @ 48723 13609 1
0.18027192008431500159 -0.68411144512779986648 = 0.99144679764456344895 @ 49544 13829 1
0.19416419672645443550 -0.71605326567206351029 = 0.99055132882282947993 @ 49708 13872 1
0.00840910128235995702 0.72849247760431923293 = 0.98982091472294631007 @ 49609 13845 1
0.00840910128235995702 0.72849247760432023213 = 0.98982091472294597700 @ 49950 13938 1
0.01372645689942423274 0.71188269586513264198 = 0.98929107549602079974 @ 48863 13646 1
-0.08222807586810554348 0.63460658598023012011 = 0.98738325729327081071 @ 49926 13931 1
-0.08222807669769903460 0.63460658598023012011 = 0.98738325727787745745 @ 47861 13383 1
-0.08222807669769903460 0.63460655917424235728 = 0.98738322859749017013 @ 49403 13793 1
-0.08222807669769960359 0.63460655917424235728 = 0.98738322859749017013 @ 49942 13936 1
-0.08228144878386947636 0.63454778265121536407 = 0.98731931794188731999 @ 49520 13822 1
-0.19674443823937071141 0.70503986328325107813 = 0.98697227606600479444 @ 47268 13222 1
0.19866307608276229102 -0.70324512960534824035 = 0.98497268495779588537 @ 49016 13691 1
0.05083256752244768445 -0.63523084016709263633 = 0.98473369515792097406 @ 49730 13877 1
0.19866307608276229102 -0.70103850076165474814 = 0.98436088798423126978 @ 49997 13951 1
-0.20240303375342666437 0.72149717450706130073 = 0.98397621021169612288 @ 48987 13678 1
-0.00153882520466949095 -0.66087768688517600779 = 0.98297601690420965959 @ 49236 13748 1
-0.02069710520075845883 -0.71706522069295719479 = 0.98264115365130066948 @ 49620 13848 1
-0.02069710521310663340 -0.71706522069295719479 = 0.98264115364040260925 @ 49557 13832 1
-0.19276241185616002638 0.68302815125822879949 = 0.98143342226150576124 @ 49126 13720 1
0.02330982001461873870 0.69659090081285113261 = 0.98071825827534286901 @ 49804 13899 1
0.02330982001513804205 0.69659083643073038683 = 0.98071824918348338151 @ 47929 13401 1
0.00840908456280400549 0.66411424788895334625 = 0.98023108826923077697 @ 48918 13660 1
0.16325069469269076761 -0.77716454555173597463 = 0.97850344356678242708 @ 48425 13530 1
0.16937358469475596867 -0.65573282243041097761 = 0.97842643467664924817 @ 45673 12801 1
-0.00168348703153830669 0.75868782375028653853 = 0.97840010143571354284 @ 49541 13828 1
-0.02509705833561279645 -0.71866722599985966013 = 0.97835824839781226903 @ 48107 13448 1
0.21042535772424009188 -0.71379390258735542218 = 0.97681223405685835282 @ 49032 13696 1
0.12497315743317383152 -0.63222176307644883941 = 0.97681171130307509198 @ 48615 13579 1
-0.02753892492533784736 -0.69199779228003621689 = 0.97612332422798075982 @ 49059 13703 1
-0.02753893324116005528 -0.68223878003818971827 = 0.97340462982137532233 @ 49502 13817 1
-0.02753893343389234374 -0.68223878003798199554 = 0.97340462964738616591 @ 49349 13776 1
0.20944319940655053980 -0.74483403888448052044 = 0.97254502462599778934 @ 49768 13889 1
0.20944319940689509751 -0.74483403888448052044 = 0.97254502462570335819 @ 48487 13546 1
0.20944319940689509751 -0.74483405644717481930 = 0.97254501683906779963 @ 48115 13450 1
0.02418097302178333005 0.67153594448384301696 = 0.97180396699735482891 @ 48263 13491 1
0.02418097281105130100 0.67153590493808756889 = 0.97180394729886598881 @ 49487 13813 1
-0.21708796202542413045 0.71511113995347186378 = 0.97084406095081676735 @ 48810 13632 1
-0.21708796330497318050 0.71511113995347186378 = 0.97084405975236731656 @ 47347 13242 1
-0.21698591797319255470 0.72669132466312413854 = 0.97081670651661111648 @ 49281 13759 1
0.03801094371653311599 0.69494554324958790481 = 0.96664661514776073492 @ 49757 13885 1
0.09891356366388778798 -0.61766439933902950177 = 0.96600034971088533098 @ 47938 13404 1
0.01509260025431228940 0.65094685478878211438 = 0.96599713337172077310 @ 48133 13454 1
0.01509260025359771516 0.65094682487990807029 = 0.96599711006571575833 @ 49787 13894 1
0.03272815482825692374 0.73735485879339823789 = 0.96394958742078973302 @ 48815 13633 1
0.03272815482825692374 0.73735486235226177509 = 0.96394958546984033099 @ 48673 13596 1
-0.03363489815590225279 -0.73721598651810293923 = 0.96311665750507857719 @ 49233 13747 1
0.04158680037269689433 0.69543636948296738698 = 0.96309577890842423820 @ 49712 13873 1
0.04158724217556362263 0.71404160670945238110 = 0.96300474674805147668 @ 49674 13863 1
0.19866311441457998321 -0.77164157245875208968 = 0.96225106555505623973 @ 48232 13481 1
0.19868215286246590501 -0.77163800478816890749 = 0.96224023387004276042 @ 48864 13646 1
-0.01344332790865393826 -0.64465543329223018443 = 0.96210434025067825825 @ 49023 13693 1
-0.01344332790865393826 -0.64463751701157900875 = 0.96208897872034826459 @ 47684 13336 1
0.22328714005697666845 -0.69825262011570243814 = 0.96104163535764985937 @ 47741 13350 1
-0.22100047637335887285 0.74816560388075115107 = 0.96066965393362724335 @ 49191 13737 1
-0.22100047637335887285 0.74816560530598030798 = 0.96066965322918362880 @ 49580 13838 1
-0.03705338577534211808 0.61622503682178852991 = 0.95948904770530252240 @ 49291 13762 1
-0.09292712199563614439 0.61166097312863265678 = 0.95908059080436491861 @ 49837 13908 1
-0.09292725945007143662 0.61166096949355264201 = 0.95908056880283054646 @ 47777 13360 1
-0.05094406121298774431 -0.70237220483535978133 = 0.95367312580043117620 @ 49674 13862 1
-0.05094405344551643927 -0.69837708154943733962 = 0.95345263535854807291 @ 48993 13679 1
-0.04765385886875894705 -0.67748061986030083670 = 0.95191213398270946300 @ 49602 13843 1
-0.04932399839462405650 -0.68223878003798199554 = 0.95185537462764668870 @ 49929 13932 1
0.22147310388905666612 -0.67686172471570271725 = 0.95171001368595264935 @ 49968 13943 1
-0.23695099197529392865 0.71922388705641926432 = 0.95120384812057268142 @ 48655 13592 1
-0.23695099197529392865 0.71922388366861988995 = 0.95120384799161450395 @ 48458 13538 1
-0.05404532960092131577 -0.71512654335426095731 = 0.94916468291396693946 @ 49916 13929 1
-0.15061239797037243027 0.61882151826848375009 = 0.94873040988080270530 @ 47912 13397 1
0.11720511899688895729 -0.60690654718117076349 = 0.94723771128558487131 @ 49384 13788 1
-0.24368003476837268861 0.72194352436201592038 = 0.94393997605229540415 @ 48566 13566 1
-0.05991366395059707917 -0.70960262433253018521 = 0.94310355267113676891 @ 48907 13657 1
0.06290071289930060372 0.72370277204568222995 = 0.93642999999721998616 @ 49473 13811 1
0.06290071289930060372 0.72370277204659205772 = 0.93642999999691256541 @ 49783 13893 1
0.09314197319199590819 -0.59482133112811330644 = 0.93537571962412624504 @ 49075 13707 1
-0.06301319579213200683 -0.67730035134355226489 = 0.93466062899726587432 @ 49844 13910 1
-0.05885265314724837798 -0.74084502112450112410 = 0.93302412940337564606 @ 48718 13608 1
-0.05889629733037936993 -0.74084502112450112410 = 0.93297131435351288165 @ 46919 13130 1
-0.06841920754074304334 -0.69642158766486672583 = 0.93277298251064522105 @ 47197 13204 1
0.00845030072346864350 -0.60456190727291359011 = 0.93245683750955765667 @ 46656 13061 1
0.03798568168772112341 0.63460658598148222964 = 0.93227746072534922739 @ 49869 13916 1
0.25795019214094117022 -0.72042586990136081582 = 0.92743397207489941536 @ 47682 13336 1
0.25795019214094117022 -0.72042586990136081582 = 0.92743397207489941536 @ 48489 13547 1
0.25801265676962614748 -0.72351831764138130332 = 0.92739784720801865525 @ 48884 13651 1
0.25801266580004672546 -0.72351816755065601061 = 0.92739783845293910503 @ 48437 13533 1
-0.05757277577188281426 -0.65026808822817139255 = 0.92551746075212226739 @ 48721 13609 1
0.07542303765857040487 0.71266494313155426266 = 0.92331291073985299889 @ 49469 13809 1
-0.06621899440418675675 -0.74293915782125596881 = 0.92250506430570577976 @ 47651 13328 1
-0.03101551329940772234 0.58794755186022684690 = 0.91913380900850183419 @ 49166 13731 1
-0.03101551253742948142 0.58794755200928450201 = 0.91913380897038143846 @ 49313 13767 1
-0.03101551308964948031 0.58794755186022684690 = 0.91913380893716845055 @ 49309 13766 1
0.14319136602143431314 -0.59482134368685457559 = 0.91855496620054211121 @ 49737 13879 1
-0.04207494905367076959 -0.62400505828791141827 = 0.91772530217937819952 @ 42960 12068 1
0.06474790142193617704 0.65037725502618315421 = 0.91743535136300791155 @ 49734 13879 1
0.06474790142428152317 0.65037725498272014324 = 0.91743535132825759781 @ 48600 13575 1
0.06475757706050053186 0.65037323564283822108 = 0.91742110760099804256 @ 48748 13616 1
0.04987378082370965554 -0.58253829774090337690 = 0.91588422515021283843 @ 49957 13940 1
0.04987378082370965554 -0.58253829774088172755 = 0.91588422515017930969 @ 47927 13401 1
0.04987378082347884017 -0.58253829774088172755 = 0.91588422515013678815 @ 49799 13898 1
-0.21256311438557923266 0.62905562689177363378 = 0.91373334026296204602 @ 48465 13540 1
-0.21256311366653599104 0.62905537704220160222 = 0.91373302561037161862 @ 48797 13628 1
-0.21256311438557923266 0.62905537704220160222 = 0.91373302489733831955 @ 47137 13189 1
-0.06621898829096603545 -0.64594082959645293673 = 0.91232981965423198822 @ 49735 13879 1
0.07686279480052896074 0.73747052508112820313 = 0.91206185310175547087 @ 48656 13592 1
-0.08350015112372041748 -0.71512654335431935504 = 0.91197931325136949443 @ 49008 13683 1
-0.08350015112372041748 -0.71512654631588978837 = 0.91197931261757081423 @ 48948 13668 1
0.08765716489426264579 0.70503986328325107813 = 0.90755284658331125680 @ 49239 13748 1
0.08780383678041829565 0.69659096312663371098 = 0.90725169784258086203 @ 49935 13934 1
0.08780383678042448514 0.69659096312663371098 = 0.90725169784257220229 @ 49969 13943 1
0.08780383678042462392 0.69659096312663371098 = 0.90725169784257198025 @ 49378 13784 1
0.03798568168772112341 0.61034496535784010796 = 0.90604474807369794753 @ 48202 13473 1
0.03801046723225462443 0.61034496535784010796 = 0.90602209733625460597 @ 43372 12178 1
-0.27532471983141876271 0.72847956001756586364 = 0.90550979761111816124 @ 49227 13745 1
-0.27532472810601732460 0.72847956001756586364 = 0.90550978683784688616 @ 49375 13783 1
-0.27532472814905550873 0.72847956001756586364 = 0.90550978678181248682 @ 49624 13849 1
-0.10019966887924117160 0.57589738725930417207 = 0.90439979351450539014 @ 48724 13610 1
-0.10019966888574610708 0.57589738725930417207 = 0.90439979351309207622 @ 49726 13876 1
0.02726813829191052779 0.60123049446762810710 = 0.90387926032327758907 @ 42053 11827 1
-0.08418638768362789182 -0.66090400454518860585 = 0.90013691160039466244 @ 48018 13425 1
-0.08418646635050139326 -0.66090400454518860585 = 0.90013680702128695543 @ 48097 13445 1
-0.27762135198760651278 0.74327652533374899413 = 0.89936887398584874909 @ 47819 13371 1
0.09289567611144096404 0.71266494324106643976 = 0.89918516290357297649 @ 49810 13901 1
-0.02509705833561279645 -0.59482092318081891680 = 0.89706932180895682105 @ 48310 13502 1
-0.02509705833561279645 -0.59482091763740030377 = 0.89706931423556857119 @ 49813 13901 1
-0.02514965916584261871 -0.59482139294589819745 = 0.89702811042861507751 @ 48126 13453 1
0.07263903567090218560 -0.56647436345956847514 = 0.89178387316328200374 @ 48055 13434 1
0.16828991019202943491 -0.58370262841389553010 = 0.88512734128722769800 @ 49906 13926 1
-0.07817525520435690545 0.83543154860825385999 = 0.88421267529672531449 @ 49965 13942 1
-0.07817525520435690545 0.83543154860825408203 = 0.88421267529672464835 @ 49643 13854 1
0.26278350565432906372 -0.78728217483125639831 = 0.88314758205191923324 @ 49452 13805 1
-0.04788544545617891973 0.55892075944561969703 = 0.87681672032274271533 @ 49764 13888 1
-0.04788544450039236566 0.55892075944561969703 = 0.87681672015379874541 @ 48481 13545 1
-0.09130511431830735936 0.55729944946944887096 = 0.87416785978566835524 @ 47616 13319 1
0.08780383678041921158 0.62193744602199685367 = 0.86342675769153165444 @ 49928 13932 1
0.08780383678042462392 0.62193744602199685367 = 0.86342675769152443799 @ 49828 13906 1
-0.12436833281814976826 0.55511503267178041732 = 0.86044843228114098466 @ 49425 13798 1
-0.30213045961736245681 0.76610880285284888025 = 0.85335614474144827479 @ 49318 13768 1
-0.30224745816043480096 0.76610880297799055505 = 0.85318946361907999076 @ 47580 13310 1
-0.30224745816043480096 0.76610880297806238648 = 0.85318946361902547881 @ 49858 13913 1
0.02484835302989055889 0.56277365195763640049 = 0.84917227717957055599 @ 49632 13851 1
-0.31764813507994926756 0.72638749566341820341 = 0.84511609686502253691 @ 48646 13589 1
0.31858365124803211810 -0.74082680829629266039 = 0.84178217709838010219 @ 49591 13841 1
0.31858365124803211810 -0.74082680829807601164 = 0.84178217709791613999 @ 49671 13862 1
0.31858365127121324178 -0.74082680829629266039 = 0.84178217706261637687 @ 49263 13755 1
-0.31626187438509317795 0.69087282374135050578 = 0.83702574889337144626 @ 47789 13363 1
-0.31626187438509317795 0.69087282374135050578 = 0.83702574889337144626 @ 49545 13829 1
0.13292396694519356681 0.70636675482257249570 = 0.83608117992647534855 @ 49997 13950 1
0.29415301607901328529 -0.79645210344429240301 = 0.83149644605621664262 @ 49833 13907 1
0.03721827036059764671 0.55527798687384521958 = 0.82685277364030129732 @ 49421 13797 1
0.04988788786842084100 -0.52951203582508543644 = 0.82354752054645807835 @ 49895 13923 1
-0.09885443294551954363 -0.78917173417391828227 = 0.82278678371634428323 @ 49757 13885 1
-0.09885443294572794637 -0.78917173417391828227 = 0.82278678371601665642 @ 49842 13909 1
-0.09885443299672699857 -0.78917173417391828227 = 0.82278678363585067146 @ 49982 13946 1
0.00840909315775610622 -0.53389202724310502735 = 0.81937669869440477033 @ 47478 13284 1
-0.03491861001642605072 -0.54879928572334635284 = 0.81784604978261465913 @ 49559 13833 1
-0.08786274753311291985 -0.58253829774088172755 = 0.81482955980215943104 @ 49258 13754 1
0.14111256226401230895 0.66105512560413037804 = 0.81201676692652524636 @ 49725 13876 1
0.08760366726304570639 0.57780483338919552683 = 0.80839600832402191966 @ 49298 13763 1
-0.30224745816043480096 0.62193752775759492124 = 0.78858501850157569635 @ 49736 13879 1
-0.35360086254117467641 0.73607233667654659026 = 0.78533030250603297340 @ 47934 13403 1
-0.35360086254117467641 0.73607235718274932612 = 0.78533029966154033197 @ 48422 13529 1
-0.13041521581080547931 -0.59806435830486215366 = 0.77355781647962040815 @ 48738 13613 1
-0.16579206699948662029 -0.71866722599985966013 = 0.77139563767247842918 @ 48557 13564 1
-0.07387243199540613481 0.50063232653320011156 = 0.76648071856329713647 @ 49838 13908 1
-0.09132245060795630975 0.50128368518456223324 = 0.76512921843481485062 @ 49750 13883 1
0.02626164013661109325 0.51524185615567552610 = 0.76370174845433946853 @ 47009 13154 1
-0.33422511662930304288 0.63894097358609858173 = 0.75878875228157183219 @ 49790 13895 1
-0.04932399839462405650 0.49644678947945097836 = 0.75763642463496527757 @ 49895 13923 1
-0.14463453890571953409 0.50753022746688514211 = 0.75558934976285763163 @ 48692 13601 1
-0.14463453890571953409 0.50753022746688514211 = 0.75558934976285763163 @ 49940 13935 1
-0.14463453661084413326 0.50753021336640158356 = 0.75558932139907120096 @ 49679 13864 1
-0.02753893343389234374 0.49644678947945097836 = 0.75350793795449044765 @ 49929 13932 1
0.36611653878424132991 -0.67987106642713912574 = 0.74396694025916731974 @ 48586 13572 1
0.36611653878424132991 -0.78917175539554962338 = 0.72938007381585279187 @ 47983 13415 1
-0.38832236763465349805 0.72638751310137350536 = 0.72244860045589165409 @ 49427 13799 1
-0.38832236784009693809 0.72638751823102376548 = 0.72244860040851310856 @ 48474 13542 1
0.01854058872091109145 -0.88101483858129459037 = 0.70984241017308724597 @ 49663 13859 1
-0.16579208086423427582 -0.59482091765537481454 = 0.70753123485121083291 @ 49615 13847 1
-0.16579208087557331663 -0.59482091363232858505 = 0.70753122989961680922 @ 48871 13648 1
0.19866307608276229102 0.70636675482257249570 = 0.70504912358449767229 @ 49342 13775 1
-0.39741510035479227225 0.72717080615759110973 = 0.70499158805813855189 @ 43779 12296 1
-0.20347003006583797013 -0.68170610096806671940 = 0.69429089091219087226 @ 48299 13499 1
-0.39505083931242751527 0.68074434419855978096 = 0.68919473425768507102 @ 49886 13921 1
0.40834429845938091663 -0.72754927649942624512 = 0.68351265719758969031 @ 49622 13849 1
0.40834429859660359430 -0.72754927649942624512 = 0.68351265692452178868 @ 48633 13586 1
0.40834433101326483850 -0.72754927649942624512 = 0.68351259241661765920 @ 48520 13555 1
0.21293897499134878393 0.64678336726966367820 = 0.65850829578443959011 @ 49883 13920 1
-0.02903351823390583342 -0.45568059262852639302 = 0.64151345442502227812 @ 49838 13908 1
-0.42110920945297553031 0.67534624506944496147 = 0.63153099963837067143 @ 49494 13815 1
-0.43151105590274924095 0.77167909257864741868 = 0.62236597110056934845 @ 48952 13669 1
-0.43151080989152601486 0.77168165903219121393 = 0.62236455340741136943 @ 49274 13757 1
0.13775693370370561963 0.50753021336640158356 = 0.61987387811405170179 @ 49921 13930 1
0.13775693409238032316 0.50753021336640158356 = 0.61987387749694300432 @ 49716 13874 1
-0.43151078930694447555 0.66986936237921179682 = 0.60439030654173575563 @ 48980 13676 1
-0.45602879036518667588 0.72234742628073511650 = 0.58348713391760886893 @ 49078 13708 1
-0.45604394885432586459 0.72234742628073511650 = 0.58345425935200689871 @ 47435 13270 1
-0.45604394885432586459 0.72234742628073023152 = 0.58345425935200578849 @ 49927 13932 1
-0.23793267723764499610 0.46881189711060050618 = 0.57768498147891322869 @ 49641 13854 1
-0.14823379179587459209 -0.48992456526177763365 = 0.57014823286763416377 @ 48460 13539 1
0.25907250635662804061 0.67913949221512093235 = 0.55892656911813953791 @ 49314 13767 1
0.45470377329752365014 -0.78992935229437943878 = 0.55749365437934306211 @ 49320 13769 1
0.45470377329752365014 -0.78992935283250009793 = 0.55749365378075399491 @ 48990 13679 1
0.45470374134199681437 -0.79010504890642185849 = 0.55729794299594970219 @ 49894 13923 1
0.46967501294322133720 -0.72569070063348861677 = 0.55423630969780823818 @ 48648 13590 1
0.34115822437485615604 -0.52728056400099754253 = 0.54516025155381997447 @ 49672 13862 1
-0.11011113633564323377 0.92760146996551229304 = 0.53426860079618976318 @ 49198 13738 1
-0.27532472603236596287 -0.66090400454518860585 = 0.51076385442640415135 @ 49786 13894 1
0.28579722436688920206 0.73700912160643172744 = 0.46901450953193968285 @ 49722 13875 1
-0.51348432515586472924 0.70661615538586253216 = 0.44805144063422697176 @ 49242 13749 1
-0.30224745816043480096 -0.70237219141209727979 = 0.43938890543429276470 @ 48086 13442 1
-0.30224745816043480096 -0.70237219146603369069 = 0.43938890542203545841 @ 48870 13648 1
0.01344845506710071192 -0.33529891853081372766 = 0.40292948585452137422 @ 49698 13869 1
0.31858515867482978257 0.68590432160661962691 = 0.39329043380065553670 @ 49200 13739 1
0.55645233484743028551 -0.73355853977692730972 = 0.35526945183051250599 @ 49693 13867 1
0.55645233485674827634 -0.73355853977692730972 = 0.35526945180835955984 @ 49944 13936 1
0.55645233485674849838 -0.73355853977692730972 = 0.35526945180835900473 @ 49414 13795 1
-0.32809216489998177524 -0.62263440834847527672 = 0.33858940531981174260 @ 47019 13156 1
-0.59916971881014879919 0.72849215496989594421 = 0.25193621187179893184 @ 49356 13778 1
-0.59916971958310516477 0.72849215496989594421 = 0.25193621000709232050 @ 49482 13812 1
-0.07196788350033840598 0.25887323892534097602 = 0.24806652696505371303 @ 49853 13912 1
0.13106949119628275024 -0.25754090356808934104 = 0.21336899835964701078 @ 49967 13942 1
-0.62932932761609972072 0.73735486235226177509 = 0.18087874923608260325 @ 48483 13545 1
0.63412700643996433580 -0.74276742130981110446 = 0.16973987090565223479 @ 49202 13739 1
-0.39791324261273885998 -0.66090400454518860585 = 0.13902156581904567823 @ 46917 13130 1
-0.67777701948020030454 0.73031551187580923123 = 0.06386411064760244560 @ 49857 13913 1
-0.67777701948629032191 0.73031551187580923123 = 0.06386411063321473236 @ 49685 13865 1
-0.67777701948028479251 0.73031551178874953845 = 0.06386411062233388058 @ 49336 13773 1
-0.69109255024650406707 0.66495066680345404908 = -0.02155960326640238289 @ 45642 12793 1
0.74723641289896236550 -0.74544536549230633327 = -0.09214298318561764400 @ 49542 13828 1
-0.78125907607707045788 0.73747055214983159299 = -0.16645239121672372740 @ 43574 12232 1
-0.78125907607707045788 0.73747053377342075553 = -0.16645239606255901599 @ 48796 13628 1
