-2.18498313264119436994 1.68705380922046233039 0.58786251460875849073 2.75735300461212551326 -2.85907019314952659528 = -0.00000000150952569996 @ 398366 142088 1
-2.18498313147621558983 1.68705380922046233039 0.58786252109598202686 2.75735300442315223179 -2.85907056880289101031 = -0.00000000162212380879 @ 395232 141096 1
-2.18498313147621558983 1.68705380922046233039 0.58786252109598202686 2.75735300442315223179 -2.85907056880289101031 = -0.00000000162212380879 @ 399721 142504 1
-2.18498313147621558983 1.68705380922046233039 0.58786252109953174294 2.75735300442329434034 -2.85907056880289101031 = -0.00000000162212389236 @ 399107 142315 1
-2.18498313147621558983 1.68705380922046233039 0.58786252109953174294 2.75735300442315223179 -2.85907056880289101031 = -0.00000000162212389354 @ 399036 142294 1
-2.18498313147621558983 1.68705380922023073786 0.58786252109953174294 2.75735300442329434034 -2.85907056880289101031 = -0.00000000162212389638 @ 399322 142381 1
-2.18498313147944012158 1.68705380943491234369 0.58786251460875849073 2.75735300461212551326 -2.85907056880289101031 = -0.00000000162619380341 @ 398493 142127 1
-2.18498313147621558983 1.68705380922046233039 0.58786251295402602857 2.75735300384457815426 -2.85907057236770567599 = -0.00000000162925382710 @ 393855 140644 1
-2.18498300797722722066 1.68705380922046233039 0.58786251197023908777 2.75735299707314052142 -2.85907051859048211284 = -0.00000000188994269900 @ 397196 141731 1
-3.39511193004600819734 -3.31730745156492279335 2.34683606389847199125 2.06294486721611969315 4.37151578231506121597 = -0.00000000207176543533 @ 399551 142452 1
-3.39511193004600819734 -3.31730745156492279335 2.34683606389847199125 2.06294486721611969315 4.37151578231506121597 = -0.00000000207176543533 @ 399708 142500 1
-3.39511193004600819734 -3.31730745156492279335 2.34683606389847199125 2.06294486721611969315 4.37151578231506121597 = -0.00000000207176543533 @ 399847 142543 1
-3.39511193004600819734 -3.31730745156492279335 2.34683606064561312010 2.06294486721611969315 4.37151578231506121597 = -0.00000000207181626969 @ 399334 142385 1
-3.39511193004600819734 -3.31730745156492279335 2.34683606064561312010 2.06294486721611969315 4.37151578231506121597 = -0.00000000207181626969 @ 399767 142519 1
-3.39511190466168510937 -3.31730745156492456971 2.34683606064561312010 2.06294486721612635449 4.37151578233156357101 = -0.00000000210342895427 @ 399608 142470 1
-3.39511190466168510937 -3.31730745156492634607 2.34683606064561312010 2.06294486721612635449 4.37151578233156357101 = -0.00000000210342895428 @ 399504 142438 1
-3.39511190466168510937 -3.31730745156492279335 2.34683606064561312010 2.06294486721611969315 4.37151578233156357101 = -0.00000000210342895428 @ 397474 141816 1
-3.39511190466168510937 -3.31730745156492634607 2.34683606064561312010 2.06294486721611969315 4.37151578233156357101 = -0.00000000210342895428 @ 399246 142358 1
-3.39511190466168510937 -3.31730745155935169421 2.34683606064561312010 2.06294486721050374101 4.37151578233156357101 = -0.00000000210342895472 @ 398591 142157 1
-3.39511190466168510937 -3.31730745156492279335 2.34683606064561312010 2.06294486721050374101 4.37151578233156357101 = -0.00000000210342896251 @ 396681 141572 1
-3.39511190466168510937 -3.31730745156492279335 2.34683606064561312010 2.06294486721050374101 4.37151578233156357101 = -0.00000000210342896251 @ 399949 142574 1
-3.39511190466168510937 -3.31730745157528295053 2.34683606064561312010 2.06294486721611969315 4.37151578233345805558 = -0.00000000210342898014 @ 398529 142138 1
-3.39511190466168510937 -3.31730745157528295053 2.34683606064561312010 2.06294486721611969315 4.37151578233345805558 = -0.00000000210342898014 @ 399628 142476 1
-3.39511190466091417051 -3.31730745156505379967 2.34683606057635207875 2.06294486540529575791 4.37151578452193945168 = -0.00000000210386584509 @ 399581 142461 1
-3.39511190466168510937 -3.31730745156492279335 2.34683606057635607556 2.06294486540060040269 4.37151578451975808548 = -0.00000000210386584853 @ 397374 141786 1
-3.39511190464214562823 -3.31730745136234972392 2.34683606064561312010 2.06294486709984070671 4.37151596394014951841 = -0.00000000234246158395 @ 397009 141673 1
-2.18498312721741339004 1.68705380922046233039 0.58786251197023908777 2.75735300384546322405 -2.85907127200631050457 = -0.00000000254880419779 @ 398498 142129 1
-2.18498312721675436165 1.68705380922046233039 0.58786251197023908777 2.75735300384546322405 -2.85907127200631050457 = -0.00000000254880420471 @ 398273 142060 1
-2.18498312721675436165 1.68705380922046233039 0.58786251197023908777 2.75735300384457815426 -2.85907127200631050457 = -0.00000000254880423269 @ 397994 141975 1
-2.18498312721675436165 1.68705380922046233039 0.58786251197023908777 2.75735300384455994660 -2.85907127200631050457 = -0.00000000254880423324 @ 399489 142433 1
-2.18498312721675436165 1.68705380922046233039 0.58786251197023908777 2.75735300384457815426 -2.85907127200395505540 = -0.00000000254880425368 @ 397721 141892 1
-3.39511171689665491868 -3.31730683927162761648 2.34683577668588405629 2.06294465807999749529 4.37151609381184336200 = -0.00000000263937556127 @ 396451 141496 1
-3.39511118724552085624 -3.31730745216273081866 2.34683606251947418642 2.06294489886230714148 4.37151575849397033835 = -0.00000000331268874682 @ 395238 141098 1
-3.39511118724552085624 -3.31730745216273081866 2.34683606251947418642 2.06294489886230714148 4.37151575849397300289 = -0.00000000331268874683 @ 398963 142271 1
-3.39511118724602933838 -3.31730745216273081866 2.34683606251947418642 2.06294489886230714148 4.37151575848294537963 = -0.00000000331268875195 @ 399011 142286 1
-3.39511118724602489749 -3.31730745216273081866 2.34683606251947418642 2.06294489886230492104 4.37151575848294537963 = -0.00000000331268875195 @ 399654 142484 1
-3.39511118724602489749 -3.31730745216273081866 2.34683606251947418642 2.06294489886230492104 4.37151575848294537963 = -0.00000000331268875195 @ 399831 142538 1
-3.39511118724602489749 -3.31730745216273081866 2.34683606251947418642 2.06294489886230714148 4.37151575848294537963 = -0.00000000331268875195 @ 399732 142508 1
-3.39511118724602489749 -3.31730745216273081866 2.34683606251947418642 2.06294489886230714148 4.37151575848294537963 = -0.00000000331268875195 @ 399994 142588 1
-3.39511118724552085624 -3.31730745216273081866 2.34683606251948928545 2.06294489886230802966 4.37151575848289031256 = -0.00000000331268875198 @ 399806 142530 1
-3.39511118724552085624 -3.31730745216273081866 2.34683606251947418642 2.06294489886230714148 4.37151575848289031256 = -0.00000000331268875200 @ 398154 142023 1
-3.39511118725154492637 -3.31730745216273081866 2.34683606251947418642 2.06294489886230714148 4.37151575849397033835 = -0.00000000331268875201 @ 398383 142094 1
-3.39511118725295046872 -3.31730745216273081866 2.34683606251947418642 2.06294489886230714148 4.37151575849397033835 = -0.00000000331268875480 @ 397425 141801 1
-3.39511118724552085624 -3.31730745216273081866 2.34683606251060794534 2.06294489886230714148 4.37151575848289031256 = -0.00000000331268877657 @ 398565 142149 1
-3.39511118724552085624 -3.31730745216273081866 2.34683606251964382849 2.06294489886230714148 4.37151575844518625047 = -0.00000000331268887027 @ 398050 141992 1
-3.39511118724552085624 -3.31730745216273081866 2.34683606251964382849 2.06294489886230714148 4.37151575844513828883 = -0.00000000331268887039 @ 399445 142420 1
-3.39511117785862515106 -3.31730745122359849120 2.34683606056614468827 2.06294486721050374101 4.37151578335598767211 = -0.00000000332112557424 @ 396574 141537 1
-3.39511115350515924050 -3.31730741578794408042 2.34683620585238283951 2.06294492535492279828 4.37151575957821414420 = -0.00000000341944106588 @ 398959 142270 1
-3.39511115341973246373 -3.31730746872147896909 2.34683620538304094083 2.06294496802950355629 4.37151590806839784875 = -0.00000000368117510502 @ 391738 139948 1
-2.18498297101719396451 1.68705381443236368533 0.58786110552656611894 2.75735303710476609140 -2.85907051865036931915 = -0.00000000475657779336 @ 399743 142511 1
-2.18498297101719396451 1.68705381443236368533 0.58786110552656856143 2.75735303710476609140 -2.85907051865036931915 = -0.00000000475657779346 @ 399610 142471 1
-2.18498297101719396451 1.68705381443236368533 0.58786110552656856143 2.75735303710476165051 -2.85907051865036931915 = -0.00000000475657779359 @ 399413 142410 1
-2.18498297100783789304 1.68705380857941844575 0.58786110552656856143 2.75735303710476165051 -2.85907051787423638345 = -0.00000000475757478313 @ 399646 142482 1
-2.18498297101719396451 1.68705380857941844575 0.58786110551833803406 2.75735303710476165051 -2.85907051865173578165 = -0.00000000475757913297 @ 398430 142108 1
-2.18498297101719396451 1.68705380857941844575 0.58786110551833803406 2.75735303710476165051 -2.85907051865173578165 = -0.00000000475757913297 @ 399824 142536 1
-2.18498297100783789304 1.68705380857941777961 0.58786110552656856143 2.75735303710476165051 -2.85907051865173578165 = -0.00000000475757917601 @ 399786 142524 1
-2.18498297100783789304 1.68705380857941777961 0.58786110552656856143 2.75735303710476165051 -2.85907051865173578165 = -0.00000000475757917601 @ 399807 142531 1
-2.18498350888450909579 1.68705465839619828117 0.58786276803919856881 2.75735504060457126130 -2.85907056643785972838 = -0.00000000486119627033 @ 397905 141948 1
-0.49969652427997401922 -4.01259599893592877606 -4.88089619997632162551 -1.01025591281318383174 -3.04573091019420738590 = -0.00000000521635855936 @ 399096 142312 1
-0.49969652427997401922 -4.01259599893592877606 -4.88089619997632162551 -1.01025591281318383174 -3.04573091019420738590 = -0.00000000521635855936 @ 399715 142503 1
-0.49969652427997401922 -4.01259599893592877606 -4.88089619997632162551 -1.01025591281318383174 -3.04573091019420738590 = -0.00000000521635855936 @ 399896 142558 1
-0.49969652427997401922 -4.01259598844839526777 -4.88089619997632162551 -1.01025591281735582783 -3.04573091021339292794 = -0.00000000522126149476 @ 398718 142196 1
-0.49969652427997401922 -4.01259598844839526777 -4.88089619997632162551 -1.01025591281735582783 -3.04573091021339292794 = -0.00000000522126149476 @ 399945 142573 1
-0.49969652427997401922 -4.01259598844839526777 -4.88089619997632162551 -1.01025591281360949125 -3.04573091021339292794 = -0.00000000522126154722 @ 398639 142172 1
-0.49969652427977068188 -4.01259598844839526777 -4.88089619997632162551 -1.01025591281318383174 -3.04573091021340980333 = -0.00000000522126155164 @ 399311 142378 1
-0.49969652427977068188 -4.01259598844839526777 -4.88089619997632162551 -1.01025591281318383174 -3.04573091021340980333 = -0.00000000522126155164 @ 399805 142530 1
-0.49969652427977068188 -4.01259598844839526777 -4.88089619997632162551 -1.01025591281318383174 -3.04573091021340980333 = -0.00000000522126155164 @ 399816 142533 1
-0.49969652427977068188 -4.01259598844839526777 -4.88089619997632162551 -1.01025591281318383174 -3.04573091021340980333 = -0.00000000522126155164 @ 399870 142550 1
-0.49969652427997401922 -4.01259598844839526777 -4.88089619997632162551 -1.01025591281318383174 -3.04573091021339292794 = -0.00000000522126155347 @ 397844 141929 1
-0.49969652427991601007 -4.01259598844839526777 -4.88089619997632162551 -1.01025591281360882512 -3.04573091021148867341 = -0.00000000522126155518 @ 399692 142496 1
-0.49969652427997401922 -4.01259598844624676417 -4.88089619997632162551 -1.01025591281318383174 -3.04573091019676311930 = -0.00000000522150551434 @ 398909 142255 1
-0.49969956631748413400 -4.01259886728138770451 -4.88089637262702957798 -1.01025598736325439297 -3.04573549894976913777 = -0.00000000525432178529 @ 399431 142416 1
-0.49969956631748913001 -4.01259886728138770451 -4.88089637262702957798 -1.01025598736325439297 -3.04573549894976913777 = -0.00000000525432178535 @ 399659 142486 1
-0.49969957018831812068 -4.01259886728474501894 -4.88089637262702957798 -1.01025598736325439297 -3.04573549894975581509 = -0.00000000526213565482 @ 399344 142389 1
-0.49969957018831812068 -4.01259886728474501894 -4.88089637262702957798 -1.01025598736325439297 -3.04573549894976913777 = -0.00000000526213565491 @ 398071 141998 1
-0.49969957018831812068 -4.01259886728474501894 -4.88089637262735998036 -1.01025598736341382100 -3.04573549894976913777 = -0.00000000526213565856 @ 399491 142434 1
-0.49969957018831812068 -4.01259886728474501894 -4.88089637262735909218 -1.01025598736341382100 -3.04573549894976913777 = -0.00000000526213565856 @ 399113 142317 1
-0.49969957018831812068 -4.01259887257507674718 -4.88089637262735909218 -1.01025598736325439297 -3.04573549894976913777 = -0.00000000526628492993 @ 399197 142343 1
-0.49969957018831812068 -4.01259887257507674718 -4.88089637262735998036 -1.01025598736325439297 -3.04573549894976913777 = -0.00000000526628492993 @ 399324 142382 1
-2.18498569853689028619 1.68705380922391579013 0.58786093278318174438 2.75735303710477985817 -2.85907051839886872102 = -0.00000000526988229184 @ 399393 142404 1
-2.18498569853689028619 1.68705380922391579013 0.58786093278318174438 2.75735303710477985817 -2.85907051839886872102 = -0.00000000526988229184 @ 399953 142575 1
-2.18498569853689028619 1.68705380922390624221 0.58786093278318174438 2.75735303710476165051 -2.85907051839886872102 = -0.00000000526988229191 @ 399272 142366 1
-2.18498569853689028619 1.68705380922391579013 0.58786093278318174438 2.75735303710476165051 -2.85907051839886694466 = -0.00000000526988229229 @ 398060 141995 1
-2.18498569853689028619 1.68705380922391579013 0.58786093278318174438 2.75735303710476165051 -2.85907051839886872102 = -0.00000000526988229235 @ 399268 142365 1
-2.18498569853689028619 1.68705380922931302834 0.58786093279573448100 2.75735303710476165051 -2.85907051839866888088 = -0.00000000526988234222 @ 398118 142012 1
-2.18498569851909341111 1.68705380922931302834 0.58786093278318174438 2.75735303710476165051 -2.85907051839875681054 = -0.00000000526988237018 @ 399282 142369 1
-2.18498569840549583532 1.68705380922931302834 0.58786093275994677487 2.75735303710476165051 -2.85907051836391756794 = -0.00000000526988392098 @ 397797 141915 1
-3.39510999142446801002 -3.31730720596023020974 2.34683655745186614539 2.06294416716983119997 4.37151490593324432155 = -0.00000000544493018576 @ 399570 142458 1
-3.39510999142446801002 -3.31730720596023020974 2.34683655745186614539 2.06294416716983031179 4.37151490593324432155 = -0.00000000544493018578 @ 397504 141825 1
-3.39510999142446801002 -3.31730720596023020974 2.34683655753115383291 2.06294416716983031179 4.37151490593324432155 = -0.00000000544503170951 @ 398633 142170 1
-2.18498314827186845832 1.68705465008491395373 0.58786276783858770756 2.75735504050320834324 -2.85907056643788948236 = -0.00000000552938683518 @ 399392 142404 1
-2.18498314827186845832 1.68705465803775123135 0.58786276783858815165 2.75735504050320834324 -2.85907056643788948236 = -0.00000000553959643744 @ 399788 142525 1
-2.18498314827186845832 1.68705465803775123135 0.58786276783858770756 2.75735504050320834324 -2.85907056643788948236 = -0.00000000553959643745 @ 397149 141716 1
-2.18498314827186845832 1.68705465803775123135 0.58786276783858770756 2.75735504050320834324 -2.85907056643788948236 = -0.00000000553959643745 @ 399909 142562 1
-2.18498314827186845832 1.68705465803775123135 0.58786276783858770756 2.75735504050328161796 -2.85907056643834289744 = -0.00000000553959644246 @ 399773 142520 1
-2.18498314827186845832 1.68705465803775123135 0.58786276783858770756 2.75735504050328161796 -2.85907056643834467380 = -0.00000000553959644248 @ 399217 142349 1
-2.18498314827283923734 1.68705465807514398691 0.58786276783858770756 2.75735504050364932382 -2.85907056643788948236 = -0.00000000553959715099 @ 398670 142182 1
-2.18498314827186845832 1.68705465807623600227 0.58786276783858770756 2.75735504050320834324 -2.85907056643788948236 = -0.00000000553959715325 @ 398151 142022 1
-2.18498314827186845832 1.68705465819879307787 0.58786276785933222477 2.75735504050320834324 -2.85907056643788948236 = -0.00000000553960186753 @ 397081 141695 1
-2.18498315153177014025 1.68705465839619828117 0.58786276077408672336 2.75735504223663774326 -2.85907056994099617597 = -0.00000000554268537073 @ 397244 141745 1
-0.49969956984553692836 -4.01259886724550618453 -4.88089637261888498188 -1.01025598766599733480 -3.04573682692587377474 = -0.00000000572841674726 @ 398798 142221 1
-0.49969957018831812068 -4.01259886689166300755 -4.88089637261888498188 -1.01025598766599733480 -3.04573682641684007066 = -0.00000000572841689183 @ 397014 141675 1
-0.49969957018831812068 -4.01259886689166300755 -4.88089637261888498188 -1.01025598766599733480 -3.04573682641684007066 = -0.00000000572841689183 @ 399809 142531 1
-0.49969957018831751006 -4.01259886689166300755 -4.88089637261888498188 -1.01025598766116431193 -3.04573682641684007066 = -0.00000000572841698331 @ 399800 142529 1
-0.49969957018831812068 -4.01259886689166300755 -4.88089637261888498188 -1.01025598766116431193 -3.04573682641684007066 = -0.00000000572841698331 @ 398720 142197 1
-0.49969957018831812068 -4.01259886689166300755 -4.88089637261889564002 -1.01025598766116431193 -3.04573682641684007066 = -0.00000000572841698365 @ 398728 142199 1
-0.49969956996742154187 -4.01259886724550618453 -4.88089637261888498188 -1.01025598766599733480 -3.04573682692751335210 = -0.00000000572866195325 @ 399131 142323 1
-0.49969957018831812068 -4.01259886728474501894 -4.88089637261888498188 -1.01025598736325439297 -3.04573682698740366703 = -0.00000000572890380927 @ 399118 142319 1
-0.49969957018831812068 -4.01259886728020287450 -4.88089637261888498188 -1.01025598736325439297 -3.04573682691600478023 = -0.00000000572890391190 @ 398915 142257 1
-0.49969957018831812068 -4.01259886724550618453 -4.88089637261888498188 -1.01025598766599733480 -3.04573682692742364608 = -0.00000000572890485696 @ 396686 141574 1
-0.49969957018831812068 -4.01259886724550618453 -4.88089637154019051479 -1.01025598736325439297 -3.04573682692744363010 = -0.00000000572914553810 @ 399065 142303 1
-0.49969957018831812068 -4.01259886724550618453 -4.88089637154020028476 -1.01025598736325439297 -3.04573682692744363010 = -0.00000000572914553828 @ 399224 142351 1
-0.49969957018773442092 -4.01259886728474501894 -4.88089637262702957798 -1.01025598730725030272 -3.04573682705030934770 = -0.00000000572914774870 @ 398385 142094 1
-0.49969956790228703403 -4.01259886740102711400 -4.88089621982263111022 -1.01025598736325439297 -3.04573682785732113842 = -0.00000000576418184745 @ 397473 141816 1
-0.49969652088176380600 -4.01259427086591724532 -4.88089619823985909619 -1.01025591244342938246 -3.04573101603690377104 = -0.00000000649146110650 @ 398175 142030 1
-0.49969652088176380600 -4.01259427086591724532 -4.88089619823985909619 -1.01025591244342938246 -3.04573101603690377104 = -0.00000000649146110650 @ 399818 142534 1
-0.49969652087844074195 -4.01259427089657449983 -4.88089619823985909619 -1.01025591244342938246 -3.04573101603690377104 = -0.00000000649146163681 @ 399457 142424 1
-0.49969627201093447244 -4.01259427089600251293 -4.88089620849341709885 -1.01025591244342938246 -3.04573091121239158952 = -0.00000000654542624753 @ 398406 142100 1
-0.49969652087842925114 -4.01259427089657449983 -4.88089620849341709885 -1.01025591244342938246 -3.04573091121239158952 = -0.00000000669100022306 @ 398023 141984 1
-0.49969652087842925114 -4.01259427090164066954 -4.88089619823985909619 -1.01025591244342938246 -3.04573091120877048610 = -0.00000000669415705357 @ 398361 142087 1
-0.49969652087842925114 -4.01259427090164066954 -4.88089619823985909619 -1.01025591244345736008 -3.04573091121239158952 = -0.00000000669415717553 @ 399145 142327 1
-0.49969652427997401922 -4.01259419181402776644 -4.88089619984843725575 -1.01025579505233720212 -3.04573090987567995924 = -0.00000000678132681789 @ 398739 142203 1
-0.49969652087821431197 -4.01259419136022366104 -4.88089621991877731233 -1.01025591244342938246 -3.04573091120352579253 = -0.00000000678746707524 @ 398935 142263 1
-3.39510993076315958916 -3.31730785934870331388 2.34683669695135543876 2.06294119509292084302 4.37151484690531688670 = -0.00000000956113087293 @ 399201 142344 1
-0.49969952196130096311 -4.01259892476908675008 -4.88089621593945199862 -1.01025579930067244128 -3.04573091721230504447 = -0.00000000956333451777 @ 396100 141381 1
-3.39510993120810322665 -3.31730785934870331388 2.34683673767272571453 2.06294119509292084302 4.37151484690531688670 = -0.00000000958917814091 @ 395737 141262 1
-3.39510993076315958916 -3.31730785934870331388 2.34683673948628834793 2.06294119509292084302 4.37151484690531688670 = -0.00000000959212242881 @ 397324 141770 1
-3.39510993066255695183 -3.31730785934870331388 2.34683673948628834793 2.06294119735635739232 4.37151490473244930257 = -0.00000000959685419170 @ 394455 140841 1
-0.49969959384709927708 -4.01259886736400606111 -4.88089621987943367287 -1.01024818450816056270 -3.04573091720045807662 = -0.00000002151847001556 @ 396797 141609 1
-3.39511038211448967772 -3.31730746872147896909 2.34684115162213746686 2.06294081566434073238 4.37151558982378052320 = -0.00000002385400919105 @ 397189 141729 1
-2.18498598770712071371 1.68704851480868023295 0.58786931217412929929 2.75735654143950092987 -2.85907062692822444561 = -0.00000007895390232672 @ 385176 137786 1
-2.18498891886966761788 1.68705907925409759329 0.58786493495320857328 2.75735976669269744477 -2.85906699697139066174 = -0.00000009832479980501 @ 397782 141910 1
-3.39510797533236274859 -3.31730746872147896909 2.34683831863231739945 2.06292645040951816426 4.37151603916956243978 = -0.00000018741924002426 @ 391722 139942 1
-0.49970094334638137656 -4.01258465500570071782 -4.88088811172252867721 -1.01025445943805447513 -3.04576193168203568362 = -0.00000021374973620794 @ 394148 140740 1
-0.49969916261338070962 -4.01242463398371729255 -4.88089627740256126742 -1.01025633694932226447 -3.04573021296854173912 = -0.00000652871255827325 @ 395931 141325 1
-0.49979720077516209820 -4.01254614915625573701 -4.88100310352111055323 -1.01033569403254719354 -3.04562279464633922643 = -0.00000951152264245590 @ 398164 142026 1
-0.49979720077516209820 -4.01254614914279095217 -4.88100310352111055323 -1.01033569403254719354 -3.04562279464633922643 = -0.00000951152323353896 @ 395588 141213 1
-0.49947403890793484749 -4.01259892584306587793 -4.88087648422352948785 -1.01025579939963505716 -3.04566127806236153219 = -0.00001202722150161088 @ 399328 142383 1
-0.49973609899502924314 -4.01262731875742417742 -4.88086485976103912066 -1.01003688583083950370 -3.04580951551074052830 = -0.00001246559572019386 @ 397228 141741 1
-0.49970190388026258788 -4.01258521583905380936 -4.88061529115694892056 -1.01026362080165443835 -3.04572967982141085130 = -0.00001743403941108094 @ 379708 136082 1
-0.49976382878991437719 -4.01312399297253641350 -4.88086615081858177234 -1.01035627792676030445 -3.04574062108541854244 = -0.00006451678838501471 @ 399077 142306 1
-0.49976382878990582848 -4.01312399297253641350 -4.88086615081858177234 -1.01035627792676030445 -3.04574062108541854244 = -0.00006451678838512735 @ 399418 142412 1
-0.49969953825566637562 -4.01252126413317888876 -4.88085242910804684158 -1.01025591258602953637 -3.04519775045706841965 = -0.00006502363844580873 @ 399207 142346 1
-0.49969953825566637562 -4.01252126413317888876 -4.88085242910804684158 -1.01025591258602953637 -3.04519775045706841965 = -0.00006502363844580873 @ 399974 142582 1
-0.49969953825566637562 -4.01252126413326770660 -4.88085242910839234298 -1.01025591258599223288 -3.04519775045706841965 = -0.00006502363848227811 @ 398753 142207 1
-0.49969953825566637562 -4.01252126413326770660 -4.88085242910839234298 -1.01025591258602953637 -3.04519775045706841965 = -0.00006502363848667604 @ 396991 141668 1
-0.50000080093496657163 -4.01258815221928522021 -4.88088579056658922184 -1.00978426595223647055 -3.04569026559437228130 = -0.00006956555872275256 @ 386026 138067 1
-0.50000080093496657163 -4.01258815221928522021 -4.88088579056658922184 -1.00978426595223647055 -3.04569026559437228130 = -0.00006956555872275256 @ 399992 142587 1
-0.50000080093496657163 -4.01258815221928522021 -4.88088621080915086026 -1.00978401162890163434 -3.04569026559437228130 = -0.00006961446496852043 @ 388021 138725 1
-0.50043716112407909957 -4.01253617890433300630 -4.88095379966179088171 -1.01033567858741246681 -3.04564405097872059613 = -0.00012505864533040423 @ 392661 140251 1
-0.50043716112407909957 -4.01253617890433300630 -4.88095379966179088171 -1.01033569015614932418 -3.04564405342980926150 = -0.00012505891340186529 @ 393706 140595 1
-2.18498136713535595632 1.68749404670245506388 0.58786254348594335628 2.75735388504108946961 -2.85907141101800288396 = -0.00017931541565616507 @ 397779 141909 1
-0.49902741268281147757 -4.01322946804279467869 -4.88111255843294333800 -1.01030795164967446276 -3.04568121866122698549 = -0.00019635399648745301 @ 395677 141242 1
-0.49969506836592392229 -4.01252589519643798610 -4.88105870159189247914 -1.01035698395974948838 -3.04705073198377673904 = -0.00038865290732780779 @ 396752 141595 1
-0.49969506836592392229 -4.01252589519643798610 -4.88105870159190136093 -1.01035698395974948838 -3.04705073198377673904 = -0.00038865290734589776 @ 398855 142238 1
-0.50013240210235088146 -4.01257777668664861181 -4.88088603532170850485 -1.00976932520744089317 -3.04362664365757717988 = -0.00106120687779397973 @ 352334 127421 1
-0.49975521465288746947 -4.01632922488354537904 -4.88089384892673905370 -1.01027138809290839561 -3.04579095925158549463 = -0.00300974401384547464 @ 399561 142455 1
-0.49975521465288746947 -4.01632922488354537904 -4.88089384892673905370 -1.01027138809290839561 -3.04579095925149534452 = -0.00300974401426781085 @ 399745 142512 1
-0.49975521465288746947 -4.01632922488354537904 -4.88089384892673905370 -1.01027138809290839561 -3.04579095925149534452 = -0.00300974401426781085 @ 399884 142554 1
-0.49975521465288746947 -4.01632922488369814573 -4.88089384892674615912 -1.01027138809290839561 -3.04579095925158327418 = -0.00300974401472758630 @ 399073 142305 1
-0.49975521465288746947 -4.01632922488354537904 -4.88089384892673905370 -1.01027041659328520318 -3.04579095925149490043 = -0.00300980354682211116 @ 393840 140639 1
-0.49980902291558881867 -4.01252126413326770660 -4.88085242911526151488 -1.01466372482027722413 -3.04519775045706841965 = -0.00430550137947388438 @ 396233 141425 1
-0.50029092184087808892 -4.01244269243010798220 -4.88541649462416671668 -1.01097812587426605369 -3.04767515791529364222 = -0.00545699300410825219 @ 351415 127136 1
-0.49968350105263104055 -4.02946624038911149768 -4.88073764344995009168 -1.01042664535905868384 -3.04578973202252001329 = -0.06154029458111287543 @ 399497 142436 1
-0.49968350105262654415 -4.02946624038911149768 -4.88073764344994565079 -1.01042664535905113432 -3.04578973202252001329 = -0.06154029458116939966 @ 399114 142318 1
-0.49968350105263104055 -4.02946624038911149768 -4.88073764344995009168 -1.01042664535905735157 -3.04578973202252001329 = -0.06154029458124184171 @ 399668 142488 1
-0.49968350105262654415 -4.02946624038911149768 -4.88073764344995009168 -1.01042664535905113432 -3.04578973202252001329 = -0.06154029458151480392 @ 399196 142343 1
-0.49968350105263104055 -4.02946624038911149768 -4.88073764344995009168 -1.01042664535905113432 -3.04578973202252001329 = -0.06154029458189881618 @ 399401 142407 1
-0.49968350105263104055 -4.02946624038911149768 -4.88073764344995009168 -1.01042664535905113432 -3.04578973202252001329 = -0.06154029458189881618 @ 399676 142491 1
-0.49968350105262654415 -4.02946624038647804866 -4.88073764344994565079 -1.01042664535905113432 -3.04578973202252001329 = -0.06154029478764662386 @ 398195 142036 1
-0.49968350105262654415 -4.02946624038647804866 -4.88073764344994565079 -1.01042664535905113432 -3.04578973202252001329 = -0.06154029478764662386 @ 399880 142553 1
-0.49968350105262654415 -4.02946624038647804866 -4.88073764344994565079 -1.01042664535905113432 -3.04578973202252001329 = -0.06154029478764662386 @ 399932 142569 1
-0.49968350097589708803 -4.02946624038647804866 -4.88073763640043978285 -1.01042660410867091159 -3.04578973150042697782 = -0.06154039058288209019 @ 399019 142289 1
-0.49968350097589708803 -4.02946624038647538413 -4.88073763640043978285 -1.01042660410867091159 -3.04578973150042697782 = -0.06154039058337595902 @ 399598 142467 1
-0.49968350097589708803 -4.02946624038647538413 -4.88073763640043978285 -1.01042660410867091159 -3.04578973150042697782 = -0.06154039058337595902 @ 399702 142499 1
-0.49968350097589708803 -4.02946624038647538413 -4.88073763640043978285 -1.01042660410867091159 -3.04578973150042697782 = -0.06154039058337595902 @ 399821 142535 1
-0.49969952110478887963 -4.02946632848371510960 -4.88088990875903228073 -1.01042668585519379576 -3.04573090176631078307 = -0.06158047716826649948 @ 396473 141504 1
-0.49969952110478887963 -4.02946632848371510960 -4.88088990875903228073 -1.01042668585513917279 -3.04573090176631078307 = -0.06158047717437185181 @ 399270 142365 1
-0.49979717485299740565 -4.01312908593871320306 -4.88087877360710553631 -1.01016288844746471298 -3.02261848763013984964 = -0.11344231316678574095 @ 399671 142489 1
-0.49979717485299191004 -4.01312908593871320306 -4.88087877360710553631 -1.01016288844746471298 -3.02261848762884222097 = -0.11344231335384200032 @ 398582 142154 1
-0.49979717485299191004 -4.01312908593044337380 -4.88087877360710553631 -1.01016288844746471298 -3.02261848763013984964 = -0.11344231747461226700 @ 398287 142064 1
-0.49979717485299191004 -4.01312908593044159744 -4.88087877360710553631 -1.01016288844746471298 -3.02261848763013984964 = -0.11344231747494992746 @ 396798 141609 1
-0.49979717485299191004 -4.01312908593044337380 -4.88087877360710375996 -1.01016288844746471298 -3.02261848763013984964 = -0.11344231747510201413 @ 399557 142454 1
-0.49979717485301788926 -4.01312908593044337380 -4.88087877360699984308 -1.01016288844748647335 -3.02261848763012475061 = -0.11344231749078617644 @ 399510 142440 1
-0.49979717485301788926 -4.01312908593044337380 -4.88087877360699984308 -1.01016288844748647335 -3.02261848763012475061 = -0.11344231749078617644 @ 399850 142544 1
-0.49979717485301788926 -4.01312908593044337380 -4.88087877360699984308 -1.01016288844748647335 -3.02261848763012475061 = -0.11344231749078617644 @ 399865 142548 1
-0.49979717485299290924 -4.01312908593044337380 -4.88087877360647670599 -1.01016288844751911391 -3.02261848763013984964 = -0.11344231759930087367 @ 399674 142490 1
-0.49979717485299191004 -4.01312908593044337380 -4.88087877360647670599 -1.01016288844751911391 -3.02261848763013984964 = -0.11344231759936099224 @ 399307 142377 1
-0.49979717485299191004 -4.01312908593044337380 -4.88087877360647670599 -1.01016288844746471298 -3.02261848763013984964 = -0.11344231760603931680 @ 399094 142312 1
-0.49979717485299191004 -4.01312908601709050771 -4.88087877374188305879 -1.01016290114299711611 -3.02261848763015006369 = -0.11344260205504681782 @ 399416 142411 1
-0.49979717485299191004 -4.01312908601709050771 -4.88087877374188305879 -1.01016290114299711611 -3.02261848763015006369 = -0.11344260205504681782 @ 399937 142570 1
-0.49979717485299191004 -4.01312908601709050771 -4.88087877374188305879 -1.01016290114299711611 -3.02261848763013984964 = -0.11344260205612997916 @ 395765 141271 1
-0.50410547429930319119 -4.01234633506933047187 -4.87928330119217168459 -0.97847453476838741615 -3.04626448432348828632 = -0.22513828314140776898 @ 394066 140713 1
-0.49988486017855260357 -4.04728490498551263244 -4.88073763748232547499 -1.01021472952799595824 -3.04574729309381275755 = -0.25060534041235082992 @ 395997 141347 1
-0.49988486017855260357 -4.04728490498551263244 -4.88073763748232547499 -1.01021472952799595824 -3.04574729309381275755 = -0.25060534041235082992 @ 399877 142552 1
-0.50013238945298810201 -4.04728492083280855240 -4.88088247835370658834 -1.01021472985177851456 -3.04362647980244371837 = -0.25186349549679637461 @ 399912 142563 1
-0.50013238945302307403 -4.04728492083280855240 -4.88088247835374478001 -1.01021472985203586425 -3.04362647980466105579 = -0.25186349699842663918 @ 399384 142401 1
-0.50013238945302307403 -4.04728492083280855240 -4.88088247835374478001 -1.01021472985203586425 -3.04362647980466105579 = -0.25186349699842663918 @ 399763 142517 1
-0.58141825103437749789 -4.01259419136021389107 -4.88088991248097148201 -1.01025591244342938246 -3.04573091120257100073 = -1.37953222648605056122 @ 399664 142487 1
-0.58141825103437749789 -4.01259419136021389107 -4.88088991248097148201 -1.01025591244342938246 -3.04573091120257100073 = -1.37953222648605056122 @ 399693 142496 1
-0.58141825103437749789 -4.01259419136021389107 -4.88088991248097148201 -1.01025591244342938246 -3.04573091120257100073 = -1.37953222648605056122 @ 399751 142514 1
-0.58141825103437749789 -4.01259419136022366104 -4.88088991248097148201 -1.01025591244357815235 -3.04573091120257100073 = -1.37953222650225049151 @ 399054 142299 1
-0.58141825103433975030 -4.01259419136022366104 -4.88088991248097148201 -1.01025591244357815235 -3.04573091120257100073 = -1.37953222651177220826 @ 399386 142402 1
-0.58141825103437749789 -4.01259419136022366104 -4.88088991248097148201 -1.01025591244342938246 -3.04573091120257100073 = -1.37953222655034379862 @ 398715 142195 1
-0.58141825103437749789 -4.01259419136022366104 -4.88088991248097148201 -1.01025591244342938246 -3.04573091120352579253 = -1.37953222744701764491 @ 397446 141808 1
-0.58141825103433975030 -4.01259419120602167652 -4.88088991248097148201 -1.01025591244357815235 -3.04573091120257100073 = -1.37953249007480671651 @ 399832 142538 1
-0.58141817809570406350 -4.01259419136022366104 -4.88089619997638202165 -1.01024812981900469211 -3.04573091720045807662 = -1.37984720889950640554 @ 399060 142301 1
-0.58141817809570339737 -4.01259419136022366104 -4.88089619997638202165 -1.01024812981900469211 -3.04573091720045807662 = -1.37984720890047452002 @ 399714 142502 1
-0.58141817809570406350 -4.01259419136022366104 -4.88089619997638202165 -1.01024818450816056270 -3.04573091720045807662 = -1.37986507957468340635 @ 399043 142296 1
-0.58141825103437749789 -4.01259598844839526777 -4.88089619997632162551 -1.01025591281720084069 -3.04579095933863142065 = -1.38021576665878376033 @ 398833 142231 1
-0.58141833731494951820 -4.01632922488354537904 -4.88088991258295301634 -1.01027039863567380529 -3.04579095925138343404 = -1.38818139545909979837 @ 399542 142449 1
-0.58141831425968704128 -4.01632922488355958990 -4.88088991248097148201 -1.01027039863567380529 -3.04579095925192699923 = -1.38818435920822524920 @ 399252 142360 1
-0.58141831425968704128 -4.01632922488355958990 -4.88088991248091552677 -1.01027039863567380529 -3.04579095925192699923 = -1.38818435940787465732 @ 399562 142456 1
-0.58141825103437749789 -4.01632922588341934045 -4.88088991248097148201 -1.01027041650643401027 -3.04579095933863142065 = -1.38818678988351429382 @ 399683 142493 1
-0.49970152011717638985 -4.01261327245430443611 -4.88090192540774303609 -0.92488708865633317835 -3.04553172538836447458 = -1.49061405788569212305 @ 399712 142502 1
-0.49970152011717638985 -4.01261327245430443611 -4.88090192535547284791 -0.92488708865630819833 -3.04553172538836447458 = -1.49061434789197466699 @ 399476 142429 1
-0.49970152011717638985 -4.01261327245428400801 -4.88090192535547284791 -0.92488708865633317835 -3.04553172538836491867 = -1.49061434805223136379 @ 399686 142494 1
-0.49970152011094287614 -4.01261327113222421303 -4.88090192469151862298 -0.92488708865707547346 -3.04553172538836447458 = -1.49061524121366573148 @ 399144 142327 1
-0.49970152011094287614 -4.01261327113222421303 -4.88090192469151862298 -0.92488708865707547346 -3.04553172538836447458 = -1.49061524121366573148 @ 399869 142550 1
-0.49970152011717938745 -4.01261327245430443611 -4.88090192469106209927 -0.92488708865633317835 -3.04553172538710148487 = -1.49061617828894510396 @ 399623 142475 1
-0.49970152011717638985 -4.01261327245430443611 -4.88090192469106209927 -0.92488708865633317835 -3.04553172538710148487 = -1.49061617830733839085 @ 398979 142276 1
-0.49970152011717638985 -4.01261327245430443611 -4.88090192469106209927 -0.92488708865633317835 -3.04553172538710148487 = -1.49061617830733839085 @ 399650 142483 1
-0.49970152011717638985 -4.01261327245430443611 -4.88090192469106209927 -0.92488708865633317835 -3.04553172538710148487 = -1.49061617830733839085 @ 399939 142571 1
-0.49970152011717638985 -4.01261327245430443611 -4.88090192469106209927 -0.92488708865633317835 -3.04553172538710148487 = -1.49061617830733839085 @ 399985 142585 1
-0.49970152011717638985 -4.01261327245430443611 -4.88090192469106209927 -0.92488708865633317835 -3.04553172538836447458 = -1.49061618291696484917 @ 398402 142099 1
-0.49970152011094287614 -4.01261327245430443611 -4.88090192469151862298 -0.92488708865707547346 -3.04553172538836447458 = -1.49061620809154327105 @ 399141 142326 1
-0.49970152011094287614 -4.01261327245430443611 -4.88090192469151862298 -0.92488708865723401331 -3.04553172538840843941 = -1.49061620912557524221 @ 399221 142350 1
-0.49970152011717638985 -4.01261327291698410846 -4.88090192570789316306 -0.92488385361564673381 -3.04553172352496348552 = -1.49097396704676121715 @ 398846 142235 1
-0.49970152011717638985 -4.01261327291698410846 -4.88090192570789316306 -0.92488385361564673381 -3.04553172352496348552 = -1.49097396704676121715 @ 399986 142585 1
-0.58135297979768951748 -4.01259419136021389107 -4.88085091740570753416 -1.01025591244342938246 -3.10030507806231270251 = -2.00198151314892403008 @ 399673 142490 1
-0.58135297979768951748 -4.01259419136021389107 -4.88085091740570753416 -1.01025591244342938246 -3.10030507806231270251 = -2.00198151314892403008 @ 399927 142567 1
-0.58135297979768951748 -4.01256971258376093914 -4.88085091740570753416 -1.00730989874898591019 -3.10030507806231270251 = -2.00280894930446207169 @ 398643 142173 1
-0.58135297979768951748 -4.01256971258375294553 -4.88085091740570753416 -1.00730989875050114257 -3.10030507806231270251 = -2.00280895298999750409 @ 399274 142367 1
-0.58135297979771360932 -4.01256971258376093914 -4.88085091740570753416 -1.00730989875050114257 -3.10030507806231270251 = -2.00280895322830065908 @ 399176 142337 1
-0.58135297979771360932 -4.01256971258376093914 -4.88085091740570753416 -1.00730989875050114257 -3.10030507806231270251 = -2.00280895322830065908 @ 399900 142559 1
-0.58135297979752220687 -4.01256971258376093914 -4.88085091740570664598 -1.00730989876385224058 -3.10030507806359612033 = -2.00280896812263486950 @ 399757 142515 1
-0.58135297979768951748 -4.01256971258376093914 -4.88085091740574839037 -1.00730989876233500979 -3.10030507806231270251 = -2.00280897058802942468 @ 398999 142283 1
-0.58135297979768951748 -4.01256971258376093914 -4.88085091740570753416 -1.00730989876356002988 -3.10030507806231270251 = -2.00280897126265511332 @ 398926 142260 1
-0.58135297979768951748 -4.01256971258376982092 -4.88085091740570753416 -1.00730989876356002988 -3.10030507806231270251 = -2.00280897132444124509 @ 399277 142368 1
-0.58135297979768951748 -4.01256971258409134151 -4.88085091740570753416 -1.00730989876385224058 -3.10030507806331678822 = -2.00280897205614660805 @ 398749 142206 1
-0.58135297979894640097 -4.01256971258376093914 -4.88085091740570753416 -1.00730989876385224058 -3.10030507806231270251 = -2.00280898190140765891 @ 398912 142256 1
-0.49969652088192217931 -4.01259427086591724532 -4.76629447083433976928 -1.01025591244342938246 -3.04573101603690377104 = -2.73549408949487382614 @ 399666 142488 1
-0.49969652088176258475 -4.01259427086591724532 -4.76629447083433976928 -1.01025591244342938246 -3.04573101603690377104 = -2.73549409012950617281 @ 399587 142463 1
-0.49969652088176380600 -4.01259427086591724532 -4.76629447083433976928 -1.01025591244337675789 -3.04573101603690377104 = -2.73549409058848969067 @ 399301 142375 1
-0.49970190451851781432 -4.01259892476908675008 -4.76629447096062985878 -1.01025579930154862929 -3.04572966477452666823 = -2.73577668467106871475 @ 398871 142243 1
-0.49970094334638137656 -4.01258465500570071782 -4.76629447083433976928 -1.01025591244342938246 -3.04573101603690377104 = -2.73669646640321495568 @ 399357 142393 1
-0.49970190447200146799 -4.07532574071273767657 -4.76629447094623603931 -1.01025580212187104934 -3.04572966477452666823 = -3.43258850884822974692 @ 398394 142097 1
-0.49970190447200146799 -4.07532574071273767657 -4.76629447123422345101 -1.01025580212187104934 -3.04572966477452666823 = -3.43258858750682493977 @ 399634 142478 1
-0.49970190447200146799 -4.07532574070691389068 -4.76629447094623603931 -1.01025580212187104934 -3.04572966477452666823 = -3.43258859103094238208 @ 398751 142206 1
-0.49970190447741008599 -4.07532574071273767657 -4.76629447096062985878 -1.01025580212187104934 -3.04572966477452666823 = -3.43258872660097136276 @ 398543 142143 1
-0.49970190447741008599 -4.07532574071273767657 -4.76629447096065117506 -1.01025580212187104934 -3.04572966477452666823 = -3.43258872682276816590 @ 398874 142244 1
-0.49970190447741008599 -4.07532574071114161995 -4.76629447096065117506 -1.01025580211894716598 -3.04572966477452666823 = -3.43258876339906615627 @ 398954 142269 1
-1.63130744624615564575 3.59030495542320338132 -4.88813136321448737931 -4.28732377982118251225 3.49478819828209319454 = -3.46656896217710386310 @ 398857 142239 1
-1.63130744624615564575 3.59030495542320338132 -4.88813136321448737931 -4.28732377982118251225 3.49478819828250841795 = -3.46656896757800758735 @ 399964 142579 1
-1.63130744624496415440 3.59030495542320338132 -4.88813136321448737931 -4.28732377982118251225 3.49478819828209319454 = -3.46656897802899965910 @ 398835 142232 1
-1.63130746285122585348 3.59030499305477990291 -4.88813134741036581232 -4.28732382174091952720 3.49478819818953700960 = -3.46657005518611205375 @ 399205 142346 1
-1.63130746285122585348 3.59030499305477990291 -4.88813134741036581232 -4.28732382174091952720 3.49478819818953700960 = -3.46657005518611205375 @ 399718 142504 1
-1.63130746285122585348 3.59030499305477990291 -4.88813134741036581232 -4.28732382174091952720 3.49478819818953700960 = -3.46657005518611205375 @ 399785 142524 1
-1.63130746285122585348 3.59030499305477990291 -4.88813134741036581232 -4.28732382174091952720 3.49478819818953700960 = -3.46657005518611205375 @ 399950 142574 1
-1.63130746285122585348 3.59030499305477990291 -4.88813134741036581232 -4.28732382174091952720 3.49478819818953700960 = -3.46657005518611205375 @ 399954 142576 1
-1.63130746285122585348 3.59030499305479144923 -4.88813134741036581232 -4.28732382174091952720 3.49478819818953700960 = -3.46657005533371798123 @ 399469 142427 1
-1.63130746285122585348 3.59030499305479144923 -4.88813134741036581232 -4.28732382174091952720 3.49478819818953700960 = -3.46657005533371798123 @ 399975 142582 1
-1.63130746285122585348 3.59030499305479144923 -4.88813134741036581232 -4.28732382174091952720 3.49478819818953700960 = -3.46657005533371798123 @ 399989 142586 1
-1.63130746285122585348 3.59030499305479144923 -4.88813134741036581232 -4.28732382174092130356 3.49478819818953700960 = -3.46657005539579188280 @ 399555 142453 1
-1.63130746285122585348 3.59030499305477990291 -4.88813134741036581232 -4.28732382174102610861 3.49478819818953700960 = -3.46657005795098971390 @ 398434 142109 1
-1.63130746285122585348 3.59030499306669748094 -4.88813134741034094333 -4.28732382174102610861 3.49478819818953700960 = -3.46657039554923152025 @ 399038 142295 1
-1.63130746285122585348 3.59030499306669748094 -4.88813134741034094333 -4.28732382174102610861 3.49478819818953700960 = -3.46657039554923152025 @ 399931 142568 1
-1.63130746285123584549 3.59030499306669748094 -4.88813134741036581232 -4.28732382174112469642 3.49478819818953700960 = -3.46657039743672612531 @ 399423 142413 1
-1.63130746283903982352 3.59030499303824601753 -4.88813134741036581232 -4.28732382163742098413 3.49478819798293560694 = -3.46657042734787257388 @ 398499 142129 1
-1.63130746283903982352 3.59030499303824601753 -4.88813134741036581232 -4.28732382163756309268 3.49478819798293560694 = -3.46657043185323043843 @ 398664 142180 1
-1.63130746283903982352 3.59030499296643723639 -4.88813134741036581232 -4.28732382169154480067 3.49478819818953700960 = -3.46657049602032341085 @ 398323 142075 1
-1.63130746283903982352 3.59030499296550553723 -4.88813134741036581232 -4.28732382169154480067 3.49478819818955299681 = -3.46657049930563898599 @ 399092 142311 1
-1.63130746283903982352 3.59030499304644834524 -4.88813134741036581232 -4.28732382163742098413 3.49478819798147011255 = -3.46657059704518610843 @ 398960 142271 1
-1.63130746283903982352 3.59030499303824601753 -4.88813134739613186497 -4.28732382163756309268 3.49478819798293560694 = -3.46657062039071739434 @ 399163 142333 1
-1.63130746283904315419 3.59030499304795647220 -4.88813134741036492414 -4.28732382163748315662 3.49478819798293560694 = -3.46657068577034754853 @ 399742 142511 1
-1.63130746283904315419 3.59030499304795647220 -4.88813134741036581232 -4.28732382163748315662 3.49478819798293560694 = -3.46657068581684280062 @ 399482 142431 1
-1.63130746283903982352 3.59030499304795647220 -4.88813134741036581232 -4.28732382163748315662 3.49478819798293560694 = -3.46657068587956462835 @ 398875 142244 1
-1.63130746283903826921 3.59030499304795647220 -4.88813134741036581232 -4.28732382163748315662 3.49478819798293560694 = -3.46657068590724826151 @ 399630 142477 1
-1.63130746285122585348 3.59030499355793564220 -4.88813134741036581232 -4.28732382174091952720 3.49478819818953700960 = -3.46657354970426689889 @ 399737 142509 1
-1.63130746274327265155 3.59030499995415075531 -4.88813134741036581232 -4.28732381888693669936 3.49478819683798747064 = -3.46657631164043289473 @ 399437 142418 1
-1.63130744624496415440 3.59030496692529776936 -4.88813136321448737931 -4.28732377982118251225 3.49478819828209319454 = -3.46659186907673166900 @ 397707 141887 1
-1.63130743678026068899 3.59030500519861783815 -4.88813136321432484266 -4.28732376990307351150 3.49478818458741269382 = -3.46660713608803305874 @ 399533 142447 1
-1.63130743678026068899 3.59030500519862050268 -4.88813136321432484266 -4.28732376990307351150 3.49478818458741269382 = -3.46660713610120163608 @ 398469 142120 1
-1.63130743678026068899 3.59030500519862050268 -4.88813136321432484266 -4.28732376990307351150 3.49478818458741269382 = -3.46660713610120163608 @ 399898 142558 1
-1.63130720797258144117 3.59030497558202466024 -4.88813137197255187516 -4.28732387310630524979 3.49478824437817170434 = -3.46663458044419892090 @ 398611 142164 1
-1.63130720797258144117 3.59030497558202466024 -4.88813137197255187516 -4.28732387310630524979 3.49478824437817259252 = -3.46663458044952399462 @ 399653 142484 1
-1.63130720797258144117 3.59030497558202466024 -4.88813137197255187516 -4.28732387310630524979 3.49478824438836310762 = -3.46663471595295114014 @ 397650 141870 1
-1.63130720797258144117 3.59030497557031180733 -4.88813137197255187516 -4.28732387310630524979 3.49478824438836310762 = -3.46663499407846398270 @ 397464 141813 1
-1.63130720797258144117 3.59030497557031180733 -4.88813137212823800581 -4.28732387310630524979 3.49478824438836310762 = -3.46663525442912812125 @ 397105 141703 1
-1.63130720797258144117 3.59030497542060134109 -4.88813137212823800581 -4.28732387310630524979 3.49478824459569770156 = -3.46663676792582764463 @ 396780 141603 1
-1.63130719734794449316 3.59030497354380839781 -4.88813136490644861709 -4.28732385898713630468 3.49478816270979830705 = -3.46665894102315608194 @ 393588 140556 1
-1.63130744624496415440 3.59030500562292820277 -4.88813136321448737931 -4.28732368869641877751 3.49478825029618445086 = -3.46671354232293804642 @ 388225 138793 1
-1.63130738885731063625 3.59030500152000575653 -4.88813277823335301520 -4.28732284983694977853 3.49479017976372530185 = -3.46712643876797121933 @ 399126 142321 1
-1.63130738885721982001 3.59030500152000575653 -4.88813277823335301520 -4.28732284983694977853 3.49479017976372530185 = -3.46712643932838915362 @ 395841 141296 1
-1.63130717865074115203 3.59030580886781658378 -4.88813136254342239795 -4.28732378182073148309 3.49478934124167128772 = -3.46712795254873640260 @ 390676 139599 1
-1.63130739143008440806 3.59030496849244107338 -4.88813280246665460282 -4.28732284981592037809 3.49479018095286608769 = -3.46713201349881439128 @ 397720 141891 1
-1.63130739143008440806 3.59030496849244107338 -4.88813280246665460282 -4.28732285056865869421 3.49479018095286608769 = -3.46713774205112557070 @ 393767 140615 1
-1.63134381357050939343 3.59031890555001753640 -4.88811126865268175123 -4.28721156396186842130 3.49475308836746068053 = -3.46954814748724515994 @ 390060 139396 1
-1.63135303265091824443 3.59036123637131643349 -4.88810854123194715726 -4.28806586114525689624 3.49714319435150233772 = -3.47299019026499200535 @ 391555 139887 1
-1.51159710499927602001 3.57338344441067823354 -4.88778482807091485540 -4.45459422218140321803 3.80603496336301505565 = -4.43596430924825035902 @ 399705 142500 1
-1.51159710499927602001 3.57338344441067823354 -4.88778482807091485540 -4.45459422218140321803 3.80603496336301461156 = -4.43596430926319751364 @ 398830 142231 1
-1.51159710499927602001 3.57338344441067823354 -4.88778482807091485540 -4.45459422218140321803 3.80603496336301461156 = -4.43596430926319751364 @ 399566 142457 1
-1.51159710499927602001 3.57338344441067823354 -4.88778482807091485540 -4.45459422218140321803 3.80603496336301461156 = -4.43596430926319751364 @ 399611 142471 1
-1.51159710499927602001 3.57338344441067823354 -4.88778482807091485540 -4.45459422218140321803 3.80603496336301461156 = -4.43596430926319751364 @ 399771 142520 1
-1.51159710499927602001 3.57338344441067823354 -4.88778482807091485540 -4.45459422218140321803 3.80603496336301461156 = -4.43596430926319751364 @ 399782 142523 1
-1.51159710499927602001 3.57338344441067823354 -4.88778482807091485540 -4.45459422218140321803 3.80603496336301461156 = -4.43596430926319751364 @ 399811 142532 1
-1.51159710499927602001 3.57338344441067823354 -4.88778482807091485540 -4.45459422218140321803 3.80603496336301461156 = -4.43596430926319751364 @ 399859 142547 1
-1.51159710499927602001 3.57338344441067823354 -4.88778482807091485540 -4.45459422218140321803 3.80603496336301461156 = -4.43596430926319751364 @ 399919 142565 1
-1.51159710499927602001 3.57338344441067823354 -4.88778482807091485540 -4.45459422218140321803 3.80603496336301461156 = -4.43596430926319751364 @ 399930 142568 1
-1.51159710499927602001 3.57338344441067823354 -4.88778482807091485540 -4.45459422218140321803 3.80603496336301461156 = -4.43596430926319751364 @ 399963 142578 1
-1.51159710499644250881 3.57338344441078925584 -4.88778482807091485540 -4.45459422218140321803 3.80603496336301461156 = -4.43596441470803526386 @ 399701 142498 1
-1.51159710499644250881 3.57338344441078525904 -4.88778482807091485540 -4.45459422218140321803 3.80603496336301461156 = -4.43596441478131087166 @ 399710 142501 1
-1.51159710499380417481 3.57338344441067823354 -4.88778482807091485540 -4.45459422218140321803 3.80603496336305147096 = -4.43596453275463797894 @ 399007 142285 1
-1.51159710499380417481 3.57338344441067823354 -4.88778482807091485540 -4.45459422218140321803 3.80603496336305147096 = -4.43596453275463797894 @ 399897 142558 1
-1.51159710499380417481 3.57338344441706157184 -4.88778482807091485540 -4.45459422218140321803 3.80603496336305147096 = -4.43596456766968483265 @ 399911 142562 1
-1.51159710499380417481 3.57338344441067823354 -4.88778482807091485540 -4.45459422218140321803 3.80603496336115876275 = -4.43596459558960720670 @ 399099 142313 1
-1.51159710499380417481 3.57338344440726674023 -4.88778482807015102196 -4.45459422218140321803 3.80603496336247371090 = -4.43596459828719602569 @ 398570 142151 1
-1.51159710343133268928 3.57338344440726674023 -4.88778482775862865850 -4.45459422086380119055 3.80603496336058766403 = -4.43596805884852862789 @ 398978 142276 1
-1.51159710343097164476 3.57338344440726674023 -4.88778482775862865850 -4.45459422086380119055 3.80603496336058766403 = -4.43596806198477189298 @ 396492 141510 1
-1.51159710499380417481 3.57338344440726674023 -4.88778482829963589751 -4.45459422218140321803 3.80603496336239954800 = -4.43596806417244415854 @ 398615 142165 1
-1.51159710499380417481 3.57338344440726674023 -4.88778482829963589751 -4.45459422218140321803 3.80603496336239777165 = -4.43596806423574996359 @ 399592 142465 1
-1.51159710342985253995 3.57338344440726674023 -4.88778482775862865850 -4.45459422086380119055 3.80603496336058766403 = -4.43596807576436269471 @ 398814 142226 1
-1.51159710378374678719 3.57338344448748834736 -4.88778482775862865850 -4.45459422086380119055 3.80603496342687463994 = -4.43596950558245328722 @ 399624 142475 1
-1.51159710378374678719 3.57338344448749012372 -4.88778482775862865850 -4.45459422086380119055 3.80603496342687463994 = -4.43596950563481495777 @ 397395 141792 1
-1.51159710199481533976 3.57338343772731015235 -4.88778482842953465592 -4.45459422110794456273 3.80603496336058766403 = -4.43597166258798569771 @ 396816 141615 1
-1.51159729315048796394 3.57338409667331369235 -4.88778469409430549319 -4.45459522777642558111 3.80603612273525548915 = -4.43597171819684632510 @ 399849 142544 1
-1.51159729527910724478 3.57338409667331369235 -4.88778469409430549319 -4.45459522776397953692 3.80603611757784232594 = -4.43597173033403624487 @ 399021 142289 1
-1.51159729527910724478 3.57338409667331369235 -4.88778469409430549319 -4.45459522776397953692 3.80603611757784232594 = -4.43597173033403624487 @ 399842 142541 1
-1.51159729527910724478 3.57338409667331369235 -4.88778469409430282866 -4.45459522776397953692 3.80603611757784232594 = -4.43597173044771508899 @ 396293 141445 1
-1.51159729527910724478 3.57338409667331369235 -4.88778469409430282866 -4.45459522776397953692 3.80603611757784232594 = -4.43597173044771508899 @ 399812 142532 1
-1.51159729527910724478 3.57338409667331369235 -4.88778469409430282866 -4.45459522776397953692 3.80603611757784232594 = -4.43597173044771508899 @ 399875 142551 1
-1.51159729315048796394 3.57338409667331369235 -4.88778469448929797636 -4.45459522777642558111 3.80603612273525548915 = -4.43597203369404802231 @ 399537 142448 1
-1.51159729315048796394 3.57338409667331369235 -4.88778469448929797636 -4.45459522777642558111 3.80603612273525548915 = -4.43597203369404802231 @ 399960 142577 1
-1.51159729315048796394 3.57338409667331369235 -4.88778469448933439168 -4.45459522777642558111 3.80603612273525548915 = -4.43597203420848185118 @ 398674 142183 1
-1.51159729315048796394 3.57338409667331369235 -4.88778469448933439168 -4.45459522777642558111 3.80603612273525548915 = -4.43597203420848185118 @ 399893 142557 1
-1.51159729315048796394 3.57338409667331369235 -4.88778469448933439168 -4.45459522777642558111 3.80603612273525548915 = -4.43597203420848185118 @ 399995 142588 1
-1.51159729314917146148 3.57338409667331369235 -4.88778469448933439168 -4.45459522776984329084 3.80603612273525548915 = -4.43597204496001040752 @ 398704 142192 1
-1.51159729314937862910 3.57338409667331857733 -4.88778469448933439168 -4.45459522777642558111 3.80603612273525548915 = -4.43597208208997528800 @ 399394 142404 1
-1.51159729307220791483 3.57338409667064249575 -4.88778469448933439168 -4.45459522777644956193 3.80603612273525548915 = -4.43597261826677957686 @ 399427 142415 1
-1.51159729307223078543 3.57338409667087297805 -4.88778469448933439168 -4.45459522777642558111 3.80603612265773127987 = -4.43597288065857320305 @ 399528 142445 1
-1.51159729307220791483 3.57338409667307965734 -4.88778469448938146513 -4.45459522777642558111 3.80603612267722501983 = -4.43597292074628679615 @ 399042 142296 1
-1.51159729292762845532 3.57338409667331369235 -4.88778469454404973504 -4.45459522777642558111 3.80603612273525548915 = -4.43597613663728207456 @ 396887 141636 1
-1.51159710238394962012 3.57338343772731015235 -4.88778482842953465592 -4.45459422218145828509 3.80603496336058766403 = -4.43597915020153976684 @ 398892 142250 1
-1.51159709459214219862 3.57338343772731015235 -4.88778483563413068680 -4.45459422218140321803 3.80603496336058766403 = -4.43599288603963870514 @ 391405 139838 1
-1.51159729224382699542 3.57338409730121719932 -4.88778469450133101759 -4.45459522776397953692 3.80603615589042520995 = -4.43601254084685869827 @ 396181 141408 1
-1.51159699137823300141 3.57338448118776463858 -4.88778482635870492601 -4.45460278134974085873 3.80603457926940702549 = -4.43675020354831950442 @ 386915 138361 1
-1.51149358860235993873 3.57314717509199430978 -4.88758193741636670637 -4.45424184742986017937 3.80520552473003625948 = -4.44172215256822777718 @ 396710 141581 1
-1.54352736445376681473 3.86890443092584312978 -4.76629447083433976928 -4.33734874439478357289 3.77805045027789754286 = -4.95393153096180061112 @ 399179 142337 1
-1.54352736445376681473 3.86890443092584312978 -4.76629447083433976928 -4.33734874439478357289 3.77805045027789754286 = -4.95393153096180061112 @ 399446 142420 1
-1.54352736445376681473 3.86890443092584312978 -4.76629447083433976928 -4.33734874439478357289 3.77805045027789754286 = -4.95393153096180061112 @ 399887 142555 1
-1.54352736445362404005 3.86890443092584312978 -4.76629447083434065746 -4.33734874439478357289 3.77805045027789754286 = -4.95393153258391460980 @ 399369 142396 1
-1.54352736445362404005 3.86890443092584312978 -4.76629447083433976928 -4.33734874439478357289 3.77805045027789176970 = -4.95393153277089659525 @ 399002 142284 1
-1.54352736445362404005 3.86890443092584312978 -4.76629447083433976928 -4.33734874439478357289 3.77805045027789176970 = -4.95393153277089659525 @ 399744 142511 1
-1.54352736445361760076 3.86890443092584312978 -4.76629447083433976928 -4.33734874439478357289 3.77805045027789176970 = -4.95393153286395104828 @ 399577 142460 1
-1.54352736445362404005 3.86890443092518365731 -4.76629447083433976928 -4.33734874439511486344 3.77805045027791086554 = -4.95393155438648769007 @ 399167 142334 1
-1.54352736445362404005 3.86890443092518365731 -4.76629447083433976928 -4.33734874439511486344 3.77805045027789176970 = -4.95393155494355141855 @ 398596 142159 1
-1.54352736445362404005 3.86890443092518365731 -4.76629447083433976928 -4.33734874439511486344 3.77805045027789176970 = -4.95393155494355141855 @ 399928 142568 1
-1.54352736445362404005 3.86890443092518365731 -4.76629447083433976928 -4.33734874439511486344 3.77805045027777275379 = -4.95393155865548706629 @ 399772 142520 1
-1.54352736445362404005 3.86890443092518365731 -4.76629447083433976928 -4.33734874439511486344 3.77805045027777275379 = -4.95393155865548706629 @ 399968 142580 1
-1.54352736445362404005 3.86890443093202973657 -4.76629447083433976928 -4.33734874440817108621 3.77805045027789176970 = -4.95393200573148106969 @ 398255 142054 1
-1.54352736445362337392 3.86890443093202973657 -4.76629447083433976928 -4.33734874440817108621 3.77805045027789176970 = -4.95393200573885827964 @ 399730 142507 1
-1.54352736445362404005 3.86890443090964097905 -4.76629447082296575644 -4.33734874440817108621 3.77805045027789176970 = -4.95393205582478479698 @ 398826 142229 1
-1.54352736441835935999 3.86890443093202973657 -4.76629447095603442364 -4.33734874440817375074 3.77805045024819419197 = -4.95393270257065587714 @ 399568 142457 1
-1.54352736441838334081 3.86890443093202973657 -4.76629447095603442364 -4.33734874440817108621 3.77805045024819419197 = -4.95393270362551163544 @ 397292 141760 1
-1.54352736441838334081 3.86890443093202973657 -4.76629447095603442364 -4.33734874440817375074 3.77805045024819419197 = -4.95393270363730664485 @ 399287 142371 1
-1.54352736637784415663 3.86890443093202973657 -4.76629446935517542272 -4.33734874201572839780 3.77805045329670763365 = -4.95393768014096469443 @ 397661 141874 1
-1.54352736637784415663 3.86890443093202973657 -4.76629446935517542272 -4.33734874201572839780 3.77805045329664901388 = -4.95393768068751416678 @ 399441 142419 1
-1.54352736637784415663 3.86890443093456726231 -4.76629446935517542272 -4.33734874257327085445 3.77805045345900181175 = -4.95393829839548960337 @ 397654 141871 1
-1.54352736637784415663 3.86890443093456726231 -4.76629446935517542272 -4.33734874257327085445 3.77805045345900181175 = -4.95393829839548960337 @ 399895 142557 1
-1.54352736637784415663 3.86890443093202973657 -4.76629446935517542272 -4.33734874257327085445 3.77805045340341028037 = -4.95393901738381003952 @ 398107 142009 1
-1.54352736637784415663 3.86890443092729263697 -4.76629446933732392466 -4.33734874257327085445 3.77805045343752565756 = -4.95393947666920198003 @ 398613 142164 1
-1.54352736637784415663 3.86890443093202973657 -4.76629446933732392466 -4.33734874257327085445 3.77805045343752565756 = -4.95393951818471478532 @ 398302 142069 1
-1.54352736637804532904 3.86890443093212299530 -4.76629446933732392466 -4.33734874257327085445 3.77805045343752565756 = -4.95393953011486321003 @ 399109 142316 1
-1.54352736445362404005 3.86890443093202973657 -4.76629447145747331405 -4.33734874436050521496 3.77805045284760732116 = -4.95394075706197689613 @ 392706 140266 1
-1.54352736665156498042 3.86890443093797076202 -4.76629447145747331405 -4.33734874257327085445 3.77805045345900181175 = -4.95395152772583458045 @ 398158 142024 1
-1.54352736445362404005 3.86890441775784088563 -4.76629447004567019519 -4.33734874436050521496 3.77805046168236335902 = -4.95397510731175039211 @ 392810 140300 1
-1.54352736445362404005 3.86890441775784088563 -4.76629447004567019519 -4.33734874436050521496 3.77805046168236335902 = -4.95397510731175039211 @ 399677 142491 1
-1.54352736023049796898 3.86890441775784088563 -4.76629447543204420867 -4.33734874436050521496 3.77805044647000309865 = -4.95398769366744673448 @ 390806 139642 1
-1.54352733980021006310 3.86890438040024120525 -4.76629442225382948806 -4.33734874436050521496 3.77805044487521346497 = -4.95400350953894541561 @ 394641 140902 1
-1.54352736445362404005 3.86890441775784088563 -4.76629447015542950794 -4.33734874436050521496 3.77805006921885588866 = -4.95412288974973780142 @ 398171 142028 1
-1.60017685847000357136 3.74686624732652084901 -4.97968646475604348467 -4.09027017765210043621 3.53945464951489174865 = -6.61521829877288958244 @ 399779 142522 1
-1.60017685847000357136 3.74686624732652084901 -4.97968646475604348467 -4.09027017765210043621 3.53945464951489174865 = -6.61521829877288958244 @ 399914 142563 1
-1.60017685847000357136 3.74686624732652084901 -4.97968646475604348467 -4.09027017765210043621 3.53945464951489174865 = -6.61521829877288958244 @ 399935 142570 1
-1.60017685847000312727 3.74686624732652084901 -4.97968646475604348467 -4.09027017765210043621 3.53945464951489174865 = -6.61521829883429646202 @ 398522 142136 1
-1.60017685847000312727 3.74686624732652084901 -4.97968646475604348467 -4.09027017765210043621 3.53945464951490462724 = -6.61521829963993557300 @ 399248 142359 1
-1.60017685841890044962 3.74686624721884964373 -4.97968646475606835367 -4.09027017763604749945 3.53945598466169508711 = -6.61542489196351457537 @ 397713 141889 1
-1.60017685841890044962 3.74686624721884964373 -4.97968646475606835367 -4.09027017763604749945 3.53945598466169508711 = -6.61542489196351457537 @ 399690 142495 1
-1.60017685841890044962 3.74686624721884964373 -4.97968646475606835367 -4.09027017763604749945 3.53945598466169508711 = -6.61542489196351457537 @ 399871 142550 1
-1.60017685841890044962 3.74686624721884964373 -4.97968646475606835367 -4.09027017763604749945 3.53945598466169508711 = -6.61542489196351457537 @ 399918 142565 1
-1.60017685841890044962 3.74686624721884964373 -4.97968646475606835367 -4.09027017763604749945 3.53945598466126165604 = -6.61542491616527517095 @ 399164 142333 1
-1.60017685841890044962 3.74686624721830385809 -4.97968646475606835367 -4.09027017763604749945 3.53945598465203170591 = -6.61542544551509159589 @ 399645 142481 1
-1.60017685841890044962 3.74686624721830385809 -4.97968646475606835367 -4.09027017763604749945 3.53945598465203126182 = -6.61542544555145539675 @ 399761 142517 1
-1.60017685841890044962 3.74686624721830385809 -4.97968646475606835367 -4.09027017763604749945 3.53945598465202637684 = -6.61542544578929447852 @ 399560 142455 1
-1.60017685841890044962 3.74686624721830385809 -4.97968646475606835367 -4.09027017763604749945 3.53945598465202637684 = -6.61542544578929447852 @ 399978 142583 1
-1.60017685841889312215 3.74686624721831629259 -4.97968646475606835367 -4.09027017763604749945 3.53945598465202637684 = -6.61542544583492997390 @ 399545 142450 1
-1.60017685841890044962 3.74686624721831629259 -4.97968646475606835367 -4.09027017763604749945 3.53945598465202637684 = -6.61542544617329486556 @ 399159 142331 1
-1.60017685841890044962 3.74686624721884964373 -4.97968646475606835367 -4.09027017763604749945 3.53945598465202637684 = -6.61542546175800882935 @ 397528 141833 1
-1.60017685841890044962 3.74686624721976802022 -4.97968646475604348467 -4.09027017763625089231 3.53945598465202637684 = -6.61542548872327973442 @ 399032 142293 1
-1.60017685841890044962 3.74686624723676064974 -4.97968646475605059010 -4.09027017766281186795 3.53945598465308419733 = -6.61542551436892356520 @ 398605 142162 1
-1.60017685841889467646 3.74686624723676064974 -4.97968646475605059010 -4.09027017766281186795 3.53945598465308419733 = -6.61542551446789062197 @ 399613 142471 1
-1.60017685841889467646 3.74686624723676064974 -4.97968646475605059010 -4.09027017766281186795 3.53945598465308419733 = -6.61542551446789062197 @ 399956 142576 1
-1.60017685841889467646 3.74686624723676064974 -4.97968646475605059010 -4.09027017766281186795 3.53945598465308419733 = -6.61542551446789062197 @ 399962 142578 1
-1.60017685841889756304 3.74686624723676064974 -4.97968646475604348467 -4.09027017766281186795 3.53945598465202637684 = -6.61542551639828158017 @ 399604 142469 1
-1.60017685841890044962 3.74686624732626194501 -4.97968646475604348467 -4.09027017765210043621 3.53945598465202637684 = -6.61542979272770992338 @ 397179 141726 1
-1.60017685841897550070 3.74686624732626194501 -4.97968646475604348467 -4.09027017765210043621 3.53945598465202637684 = -6.61542979572200806615 @ 399108 142316 1
-1.60017685841890044962 3.74686624732626194501 -4.97968646475604348467 -4.09027017763604749945 3.53945598465202637684 = -6.61542980681793935105 @ 395589 141213 1
-1.60017799360319679103 3.74686624693431458155 -4.97968657670137027083 -4.09027017727224873056 3.53945419760051560587 = -6.61547189388533318777 @ 399717 142503 1
-1.60017799360319679103 3.74686624693431458155 -4.97968657670137027083 -4.09027017727225317145 3.53945419760051560587 = -6.61547189388680934030 @ 398356 142085 1
-1.60017799349139555609 3.74686624742318619141 -4.97968657664051761458 -4.09027017730176645216 3.53945419762053026247 = -6.61547213051806259898 @ 398267 142058 1
-1.60017799360319679103 3.74686624723676064974 -4.97968657675235348847 -4.09027017730176645216 3.53945419762053026247 = -6.61547629588067032103 @ 395738 141262 1
-1.60018492654221278215 3.74686626608230843871 -4.97932593422964675511 -4.09031419044882582625 3.53938539745706970407 = -6.62472357150419899341 @ 398688 142187 1
-1.60018492653984112373 3.74686626605248429556 -4.97932593422964675511 -4.09031419043523136736 3.53938539745706970407 = -6.62472401986486847392 @ 397548 141839 1
-1.60018492653984112373 3.74686626605248429556 -4.97932593422964675511 -4.09031419043523136736 3.53938539744850855229 = -6.62472431387015081583 @ 398197 142036 1
-0.28048885195484857258 -4.01257912194016164165 -4.88813135014739597040 -1.01021784352327581580 -3.04448117942539120406 = -9.74481380779010919468 @ 399292 142372 1
-0.28048885195484857258 -4.01257912194016164165 -4.88813135014739597040 -1.01021784352327581580 -3.04448117942539120406 = -9.74481380779010919468 @ 399802 142529 1
-0.28048885195517980762 -4.01257912194016164165 -4.88813135014739597040 -1.01021784352327581580 -3.04448117942539120406 = -9.74481381114091504969 @ 399493 142435 1
-0.28048885195518330482 -4.01257912194016164165 -4.88813135014739597040 -1.01021784352327581580 -3.04448117942539120406 = -9.74481381119265677171 @ 398968 142273 1
-0.28048885195518330482 -4.01257912194101429293 -4.88813135014739597040 -1.01021784352327581580 -3.04448117942539120406 = -9.74481382702501619519 @ 398940 142264 1
-0.28048885195518330482 -4.01257912194101429293 -4.88813135014723787464 -1.01021784352327581580 -3.04448117942487295196 = -9.74481383045529625520 @ 399275 142367 1
-0.28048885182454408316 -4.01257912194101429293 -4.88813135037807899863 -1.01021784352327581580 -3.04448117942487295196 = -9.74481597640700059060 @ 398919 142258 1
-0.28048885182464022847 -4.01257912194101429293 -4.88813135037807899863 -1.01021784352327581580 -3.04448117942487295196 = -9.74481597868879134694 @ 398431 142108 1
-0.28048885182464022847 -4.01257912194101429293 -4.88813135037807544592 -1.01021784352327581580 -3.04448117942487295196 = -9.74481597879686134434 @ 397368 141784 1
-0.28048885182469024402 -4.01257912194101429293 -4.88813135037807899863 -1.01021784352327581580 -3.04448117942487295196 = -9.74481597987917069759 @ 399204 142345 1
-0.28048885182469024402 -4.01257912194101429293 -4.88813135037807899863 -1.01021784352327581580 -3.04448117942487295196 = -9.74481597987917069759 @ 399391 142404 1
-0.28048885195518330482 -4.01257912194172572384 -4.88813135036606105643 -1.01021784352327581580 -3.04448117948549512590 = -9.74481637607435402515 @ 398763 142210 1
-0.28048885193821598838 -4.01257912194101429293 -4.88813135037807544592 -1.01021784352167509624 -3.04448117942487295196 = -9.74481820845650759111 @ 398533 142140 1
-0.28044622693439918981 -4.01257912201833466526 -4.88073763640043978285 -1.01021784373515655098 -3.04448117953224706156 = -9.79055658315574461881 @ 398013 141981 1
-0.28044622691109588608 -4.01257912201833466526 -4.88073763637439483887 -1.01021784352327581580 -3.04448117948549512590 = -9.79055803781986710987 @ 397946 141960 1
-0.28044622693873216823 -4.01257912201833466526 -4.88073763640043978285 -1.01021784373459788675 -3.04448121999887666433 = -9.79056590933922166187 @ 399731 142507 1
-0.28044622693873216823 -4.01257912201833466526 -4.88073763640043978285 -1.01021784373459744266 -3.04448121999887666433 = -9.79056590935237913698 @ 399617 142473 1
-1.52324681079765489322 3.53660429010450982901 -4.56921412777075985900 -4.27486951991091945757 3.78823569726422171300 = -10.30605484703914420663 @ 399438 142418 1
-1.52324681079765489322 3.53660429010450982901 -4.56921412777075985900 -4.27486951991091945757 3.78823569726422171300 = -10.30605484703914420663 @ 399739 142510 1
-1.52324681079765489322 3.53660429010450716447 -4.56921412777075985900 -4.27486951991091945757 3.78823569726422171300 = -10.30605484710319075248 @ 399346 142389 1
-1.52324681079765489322 3.53660429010450716447 -4.56921412777075985900 -4.27486951991091945757 3.78823569726422171300 = -10.30605484710319075248 @ 399813 142533 1
-1.52324681079765489322 3.53660429010450716447 -4.56921412777075985900 -4.27486951991091945757 3.78823569726422171300 = -10.30605484710319075248 @ 399894 142557 1
-1.52324681079765489322 3.53660429010450982901 -4.56921412777075897083 -4.27486951991091945757 3.78823569726422171300 = -10.30605484714971709082 @ 399709 142501 1
-1.52324681079765489322 3.53660429010450716447 -4.56921412777075985900 -4.27486951991091945757 3.78823569492563416716 = -10.30609360082682712800 @ 399294 142373 1
-1.52324681079760004820 3.53660429010450716447 -4.56921412777075985900 -4.27486951991091945757 3.78823569492563416716 = -10.30609360859646450592 @ 399181 142338 1
-1.52324681079756918400 3.53660429010450716447 -4.56921412777135849126 -4.27486951991091945757 3.78823569492563416716 = -10.30609361649165300889 @ 398578 142153 1
-1.52324681135383555031 3.53660429010493349011 -4.56921412678075355984 -4.27486951991091945757 3.78823569492681766491 = -10.30609370858840456719 @ 399218 142349 1
-1.52324681135383555031 3.53660429010493349011 -4.56921412678075355984 -4.27486951991091945757 3.78823569492681677673 = -10.30609370864453744332 @ 399775 142521 1
-1.52324681135383555031 3.53660429010493349011 -4.56921412678111682482 -4.27486951991091945757 3.78823569492681766491 = -10.30609372752440400234 @ 398388 142095 1
-1.52324681079756918400 3.53660429010450716447 -4.56921412777075985900 -4.27486951991090435854 3.78823569491633316275 = -10.30609382747090840837 @ 399514 142441 1
-1.52324681135383555031 3.53660429010450716447 -4.56921412668895587927 -4.27486951991091945757 3.78823569492297540506 = -10.30609857075263846582 @ 397760 141903 1
-1.52324681135383555031 3.53660429029930956091 -4.56921413566875411760 -4.27486952194164526730 3.78823569396314985269 = -10.30611095823304879104 @ 397467 141814 1
-1.52324680013372182330 3.53660426216691314849 -4.56921414307300466362 -4.27486952330790703769 3.78823569798626413885 = -10.30613728521856486964 @ 398584 142155 1
-1.52324680011240354283 3.53660426195683719186 -4.56921414311019091770 -4.27486952330790703769 3.78823569798626413885 = -10.30613878031387642409 @ 396103 141382 1
-1.52324680011240354283 3.53660426195683719186 -4.56921414311019091770 -4.27486952330912650666 3.78823569798626413885 = -10.30613886085459185438 @ 398075 141999 1
-1.52324681135383555031 3.53660429029930956091 -4.56921414191720298703 -4.27486952194164526730 3.78823569396314985269 = -10.30615093494007261654 @ 398603 142161 1
-1.17074362824007316419 3.75885584288153395960 -4.98225064630468139626 -4.37079537046654298393 3.75683014696123596110 = -11.00889404477976540875 @ 399458 142424 1
-1.17074362824007316419 3.75885584288153395960 -4.98225064630468139626 -4.37079537046653854304 3.75683014696123596110 = -11.00889404502500923400 @ 398885 142247 1
-1.17074362824007316419 3.75885584288140561782 -4.98225064630645420038 -4.37079537046653854304 3.75683014696123596110 = -11.00889413191003285419 @ 399352 142391 1
-1.17074362824007183193 3.75885584288153395960 -4.98225064630645420038 -4.37079537046653765486 3.75683014696123596110 = -11.00889414023626144967 @ 399752 142514 1
-1.17074362824007316419 3.75885584288153395960 -4.98225064630645420038 -4.37079537046653854304 3.75683014696123596110 = -11.00889414025447443635 @ 397346 141777 1
-1.17074362824007316419 3.75885584288153395960 -4.98225064630645420038 -4.37079537046653854304 3.75683014696123596110 = -11.00889414025447443635 @ 399626 142475 1
-1.17074362824007183193 3.75885584288153395960 -4.98225064630645420038 -4.37079537046653854304 3.75683014696123596110 = -11.00889414029327539879 @ 399665 142487 1
-1.17074362824007316419 3.75885584288153395960 -4.98225064630645420038 -4.37079537046653854304 3.75683014696110095798 = -11.00889415161443629643 @ 398941 142265 1
-1.17074362824032784935 3.75885584294409502704 -4.98225064631567260420 -4.37079537046653854304 3.75683014696123596110 = -11.00889631552290026661 @ 399115 142318 1
-1.17074362824032784935 3.75885584294409502704 -4.98225064631567260420 -4.37079537046653854304 3.75683014696123596110 = -11.00889631552290026661 @ 399979 142583 1
-1.17074362824007316419 3.75885584294409502704 -4.98225064631567260420 -4.37079537046653854304 3.75683014696123596110 = -11.00889632190197708894 @ 396878 141634 1
-1.17074362824007316419 3.75885584294409502704 -4.98225064631567260420 -4.37079537046653854304 3.75683014696123596110 = -11.00889632190197708894 @ 399835 142539 1
-1.17074362824007316419 3.75885584294407859574 -4.98225064631567260420 -4.37079537046653854304 3.75683014696123596110 = -11.00889632249210592363 @ 399649 142482 1
-1.17074362824007360828 3.75885584294407859574 -4.98225064631567260420 -4.37079537046653854304 3.75683014696123596110 = -11.00889632249715432977 @ 399687 142494 1
-1.17074362824007316419 3.75885584294409502704 -4.98225064630659453258 -4.37079537046653854304 3.75683014696242789654 = -11.00889643815704488361 @ 397926 141954 1
-1.17074362824007560668 3.75885584294409502704 -4.98225064631567260420 -4.37079537045996424638 3.75683014696123596110 = -11.00889668749135275050 @ 399706 142500 1
-1.17074362829424316601 3.75885584294409502704 -4.98225064631567260420 -4.37079537083570635048 3.75683014696123596110 = -11.00889711373105050995 @ 395940 141328 1
-1.17074362829424316601 3.75885584294409502704 -4.98225064631567260420 -4.37079537083570635048 3.75683014680135984875 = -11.00890231716256906225 @ 397145 141715 1
-1.17074362829424316601 3.75885584293253005583 -4.98225064571881226527 -4.37079537083570635048 3.75683014638609424907 = -11.00891242321531393600 @ 397204 141733 1
-0.49973233980863190906 -4.05595728928039100936 -4.86613496979263437936 -0.78445027473096839987 -3.04208968835911086614 = -11.35601916921401866034 @ 399550 142452 1
-0.49973233980863190906 -4.05595728928039100936 -4.86613496979263437936 -0.78445027473096839987 -3.04208968835911086614 = -11.35601916921401866034 @ 399861 142547 1
-0.49973233980863190906 -4.05595728928039100936 -4.86613496979263437936 -0.78445027473099282478 -3.04208968835911086614 = -11.35601917073603317476 @ 398949 142267 1
-0.49973233954189594241 -4.05595729246758462949 -4.86613498112781517335 -0.78445027480773277251 -3.04208968835911086614 = -11.35604663610084941183 @ 398834 142232 1
-0.49973233954189594241 -4.05595729246758462949 -4.86613498112781517335 -0.78445027480773277251 -3.04208968835911086614 = -11.35604663610084941183 @ 399977 142583 1
-0.49973233954189594241 -4.05595729246760594577 -4.86613498112781517335 -0.78445027480773277251 -3.04208968835911086614 = -11.35604663612576459286 @ 398936 142263 1
-0.49975521465288746947 -4.01632922488369814573 -4.88089384892674615912 -1.01027138809290839561 -3.31694484702022229783 = -15.36514436490951496239 @ 399594 142466 1
-0.49975521465288746947 -4.01632922488369814573 -4.88089384892674615912 -1.01027138809290839561 -3.31694484702022229783 = -15.36514436490951496239 @ 399697 142497 1
-0.49975521465288746947 -4.01632922488369814573 -4.88089384892674615912 -1.01027138809290839561 -3.31694484702022229783 = -15.36514436490951496239 @ 399823 142536 1
-0.49977115891173329310 -4.01312401250938677322 -4.88086615168813775512 -1.01018934575170615808 -3.31694485873721855995 = -15.49059710671321710151 @ 399866 142549 1
-0.49977115891158674366 -4.01312401250938677322 -4.88086615168813775512 -1.01018934575169683221 -3.31694485877555012010 = -15.49059934057501664029 @ 399531 142446 1
-0.49977115891158674366 -4.01312401250938677322 -4.88086615168813775512 -1.01018934575169883061 -3.31694485877555056419 = -15.49059934065866883657 @ 399655 142484 1
-0.49977115891158674366 -4.01312401250938677322 -4.88086615168813775512 -1.01018934575169883061 -3.31694485877555056419 = -15.49059934065866883657 @ 399860 142547 1
-0.49977115891173329310 -4.01312401250938677322 -4.88086615168813775512 -1.01018934575170615808 -3.31694485877555012010 = -15.49059934482080791440 @ 399202 142345 1
-0.49977115891173329310 -4.01312401250938677322 -4.88086615168813775512 -1.01018934575170615808 -3.31694484702022229783 = -15.49063276364846686306 @ 399143 142326 1
-0.49977116398313559120 -4.01312401250952888176 -4.88086615169050741514 -1.01018934654564529474 -3.31694203878324733736 = -15.49140390500236286186 @ 398813 142225 1
-0.49977116398940241160 -4.01312401251168626715 -4.88086623576078348918 -1.01018934654564529474 -3.31694203878391702389 = -15.49144396223955766345 @ 398717 142196 1
-0.49977116398313559120 -4.01312401250952799359 -4.88073764344994565079 -1.01018934654564529474 -3.31694203878324733736 = -15.52198749774928288048 @ 399724 142505 1
-1.32307043531345880361 3.59660161785123388967 -4.88149703197404694066 -4.33791512054466288362 4.16808794306727392609 = -19.53970238471287501625 @ 399119 142319 1
-1.32307043531345880361 3.59660161785123388967 -4.88149703197404694066 -4.33791512054466288362 4.16808794306727392609 = -19.53970238471287501625 @ 399908 142561 1
-1.32307043436575333395 3.59660161785129872669 -4.88149703250415800682 -4.33791512058723771617 4.16808794316282860137 = -19.53971257868557032111 @ 399305 142376 1
-1.32307043436575333395 3.59660161785129872669 -4.88149703250415800682 -4.33791512058723771617 4.16808794316282860137 = -19.53971257868557032111 @ 399828 142537 1
-1.32307043436575333395 3.59660161785129872669 -4.88149703250415800682 -4.33791512058723771617 4.16808794316280906145 = -19.53971257874127331888 @ 399505 142438 1
-1.32307043436575333395 3.59660161785129872669 -4.88149703250415445410 -4.33791512058723771617 4.16808794316282860137 = -19.53971257941373096401 @ 399049 142298 1
-1.32307043436575333395 3.59660161785129872669 -4.88149703250415445410 -4.33791512058723771617 4.16808794316282860137 = -19.53971257941373096401 @ 399777 142522 1
-1.32307043436575333395 3.59660161785129872669 -4.88149703250414557232 -4.33791512058723771617 4.16808794316282860137 = -19.53971258103063846079 @ 398677 142184 1
-1.32307043436575333395 3.59660161785129872669 -4.88149703250404254362 -4.33791512058723327527 4.16808794316282860137 = -19.53971259801757653918 @ 399679 142492 1
-1.73885523388762730512 3.93954814355182536545 -4.96041575584978033930 -4.14740073370757755811 4.09449377674444914277 = -21.74739643274849498766 @ 399540 142449 1
-1.73885523388785179222 3.93954814355182536545 -4.96041575584913285724 -4.14740073370758377536 4.09449377674444914277 = -21.74739644047859599141 @ 399923 142566 1
-1.73885523388762730512 3.93954814364262428938 -4.96041575584913374541 -4.14740073370758377536 4.09449377674444470188 = -21.74740740149873730047 @ 399691 142495 1
-1.73885523388762774921 3.93954814364262428938 -4.96041575584913374541 -4.14740073370758377536 4.09449377674444203734 = -21.74740740187121090798 @ 399787 142525 1
-1.73885523403258068775 3.93954814304137146408 -4.96041575376594767732 -4.14740073490993133021 4.09449377701054562095 = -21.74741202387923522110 @ 399110 142316 1
