-1.48147220490606934540 3.67402448369342415901 = -0.00000000729122966141 @ 197773 75515 1
-1.56154494332622095776 4.40002126976428797889 = -0.00000000842999087684 @ 198780 75925 1
-1.56154494332622095776 4.40002126976428797889 = -0.00000000842999087684 @ 199905 76388 1
-1.56154494188190140491 4.40002128179876716985 = -0.00000000866148191848 @ 198851 75956 1
-1.48147324115812129008 3.67402406270167469771 = -0.00000000951500845994 @ 199205 76098 1
-1.56154518966628641508 4.40002007848806631074 = -0.00000001467209415132 @ 198959 75998 1
-1.56154518984110901592 4.40002007848806631074 = -0.00000001467802069297 @ 195696 74671 1
-1.48146762829645584070 3.67402320302445328792 = -0.00000003076434806157 @ 199801 76344 1
-1.48146762829644451642 3.67402320302445328792 = -0.00000003076434806509 @ 199405 76178 1
-1.48146762826415301362 3.67402320323672970659 = -0.00000003076522901289 @ 198076 75636 1
1.75774387955426614205 1.59573538219224597690 = -0.00000006555453320837 @ 198467 75800 1
1.75774393810070295174 1.59573538219264499105 = -0.00000006685490838217 @ 199536 76230 1
1.75774388100505185584 1.59573510275934804525 = -0.00000008567485665386 @ 199742 76313 1
1.75774388317256868852 1.59573510275934804525 = -0.00000008571908529512 @ 199659 76281 1
0.16288472455329391919 3.78151031072616072848 = -0.00000009532860856460 @ 199826 76357 1
-3.39510958893019720861 -3.31730710172927434343 = -0.00000009619441539442 @ 198665 75880 1
-3.39510958892653791352 -3.31730710172927434343 = -0.00000009619462855050 @ 198376 75764 1
-3.39510958569138754370 -3.31730712928697535347 = -0.00000009633909510223 @ 199059 76038 1
0.16288487097649240187 3.78150869040301440549 = -0.00000010052346505579 @ 199747 76315 1
0.16288487097649240187 3.78150869040300952051 = -0.00000010052346505631 @ 196423 74966 1
0.16288487124119388483 3.78150869040300952051 = -0.00000010052911996902 @ 198002 75607 1
-3.39510945998421886927 -3.31730628078822098459 = -0.00000011032735468683 @ 195890 74750 1
0.16288554758810622203 3.78151031072616161666 = -0.00000011429781472881 @ 196806 75120 1
1.75774351552038843316 1.59573411539136089665 = -0.00000017627331269924 @ 198806 75936 1
0.16287559389817318767 3.78152391438342405650 = -0.00000024741757476765 @ 199404 76178 1
0.16287549229786765781 3.78152393743942782933 = -0.00000024837202701718 @ 198583 75847 1
4.14125034554316773239 2.47699982631329396199 = -0.00000154506053420691 @ 198690 75890 1
4.14125034554316773239 2.47699982628159354192 = -0.00000154506686400132 @ 198966 76001 1
4.14125034503578604017 2.47699981880796826772 = -0.00000154660267292579 @ 199717 76304 1
4.14125034503578159928 2.47699981874495511747 = -0.00000154661511636988 @ 198828 75946 1
4.14124719665979323935 2.47699997464717780460 = -0.00000194054054281644 @ 198597 75853 1
0.16278052881226204307 3.78150315686040894292 = -0.00001166298231302356 @ 199518 76223 1
0.16278052880550877846 3.78150315606379239242 = -0.00001166299756866528 @ 199583 76251 1
-3.39507285564833427571 -3.31730278511609633085 = -0.00001331849863816549 @ 198734 75907 1
0.16288574910966285847 3.78165424360116020353 = -0.00002657948647323815 @ 199192 76092 1
4.14124292040445762808 2.47707850220532144192 = -0.00003837201231874140 @ 197911 75572 1
4.14124292040445762808 2.47707850220532144192 = -0.00003837201231874140 @ 199947 76405 1
0.16273542253998996010 3.78165502845605994153 = -0.00005187753822922676 @ 194575 74209 1
0.16287678229681284980 3.78125210539746703375 = -0.00008453632164317704 @ 199576 76248 1
-1.48149274547773668331 3.67425980377053384984 = -0.00011228402442069103 @ 199053 76035 1
-3.39510960142443263265 -3.31712510088369638694 = -0.00027056848542033257 @ 199600 76257 1
0.16254185747382085547 3.78183645262115897268 = -0.00027731497358986267 @ 198283 75725 1
0.16343210401876440141 3.78151048686179658276 = -0.00039331563364247978 @ 195828 74723 1
-1.48194398037048213901 3.67401852169434128825 = -0.00044146613502017186 @ 199471 76204 1
-1.56154480248329452508 4.39984297789882905505 = -0.00055655835896474440 @ 198930 75987 1
0.16286858363278761130 3.78081721055009190025 = -0.00061071369086204903 @ 199764 76322 1
0.16286858363278761130 3.78081721048289942644 = -0.00061071380613213872 @ 198750 75913 1
1.75759139073082382154 1.59573818355616792175 = -0.00081000168883621840 @ 198075 75636 1
0.16276286673908599290 3.78234039782188480316 = -0.00089231261215271212 @ 199797 76336 1
0.16166858431601893731 3.78148203208377298168 = -0.00185108184068726294 @ 198556 75835 1
1.75772418482874748236 1.59606598602603266812 = -0.00194378005082958012 @ 199247 76114 1
4.14134570596322415525 2.47755508540846314247 = -0.00250361264940250714 @ 199410 76180 1
0.16489490022353983645 3.78151032682658483353 = -0.00519268107160281329 @ 197949 75587 1
-1.56154794614179914802 4.40073963449103189305 = -0.00911160510042624029 @ 199326 76147 1
-1.56154794613945790971 4.40073963449155147742 = -0.00911160511318115200 @ 199219 76103 1
-3.39389145231830635652 -3.31729876329681383496 = -0.01217187580661403465 @ 189145 72044 1
0.16287185403468898426 3.78468559428512474341 = -0.01278673982648417112 @ 199817 76353 1
0.16287182819136158951 3.78468559641809321192 = -0.01278674778403498385 @ 199083 76049 1
-0.49969501345444966578 -4.01259717381561564764 = -0.02019424458387957672 @ 199855 76369 1
-0.49969501345444766738 -4.01259717381561564764 = -0.02019424552407462006 @ 199000 76014 1
-0.49969501345441041940 -4.01259717381561475946 = -0.02019426109492250543 @ 199818 76353 1
-0.49969501345441041940 -4.01259717381561564764 = -0.02019426150615803370 @ 199739 76312 1
-1.48530369795558758739 3.67404292104133123331 = -0.02877302696870788837 @ 198520 75820 1
0.16979820180895924264 3.78014400928162386251 = -0.06388017714168417460 @ 198351 75754 1
-2.18498574430837910754 1.68705385629713533469 = -0.06741851209051834271 @ 197820 75533 1
-2.18498597434818186969 1.68705394263495556118 = -0.07032575119818755549 @ 198870 75963 1
-2.18498597434817343199 1.68705394263495556118 = -0.07032575533403304102 @ 199844 76364 1
-2.18498597434817254381 1.68705394263495556118 = -0.07032575588538182709 @ 199864 76372 1
-2.18498597434821162366 1.68705394266252950430 = -0.07034818451655611149 @ 199674 76287 1
-0.49969529817929081439 -4.01259079745123514726 = -0.14946527887717978023 @ 199644 76275 1
-0.49968933540268206661 -4.01259728854835806544 = -0.16362164227840250708 @ 198640 75870 1
-0.49973052114537669377 -4.01259698715453616558 = -0.53844857500994136590 @ 198259 75715 1
-2.18494554839793098111 1.68705533253670258986 = -0.57457783135615958514 @ 199324 76146 1
-0.49981986508195952457 -4.01259718871547566010 = -1.14526842937382489218 @ 199228 76107 1
-0.49969451786364788015 -4.01242356188021886965 = -1.21525836666867537161 @ 194805 74302 1
0.16271419326366082236 3.74498471989890235889 = -1.73967039472914386522 @ 198969 76002 1
0.16271419326366082236 3.74498471989887127265 = -1.73967039473887608025 @ 199586 76252 1
-2.18498503948765554483 1.68739262236628628777 = -1.84513705324058063795 @ 199313 76140 1
-0.50002979837750227698 -4.01259842455887216772 = -1.99889627188069951558 @ 198031 75619 1
-0.49947537172033790176 -4.01259085488666045194 = -2.00490405042816410841 @ 199554 76237 1
-2.18498573820234609499 1.68677165314188370893 = -2.15564813921481501779 @ 198482 75805 1
-0.49969576292837902809 -4.01209971425171119108 = -2.30054209205737603128 @ 199035 76028 1
-0.49973002091880963649 -4.01293020573312375632 = -2.50617086883823958487 @ 199510 76220 1
-2.18474653013713249194 1.68709089525340560911 = -2.69235039911444840044 @ 199806 76349 1
-0.49868097081848156149 -4.01259752681955106368 = -3.71711327590083273620 @ 199111 76060 1
-0.49969513598991199821 -4.01156238660291286635 = -3.89319502556506424895 @ 199080 76048 1
-2.18498382893944942396 1.68400562520670171729 = -7.26933998255410607214 @ 199241 76112 1
-2.18498382893944942396 1.68400562520670171729 = -7.26933998255410607214 @ 199918 76393 1
-2.18193650094139579565 1.68705184898265803106 = -7.32645621832941884577 @ 199354 76158 1
-2.18193650094164448561 1.68705184906337857242 = -7.32651298220735291977 @ 198699 75893 1
-2.18193650094164448561 1.68705184935638530241 = -7.32668936850446606002 @ 197805 75527 1
-0.50225416900717434476 -4.01259275453341945905 = -8.70573210282381637626 @ 197314 75324 1
-0.50225416900717434476 -4.01259275453341945905 = -8.70573210282381637626 @ 199977 76417 1
-0.49717597298524773830 -4.01259775290020126448 = -8.83194653090099812687 @ 198327 75744 1
-2.18823948993496886217 1.68701133166207939418 = -9.44452574917105813768 @ 199672 76286 1
-2.19414811155784406083 1.68705395421805137701 = -14.75087592956642978947 @ 199821 76355 1
-2.19414811155784406083 1.68705395421805182110 = -14.75087592956642978947 @ 199872 76375 1
-0.49968860669174985922 -4.02630831643501796435 = -16.78196563876037217256 @ 198824 75945 1
-2.18492730643692034675 1.70076949543151267896 = -17.14369088868165036388 @ 198646 75873 1
-2.18499276590013824517 1.67689211442199415103 = -17.82673158101887622706 @ 193051 73591 1
-2.21241795420908937686 1.68709224208041752568 = -29.70044497895597146453 @ 199094 76054 1
-2.15805756093650247252 1.68705461119465693898 = -31.15859859475040138932 @ 199417 76183 1
-2.15805755965032908250 1.68705461127037792401 = -31.15927436292853869304 @ 196404 74959 1
-2.15805755927247888692 1.68705461410911050635 = -31.15996586283768721160 @ 198738 75909 1
-2.15805749620339115680 1.68704766979960707474 = -31.26278052450803102147 @ 198961 75999 1
-2.18498403315382772050 1.64217667879192918967 = -47.19222650669302510096 @ 199532 76228 1
-2.18498403309759270385 1.64217667475437090197 = -47.19294177734221307219 @ 196722 75087 1
-2.18498388451404235155 1.64218037045861620093 = -47.25035459799902781697 @ 199447 76195 1
-2.18498388451432123958 1.64218037046001352763 = -47.25035560859221561714 @ 199436 76191 1
-1.87405615880335174595 4.84211726421799504294 = -57.96008272332532840210 @ 199539 76231 1
-1.87405615880310461030 4.84211726421564847556 = -57.96008276736449005284 @ 199829 76358 1
-1.87405615880310461030 4.84211726421564847556 = -57.96008276736449005284 @ 199995 76424 1
-1.87405616382747908233 4.84211726424748878372 = -57.96008566574543152683 @ 199923 76395 1
-1.87405616231121019410 4.84211726424748878372 = -57.96008568379708947305 @ 199824 76356 1
-1.87406034605630122947 4.84211732351936063878 = -57.96372255924801208948 @ 196702 75079 1
-0.49969710548768914160 -3.93029959907437342892 = -60.04122152461276584745 @ 199456 76199 1
-0.49969710548922230409 -3.93029959907437342892 = -60.04122268038064902385 @ 198306 75734 1
-2.18498984470197532559 1.60474500686018761719 = -60.28290972765172739400 @ 199777 76328 1
-2.18498984470196511154 1.60474500686018761719 = -60.28290973145585240900 @ 198504 75814 1
-2.26730723567955072539 1.68705324432913039701 = -60.29010563373174136359 @ 199452 76197 1
-2.26730690367324516643 1.68705324244372367737 = -60.30337855619822562403 @ 197690 75482 1
-2.26730803732535024508 1.68705345577330767526 = -60.31303522706570419132 @ 198737 75908 1
-4.39544267890289130918 -3.31300256558882511015 = -62.82882201149120504624 @ 199013 76020 1
-4.39544267890238948837 -3.31300256558882511015 = -62.82882201664568100341 @ 199287 76130 1
-4.39544267887141160145 -3.31300256562426209683 = -62.82882236077276161268 @ 199357 76159 1
-4.39544269169523715846 -3.31300256985016128297 = -62.82884307776775756338 @ 199841 76363 1
-4.39544288657541759591 -3.31302651624160349186 = -62.83148840230895615377 @ 196138 74850 1
-4.39546147384882779363 -3.31300416219151561137 = -62.83502155316596571311 @ 199234 76109 1
-4.39546147384882779363 -3.31300416219151561137 = -62.83502155316596571311 @ 199972 76415 1
-4.39544336685155379030 -3.31453357038342844021 = -62.87594468572730477263 @ 199495 76214 1
-0.93669918280693142965 4.40310339724934252104 = -65.43605819925157618400 @ 199689 76293 1
-0.93669918280687503032 4.40310339724934252104 = -65.43605820074476753234 @ 199634 76271 1
-0.93669919525184053288 4.40310339724934252104 = -65.43616293412743800673 @ 198997 76013 1
-0.93669949088316273311 4.40310345089617349856 = -65.43683832106466979894 @ 197022 75207 1
-0.93669833377252564866 4.40309772057938086931 = -65.44109210696812795049 @ 199423 76186 1
-0.93654220475155935954 4.40311144893610517670 = -65.48429589224302560524 @ 197984 75600 1
-0.93654220749441841054 4.40311144948333055282 = -65.48429778888703367556 @ 199225 76105 1
-0.93654220317170477905 4.40311144939383591890 = -65.48430555871645708521 @ 199655 76279 1
-1.85729037663146612225 3.94585672469297765730 = -67.76930223584631107769 @ 199490 76212 1
-1.85729034498148859456 3.94585672491235772696 = -67.76961885333673762943 @ 199394 76174 1
-1.85729034498148859456 3.94585672491233196979 = -67.76961885337308899580 @ 199310 76139 1
-1.85729034498784328910 3.94585672434287504373 = -67.76963271977561475978 @ 199565 76241 1
-1.85729034498784328910 3.94585171403775536447 = -67.77571274585002925051 @ 197844 75545 1
-2.18498420481878552479 4.40310259952976146280 = -69.99456401695910301441 @ 199697 76296 1
-2.18498420488815314755 4.40310259952063720590 = -69.99456486848929159805 @ 198998 76014 1
-2.18498462338372245739 4.40310260195328506683 = -69.99528527814675271657 @ 198871 75963 1
-2.06152709496263097932 1.68704889712464511931 = -71.76856567905045380940 @ 198681 75886 1
-2.06152709491109975559 1.68704889715105732506 = -71.76858458947856433952 @ 199022 76023 1
-2.06152709370532027933 1.68704889712464511931 = -71.76870894147383239670 @ 199369 76164 1
-0.62069005689596201680 4.84200496795561985408 = -82.99170763181702170641 @ 199597 76256 1
-0.62069005688761103023 4.84200496795906065728 = -82.99170780901197019830 @ 198882 75968 1
-0.62069005688761103023 4.84200496836098626119 = -82.99171043990240548283 @ 198818 75940 1
-0.30112517487395284999 4.40158040278702600290 = -84.29105231078133897427 @ 197429 75377 1
-0.30112517487395284999 4.40158040278793105671 = -84.29105231799090347522 @ 199100 76056 1
-0.30112518179240288507 4.40158041347545658795 = -84.29111093715546587646 @ 199585 76251 1
-0.30112512885150827247 4.40158041347561557188 = -84.29129848216504683478 @ 195824 74721 1
-0.30112517487515949588 4.40157748820725203132 = -84.29151874697976154494 @ 199366 76163 1
-0.61662592967316953718 3.95042827730622025939 = -96.08851038855362958202 @ 199804 76348 1
-0.61662592910241209587 3.95042820939213479292 = -96.08860072609911640029 @ 199883 76380 1
-0.61662592967316953718 3.95042820939213479292 = -96.08860526960283721110 @ 196834 75131 1
-0.61662577543558894089 3.95042832450490832841 = -96.08871770882221596821 @ 199720 76305 1
1.13463130376527665533 1.59103136658876898046 = -97.60752155981262490059 @ 199808 76349 1
1.13463130376527732146 1.59103136658877852838 = -97.60752155995520240594 @ 199367 76163 1
1.13463130376527732146 1.59103136658877852838 = -97.60752155995520240594 @ 199978 76417 1
1.13463132778994002514 1.59103311904431032886 = -97.60845501969482995719 @ 199833 76360 1
1.13463132778993869287 1.59103311904431610202 = -97.60845501977524918402 @ 198168 75679 1
1.13463106432368854293 1.59094467394839855778 = -97.65040331332095036032 @ 198249 75711 1
1.13414270875302891639 1.59103407563688059589 = -97.65499194700456087048 @ 198278 75723 1
1.13327876593784515613 1.59114427306825167996 = -97.73169212784753767664 @ 194263 74084 1
0.32530348398247382891 4.38938563884933596881 = -97.73258637147905858455 @ 199010 76018 1
0.32530348398247382891 4.38938563884847354757 = -97.73258638541261689170 @ 199789 76332 1
0.32530348398247382891 4.38938563884847265939 = -97.73258638541264531341 @ 199757 76319 1
0.32530791987320079039 4.38938636549980820689 = -97.73389407661818495399 @ 199522 76224 1
0.32530790625417993489 4.38938637336137382761 = -97.73390266313585073021 @ 198394 75771 1
0.32546748987329554570 4.39203869391563017643 = -97.80337465876040425883 @ 198305 75733 1
-2.50048487711974454228 4.85120582334715333417 = -103.69794698867018212241 @ 197986 75601 1
-2.50048487712164124730 4.85120582334715333417 = -103.69794702854369461420 @ 199232 76108 1
-2.50048485382434337865 4.85120549635637399177 = -103.69871409583149102218 @ 197646 75465 1
-2.50048459683284329813 4.85120714788907836379 = -103.70131459230857728926 @ 199785 76331 1
-2.50048459680543766481 4.85120712470766424218 = -103.70140524349852739761 @ 196160 74859 1
-4.39544274230272336013 -4.30980786988186093112 = -108.02369768834363128462 @ 198557 75835 1
-4.39544274226576980880 -4.30980786982181118816 = -108.02369803367962219909 @ 199207 76098 1
-4.39544274230272336013 -4.30980786982181118816 = -108.02369825048573659387 @ 198661 75878 1
-4.39544273917141303798 -4.30980772235033615658 = -108.02417715285088206656 @ 199429 76188 1
-4.39543037782272705272 -4.30980764085279854925 = -108.03246144638141856831 @ 197797 75524 1
-4.39545451818664201227 -4.31031591696801807956 = -108.08655069453376995625 @ 197514 75411 1
-4.39544888053751048318 -4.31438102256905064991 = -108.10182413344914209574 @ 197398 75365 1
4.17735832245446392363 3.45897191406077553211 = -108.29316545051510445319 @ 199457 76199 1
4.17735832245377824989 3.45897191406077553211 = -108.29316545052370202029 @ 198140 75668 1
4.17735832245037919108 3.45897191327296793517 = -108.29316545510600633406 @ 198446 75791 1
4.17735761764878965607 3.45897189450177178216 = -108.29316635254626532969 @ 199446 76195 1
4.17737800886272214740 3.45897219689241897100 = -108.29316986777755005278 @ 199652 76278 1
4.17734012525703679586 3.45919727555476974601 = -108.29357906754071905198 @ 199688 76292 1
-4.39546070152181744817 -2.32383012596082538792 = -110.64167228338079951300 @ 199807 76349 1
-4.39546070152172418943 -2.32383012596108429193 = -110.64167228362457251478 @ 199434 76190 1
-4.39546070152172418943 -2.32383012596108429193 = -110.64167228362457251478 @ 199976 76416 1
-4.39546070114944065210 -2.32383012596082183521 = -110.64167744603308563001 @ 197539 75421 1
-4.39546069843945286237 -2.32383011414170104203 = -110.64172983048310072718 @ 197683 75480 1
-4.39546006334926797621 -2.32388641292297082330 = -110.64761592824687852499 @ 197871 75556 1
-4.39546127566098832062 -2.32266449458519064208 = -110.67207648629296556919 @ 199092 76053 1
-4.39546127566098832062 -2.32266449458519064208 = -110.67207648629296556919 @ 199988 76421 1
-0.93669904666557757267 3.52515124993646944418 = -112.23235806141043724438 @ 198996 76013 1
-0.93669904667059333825 3.52515124993722839264 = -112.23235834543208966352 @ 199277 76126 1
-0.93669904667272818610 3.52515124993647699370 = -112.23235846699981266283 @ 199651 76278 1
-3.42150561773423156353 -4.30066130154338832625 = -115.05137086055073325497 @ 198025 75617 1
-3.42150561773423156353 -4.30066130154255965579 = -115.05137094043590195724 @ 199547 76234 1
-3.42150561773423156353 -4.30066130154240955363 = -115.05137095488477427807 @ 199396 76175 1
-3.42150561773423067535 -4.30066130154240955363 = -115.05137095490916010476 @ 199887 76381 1
-3.42150554427316855310 -4.30066120139816199242 = -115.05332990781700175376 @ 199248 76115 1
-3.42150645763404126498 -4.30069414300670960216 = -115.10841186632899280085 @ 199852 76367 1
-3.42133319341896724453 -4.30066130435617921535 = -115.17095868190153851174 @ 197653 75468 1
-3.40779299282918346492 -4.30066502526939764550 = -115.85126283067781116642 @ 195214 74473 1
2.07046474574423511328 1.16579202986441110568 = -116.58516256971473978865 @ 199529 76227 1
2.07046474583480133447 1.16579202982281393552 = -116.58516280031432188480 @ 197553 75426 1
2.07046474582796813380 1.16579203328194225264 = -116.58516509376870828874 @ 199213 76101 1
2.07046474602959351685 1.16579269486257697253 = -116.58530451366931401935 @ 197439 75381 1
2.07046490783544223646 1.16579138587326647247 = -116.58535565721493298952 @ 199622 76266 1
2.07040808040629276121 1.16579338147549882443 = -116.58689624142323282285 @ 198382 75766 1
2.07040808037963364185 1.16579338170048818490 = -116.58689630172439422040 @ 199087 76051 1
-2.18499066331665492413 3.53890565319254468690 = -120.87283903727629308378 @ 199617 76264 1
-2.18499066339600878095 3.53890565336349149916 = -120.87284117644855996332 @ 196633 75051 1
-2.18499066339600878095 3.53890564764789239405 = -120.87294774368454852720 @ 196316 74922 1
1.44251098239335617812 1.16121876664562595494 = -122.41576479487994788542 @ 199509 76219 1
1.44251098239335617812 1.16121876664562595494 = -122.41576479487994788542 @ 199985 76420 1
3.04592563100282109900 2.47978537396088283273 = -122.52262589948361437564 @ 198215 75698 1
3.04592563094819812619 2.47978537396088283273 = -122.52262590947674425479 @ 196392 74954 1
3.04592473079165371175 2.47961620478378375054 = -122.52263280259462874255 @ 197396 75364 1
3.04592473079165371175 2.47961620478792266198 = -122.52263280308643800254 @ 199380 76168 1
3.04592473079165371175 2.47961620478913769006 = -122.52263280322914340559 @ 199081 76048 1
3.04592558827514725550 2.47995445965761573959 = -122.52299109745634098090 @ 199382 76169 1
3.04592557275882347412 2.47995443229105116956 = -122.52299128768359537389 @ 198384 75767 1
-3.40778826720042804510 -2.32535708020966547238 = -122.89754562480257504831 @ 198725 75904 1
-3.40778826720014604845 -2.32535870012590528688 = -122.89835515123039044738 @ 199771 76325 1
-3.40778826720014604845 -2.32535870012590528688 = -122.89835515123039044738 @ 199942 76403 1
-3.40778826720013183760 -2.32535869999101718619 = -122.89835742451521127805 @ 199620 76265 1
-0.25278016870574421260 -4.01259777318818233738 = -125.44858898723508389139 @ 198949 75994 1
-0.25278016870575525932 -4.01259777318818233738 = -125.44858898812353231733 @ 199727 76308 1
-0.25278016001747921626 -4.01259777462529143577 = -125.44971418922162342824 @ 197719 75494 1
4.20366514251637468647 1.51742015711932709543 = -134.36534456703219575502 @ 197380 75357 1
4.20366514251637468647 1.51742015711932709543 = -134.36534456703219575502 @ 199971 76414 1
4.20366514251637468647 1.51742015710700162145 = -134.36534456713226859392 @ 199009 76018 1
4.20366514251637468647 1.51742015706804767028 = -134.36534456741881626840 @ 198436 75787 1
4.20366467660533604800 1.51744043897142955046 = -134.36534901649545759028 @ 199055 76036 1
4.20366601204369505496 1.51744049610937037365 = -134.36535100859919111826 @ 198054 75628 1
4.20365085852290842894 1.51739617983735031181 = -134.36536677615589496781 @ 198216 75698 1
-2.43189793413540256140 1.68707269707906348799 = -144.05437548864324526221 @ 199660 76281 1
-2.43189793413543808853 1.68707269707906348799 = -144.05437550108024424844 @ 199657 76280 1
-2.43189793413543808853 1.68707269707906348799 = -144.05437550108024424844 @ 199945 76404 1
1.13463015536765188251 0.69939964306363811009 = -144.20497600923465597589 @ 198046 75625 1
1.13463015304037040387 0.69939964306363811009 = -144.20499005759654664871 @ 199030 76026 1
1.13463015323247473631 0.69939964320304948142 = -144.20499065310900732584 @ 199465 76202 1
1.13463015338532691167 0.69939963795338599972 = -144.20500740502589565040 @ 198838 75950 1
1.13463014544022100516 0.69939964306363811009 = -144.20502408023327234332 @ 193754 73879 1
1.13463014450798538313 0.69943102942986046244 = -144.22801170356157740571 @ 197798 75525 1
-2.81597472745831023389 4.40309082075861812910 = -149.33963746613198964042 @ 198495 75811 1
-2.81597472812127769259 4.40309082076618718560 = -149.33967961515102729209 @ 198880 75967 1
-2.81597472812127769259 4.40309082076624758173 = -149.33967961835259075087 @ 199525 76226 1
1.13005911566749750463 2.47352649756094367106 = -150.40548142214055360455 @ 198352 75754 1
1.13005911568240380305 2.47352649756094367106 = -150.40548156995885165088 @ 198645 75872 1
1.13005907474610567398 2.47352984563840339050 = -150.40750581860731927009 @ 199337 76152 1
1.13005907533800220577 2.47352978910075460561 = -150.40771515176635375610 @ 199788 76332 1
1.13022206371925992840 2.47352504091916047813 = -150.43629024006060035390 @ 199483 76209 1
3.03475050292283077269 1.56224261693630772641 = -151.20800133485701621794 @ 199390 76172 1
3.03475050289847914087 1.56224261693637611614 = -151.20800134831998207119 @ 199428 76187 1
3.03475050289847914087 1.56224261693630772641 = -151.20800134832859384915 @ 192660 73436 1
3.03475050412915470233 1.56224272644354211792 = -151.20800637692451573457 @ 198993 76012 1
3.03474699748171250491 1.56224380445792609962 = -151.20802691984783905355 @ 199558 76239 1
3.03476165545215748054 1.56224219476816017504 = -151.20817210085587589674 @ 198546 75831 1
2.07345633570552800862 0.27568372218146580677 = -151.76618118643978050386 @ 199851 76367 1
2.07345633835063969386 0.27568372310726213525 = -151.76619221013137916998 @ 199723 76306 1
2.07345633835063969386 0.27568372310548772131 = -151.76619221137283943790 @ 199113 76061 1
2.07345653885165726038 0.27568372169233151814 = -151.76626059872813812035 @ 199890 76382 1
2.07345652828995063999 0.27568372159078263772 = -151.76626135977448939229 @ 199209 76099 1
2.07345652828854598582 0.27568372159078263772 = -151.76626136003179112777 @ 199758 76320 1
2.07351291937537585142 0.27517636358271951869 = -151.76718866931048523838 @ 196004 74795 1
-0.75020189597177810992 -4.01259723675816992738 = -154.24514349447974836949 @ 197446 75384 1
-0.75020189596133746157 -4.01259723675816992738 = -154.24515080980361858565 @ 199527 76226 1
-0.75020189596128983300 -4.01259723675816992738 = -154.24515084347021343092 @ 198945 75993 1
-0.75020189327607378349 -4.01259806036124011541 = -154.29858682356024246474 @ 198813 75938 1
0.64080445765373472700 4.84206056167382659083 = -154.85040279922046124739 @ 199183 76089 1
0.64080445764257154551 4.84206056167382747901 = -154.85040283261366766965 @ 199721 76305 1
0.64080447503549697874 4.84206056167382659083 = -154.85040303272396045031 @ 199849 76366 1
0.64080485888574711950 4.84206068849016624256 = -154.85057458897071569481 @ 199431 76189 1
-3.13148666272295317370 4.85577599949764948661 = -160.00262321435053536334 @ 198337 75748 1
-3.13148666272295317370 4.85577599949764948661 = -160.00262321435053536334 @ 199990 76422 1
-3.13148666263366104445 4.85577599949762550580 = -160.00262353999019637740 @ 199786 76331 1
-1.23847966691275601647 3.08622392659824784644 = -166.28746100567806820436 @ 198360 75757 1
-1.23847966713086243828 3.08622392649739341053 = -166.28747427806641212555 @ 198553 75833 1
-1.23840927186695815010 3.08622392201540574064 = -166.41315592449640803352 @ 199400 76176 1
1.11176894883720223106 3.37886657619752295290 = -177.30777788433499608800 @ 199593 76255 1
1.11176894883696131267 3.37886657619752295290 = -177.30777788692429908224 @ 199743 76314 1
1.11176894883695953631 3.37886657619752295290 = -177.30777788693620777849 @ 198644 75872 1
1.11176942248422094828 3.37886637399292499850 = -177.30790826757478839681 @ 198948 75994 1
1.11176896910825973031 3.37886637803845646388 = -177.30791277632732771963 @ 198923 75984 1
1.11176910105187909394 3.37879102566839195632 = -177.32547061474977567741 @ 198719 75901 1
1.43946454636318832421 0.26958500741798618883 = -181.57535596066975358553 @ 195853 74735 1
1.43946454772576437620 0.26958500741798618883 = -181.57537623706983254124 @ 196631 75051 1
1.43946448461255549489 0.26960574502577028255 = -181.57821425855732400123 @ 199265 76121 1
1.43946448462151410652 0.26960574502577028255 = -181.57821448344947157238 @ 197810 75530 1
2.07460628955901205117 -0.61525053080417391183 = -187.62128793020693251492 @ 197965 75593 1
2.07460628955901205117 -0.61525053096728932189 = -187.62129082156880599541 @ 198907 75978 1
2.07460632332296812663 -0.61525051180485257341 = -187.62136833470822239178 @ 199212 76100 1
2.07460577072700491641 -0.61525133163548395565 = -187.62225138737062479777 @ 198728 75905 1
2.07461088802079141047 -0.61524892106478601406 = -187.62419111171905683477 @ 198917 75982 1
2.07461088804292836940 -0.61524892103757700124 = -187.62419235638981263037 @ 198346 75752 1
2.07459897053292241509 -0.61982160009557707436 = -187.63364562808914115521 @ 199760 76321 1
2.07459897054744057954 -0.61982160009557707436 = -187.63364564124438516046 @ 199041 76031 1
5.00000000000000000000 2.47781590887825942104 = -197.46967184853590993043 @ 198487 75807 1
5.00000000000000000000 2.47781590887825942104 = -197.46967184853590993043 @ 199898 76386 1
5.00000000000000000000 2.47781590574392085458 = -197.46967185030428026948 @ 198521 75821 1
5.00000000000000000000 2.47781590574392085458 = -197.46967185030428026948 @ 199783 76330 1
5.00000000000000000000 2.47782216461669024810 = -197.46967221865403985248 @ 193295 73694 1
3.05930430166264066827 3.42205156811868826949 = -197.64555662884751541242 @ 197526 75415 1
3.05930430170642209120 3.42205156792858389281 = -197.64555668535413701647 @ 197929 75579 1
3.05930430170642209120 3.42205156792322151560 = -197.64555668710471536542 @ 199263 76120 1
3.05930427404981220008 3.42204954633858760005 = -197.64558356465011002001 @ 198717 75900 1
3.05915355146719569746 3.42204950060752777219 = -197.64561735962419675161 @ 198453 75794 1
0.81913078842940312274 1.15207469167381626463 = -208.39434570236358013062 @ 199873 76376 1
0.81913078842940312274 1.15207469167381537645 = -208.39434570238674382381 @ 199067 76041 1
0.81913077318251414916 1.15207469168971976536 = -208.39457906771860962181 @ 198677 75885 1
0.81913077318251414916 1.15207469167381537645 = -208.39457972116591122358 @ 197142 75256 1
1.13310688627391420447 -0.17851551278975855142 = -212.65219480972109522554 @ 199754 76318 1
1.13310688627391420447 -0.17851551278975855142 = -212.65219480972109522554 @ 199929 76398 1
1.13310688476932464042 -0.17851551278975855142 = -212.65219830742270801238 @ 195800 74712 1
1.13310688348643395784 -0.17851551278975855142 = -212.65223988125123355530 @ 196889 75155 1
1.13463129985139143940 -0.17851340698155718223 = -212.67596347537460133026 @ 196135 74849 1
-2.18498638965821490032 2.75670116870742676340 = -216.56912365748956972311 @ 199994 76423 1
-2.18498638965821490032 2.75670116870739079218 = -216.56912366430657357341 @ 199645 76275 1
-2.18498638965188618499 2.75670116870291526112 = -216.56912599344704517534 @ 198971 76003 1
0.03408286349429912737 4.99998442582461244399 = -222.97466583120211680580 @ 197468 75392 1
0.03408286411638736940 4.99998442829664213605 = -222.97466677307954796561 @ 199712 76302 1
0.03408286411634105922 4.99998442829683309441 = -222.97466677552981195731 @ 198019 75614 1
0.03408285181771393557 4.99999793354042232352 = -222.98977505785563835161 @ 198099 75652 1
0.03408285727354131572 4.99999793811989423631 = -222.98978496871524157541 @ 196677 75069 1
0.50363017970656831501 1.59139098297050840536 = -225.56167919647981534581 @ 199347 76155 1
0.50363017968374002020 1.59139098294786163201 = -225.56168148311567733799 @ 198468 75800 1
0.50363017528121889477 1.59139098327500683183 = -225.56184628348589171765 @ 197717 75493 1
0.50363017545813648645 1.59139098876408180416 = -225.56207343208347992913 @ 198298 75731 1
0.50363011081828978899 1.59149190756774161493 = -225.57648483270665451528 @ 199704 76299 1
-3.42130570663069244475 4.40203005653074086467 = -228.85865386459443016065 @ 199619 76265 1
-3.42130570663091848616 4.40203005653074086467 = -228.85865386762367279516 @ 199492 76213 1
2.33265967369023430322 2.47028500458883737423 = -230.31845587277746290056 @ 199762 76321 1
2.33265967369023430322 2.47028500458884403557 = -230.31845587278081666227 @ 199168 76083 1
2.33265967368238547053 2.47028500458907318560 = -230.31845587612153281043 @ 199389 76172 1
2.33265967167314647313 2.47028508387346423802 = -230.31845989952228137554 @ 199693 76294 1
0.81913089759673218815 0.27416496635205839238 = -232.60470865815986485359 @ 197888 75563 1
0.81913089759673218815 0.27416496635241255353 = -232.60470866754835128631 @ 199572 76246 1
0.81913089747978751198 0.27416496635205839238 = -232.60471622497408361596 @ 198512 75817 1
0.81913089747978751198 0.27416496635205839238 = -232.60471622497408361596 @ 199966 76412 1
0.81913090060048876495 0.27415488863968756617 = -232.60581708710014936514 @ 199832 76359 1
4.15229495758431621510 4.45755903604712599986 = -233.51330329366660976120 @ 199478 76207 1
4.15229495758431621510 4.45755903604712599986 = -233.51330329366660976120 @ 199917 76393 1
4.15229495747642829429 4.45755903605213177343 = -233.51330329457292123152 @ 199792 76334 1
4.15229495758505073866 4.45755911244189206855 = -233.51330337542810866580 @ 199790 76333 1
4.15220683315829397486 4.45780360333243752535 = -233.51363225331263606677 @ 199828 76358 1
4.15220683313096117217 4.45780360333247216431 = -233.51363225343743579288 @ 199513 76221 1
5.00000000000000000000 3.46765271393599316951 = -238.19802122986590120490 @ 198695 75892 1
5.00000000000000000000 3.46765271393599316951 = -238.19802122986590120490 @ 199387 76171 1
5.00000000000000000000 3.46765271393599316951 = -238.19802122986590120490 @ 199928 76397 1
5.00000000000000000000 3.46765272214002973072 = -238.19802124955540989504 @ 190697 72639 1
5.00000000000000000000 3.45920769083182033654 = -238.73121536152919475171 @ 199685 76291 1
1.44360485190663578869 -0.62136353812748257308 = -240.62794770352806494884 @ 199288 76130 1
1.44360485190663578869 -0.62136353812689870679 = -240.62794770428149604413 @ 198517 75819 1
1.44360485178701880571 -0.62136353812689870679 = -240.62794810797021227700 @ 199487 76211 1
1.44360485205783040108 -0.62136353813802225332 = -240.62794836321663183298 @ 198987 76009 1
-3.75334288211612721042 4.85577806350855123441 = -242.92900559143129157746 @ 199051 76035 1
-3.75334288211612721042 4.85577806350846241656 = -242.92900559424060702440 @ 199007 76017 1
-3.75334288211676581071 4.85577806333613271050 = -242.92901244563984164415 @ 198798 75932 1
-3.75334289169724222290 4.85577808983382386288 = -242.92926924669944810375 @ 194368 74126 1
-3.75334306750431467847 4.85577806952579749122 = -242.92990259927654506100 @ 199308 76138 1
-0.49969507336734392267 -3.27185477107313626988 = -245.11353738611114749801 @ 198707 75897 1
-0.49969507336734392267 -3.27185477107313626988 = -245.11353738611114749801 @ 199982 76419 1
-0.49969499185571208955 -3.27185479297947878763 = -245.11839714793947564431 @ 199318 76142 1
-0.49969499194470673453 -3.27185479297907777507 = -245.11844047184391115479 @ 199836 76361 1
-0.49969514190497205108 -3.27185472840370961123 = -245.11865714065370980279 @ 195455 74570 1
-0.49969499185071136749 -3.27185022626275090474 = -245.18133248252533462619 @ 199317 76141 1
-0.49969433925362094495 -3.27078381167931286910 = -248.89057365105830399443 @ 199399 76176 1
-2.43385216691897632302 -3.31302724368085632634 = -253.23780324507947625534 @ 199630 76269 1
-2.43385216691918593312 -3.31302724394160552635 = -253.23782445312818367711 @ 197788 75521 1
-2.43385216691772532371 -3.31302723483136718485 = -253.23840479392279689819 @ 197383 75359 1
-2.43385232290022113233 -3.31302736682539622493 = -253.24185420487867759221 @ 198893 75972 1
-2.43381172290492031607 -3.31300861594262130438 = -253.29292573805545885079 @ 199633 76270 1
-2.43364614094336051409 -3.31300861594773055074 = -253.65785901956564885040 @ 195647 74652 1
-0.49969522177110159422 -3.26749688882330868722 = -254.04358564885086479990 @ 198904 75976 1
-1.44565555531253897570 1.68716669279716735552 = -254.23532588323612912973 @ 199639 76273 1
-1.44565555459815087147 1.68716669279716735552 = -254.23567582145039978059 @ 198990 76010 1
-1.44565576727176958727 1.68716669613351322177 = -254.25206723813221287855 @ 199879 76378 1
3.02667392846393079608 0.66688407443025432553 = -254.25836346550167377245 @ 199823 76355 1
3.02667392846393079608 0.66688407443025432553 = -254.25836346550167377245 @ 199940 76402 1
3.02667392846393079608 0.66688407443025332633 = -254.25836346550173061587 @ 199857 76369 1
3.02667392846393079608 0.66688407443000297103 = -254.25836346553552402838 @ 199526 76226 1
3.02667182906389076180 0.66688421387475538271 = -254.25840310988596115749 @ 193576 73807 1
3.02667392794374690013 0.66688300934645616813 = -254.25841845274982233605 @ 199176 76086 1
-0.49056258997182738968 -3.27187447842455148006 = -257.26195645724448013425 @ 199222 76104 1
-2.92572511821517489139 1.68705413907957124664 = -258.87904409934833438456 @ 197471 75394 1
-2.92572515446698622199 1.68705812853058145784 = -258.95596742162774717144 @ 198977 76005 1
-2.92572515446698622199 1.68705812852189351858 = -258.95596851429047546844 @ 198784 75927 1
-2.18498443193032088061 0.94631949030432738201 = -262.73767397906999576662 @ 196567 75023 1
-2.18498448056284733099 0.94631947575552677332 = -262.74073410277463835882 @ 199351 76157 1
-2.18498444781625744682 0.94631948998661941097 = -262.74128646521012342419 @ 199592 76254 1
-2.18498447615197743943 0.94631901615585278797 = -262.75498593770777233658 @ 199599 76257 1
-2.18498443242657591767 0.94629437267187510585 = -262.84157976172258486258 @ 199839 76362 1
-2.18498443290107680070 0.94629437267187510585 = -262.84183876398662960128 @ 199061 76038 1
0.24104149543232594732 -4.01259704937448091755 = -265.15400293363671835323 @ 199701 76297 1
-2.92574463335451762092 1.69017403567184265611 = -265.16126264012780211488 @ 196855 75141 1
0.24104173954336652330 -4.01259704937447736484 = -265.17247313798429786402 @ 198631 75867 1
0.24104173954336652330 -4.01259704933456617937 = -265.17251040572392639660 @ 199048 76033 1
0.61141467828947837493 -4.01259704160220831426 = -265.88876330913365109154 @ 199296 76133 1
0.61141467832254314807 -4.01259704163998165427 = -265.88878902539050841369 @ 197603 75448 1
0.61141467832254314807 -4.01259704160220831426 = -265.88879235594532701725 @ 198881 75967 1
0.61141468612776739278 -4.01259700138821351345 = -265.89378320304513181327 @ 196259 74899 1
0.61141446829137735541 -4.01259703222554175994 = -265.89881006066360669138 @ 194775 74290 1
0.61143278006663215329 -4.01259826990995005502 = -266.16551577702460917862 @ 196908 75162 1
-2.18498854370610606779 0.94326065766451838712 = -268.66410904665372072486 @ 197595 75445 1
5.00000000000000000000 1.44527448845189443460 = -274.43885616956600870253 @ 199979 76417 1
5.00000000000000000000 1.44527448844866257538 = -274.43885617204631444110 @ 198693 75891 1
5.00000000000000000000 1.44527448844009231976 = -274.43885617862332537698 @ 198535 75826 1
-1.27283746488522653273 4.99999481886677710207 = -274.97612081323273969247 @ 199722 76306 1
-1.27283746488522653273 4.99999481886677710207 = -274.97612081323273969247 @ 199838 76362 1
-1.27284837937566708277 4.99999481873601858695 = -274.97636594587703484649 @ 197867 75554 1
-4.40720657193949261199 -1.33077264891537749847 = -276.90283361370620696107 @ 198107 75655 1
-4.40720657316596042818 -1.33076608589133127403 = -276.91086078035561968136 @ 199425 76186 1
-4.40720657303696405904 -1.33076608589102618474 = -276.91086506346897522235 @ 199625 76267 1
-4.40720657251564684742 -1.33076608589099487645 = -276.91089815541624830075 @ 196959 75182 1
-4.40720657132840809567 -1.33076608589106371028 = -276.91095126699951833871 @ 199548 76235 1
-4.40568092854443982276 -1.33077895620084452055 = -277.03482705175952105492 @ 190544 72572 1
-4.40365087634113905324 -1.33077895620081299022 = -277.20923294531434066812 @ 199787 76332 1
-4.40365087634113905324 -1.33077895620081299022 = -277.20923294531434066812 @ 199980 76418 1
-0.49967810960939140763 -3.23021533559368201338 = -280.35411941938212976311 @ 199320 76143 1
-0.49967810960939190723 -3.23021533559368201338 = -280.35411941938230029336 @ 199859 76370 1
-0.49967810962310826861 -3.23021533559481310860 = -280.35412141475990210893 @ 198089 75648 1
-2.81597743481088214068 3.45919728432391471173 = -281.51361540104988989697 @ 197161 75263 1
-2.81597743481088214068 3.45919728781376312199 = -281.51366677813354044702 @ 196346 74936 1
-2.81597743427807500893 3.45919728781417079588 = -281.51370265006562476628 @ 199238 76111 1
-2.18497880103128006013 0.86400981928232967189 = -301.74841345088276511888 @ 198906 75977 1
-2.18497880103128006013 0.86400981928235220941 = -301.74841346032019373524 @ 199751 76317 1
-2.43385129802155786294 -4.30066431525124492907 = -302.42700077823900528529 @ 198732 75906 1
-2.43385129802155875112 -4.30066431525124492907 = -302.42700077852407503087 @ 199848 76366 1
-2.43385129800284261137 -4.30066423830050403865 = -302.42990196205056463441 @ 198626 75864 1
-2.43384517156545188143 -4.30066151740391511282 = -302.47001781081866056411 @ 197707 75489 1
-2.43384517333893679591 -4.30066148632045486266 = -302.47204361847320797096 @ 199708 76300 1
-3.40583483108720086463 -1.35819496683570029028 = -302.60344808870138422208 @ 199258 76118 1
-3.40583483108720086463 -1.35819496853032695149 = -302.60361631445545071983 @ 199767 76324 1
-3.40583490846874337166 -1.35819471798862756451 = -302.60376970798358797765 @ 198939 75990 1
-2.43396944569751561005 -4.30066539807157699471 = -302.83500073311682854182 @ 199566 76242 1
-2.43370089959279312097 -4.30066423830050403865 = -302.85166366383509739535 @ 196540 75012 1
4.21023308284129793577 0.57950118621746493641 = -321.17612196714134142894 @ 199187 76090 1
4.21023308284104391674 0.57950118621746493641 = -321.17612196715191430485 @ 198879 75966 1
2.08265777637090510055 4.60886628089394356778 = -321.18990854403256207661 @ 199551 76236 1
2.08265777636311799625 4.60886628082978422327 = -321.18990862932059826562 @ 199181 76088 1
2.08265777636161519837 4.60886628996681579906 = -321.18990940784567555966 @ 199812 76351 1
2.08265752477636212348 4.60886587182035167842 = -321.18994675079864009604 @ 198748 75913 1
2.07310747031809983199 3.78132703419084359453 = -329.13784962868220418386 @ 199734 76310 1
2.07310747031809983199 3.78132703419016769075 = -329.13784962884858487087 @ 199273 76124 1
-0.50257285036104104581 -5.00000000000000000000 = -334.00392517327236419078 @ 196651 75058 1
-0.50286836113272526116 -4.99999999994133226267 = -334.14663035197452245484 @ 199160 76080 1
-0.50286836113272526116 -4.99999999998611333041 = -334.14665948374590698222 @ 199250 76115 1
-0.50286836113285504624 -4.99999999998679811597 = -334.14665985726401231659 @ 199515 76222 1
-0.50286836103670484732 -5.00000000000000000000 = -334.14673056049986143989 @ 197472 75394 1
-0.50308519918546756866 -5.00000000000000000000 = -334.72822417259760641173 @ 198790 75929 1
-2.43385212371479031646 -2.29791943490364447555 = -337.10338267869843775770 @ 199690 76293 1
-2.43385212371996972891 -2.29791943490365158098 = -337.10338278585709304025 @ 199810 76350 1
-2.43385212378955095858 -2.29791943490363825831 = -337.10338505676060094629 @ 195778 74703 1
-2.43385215443937763524 -2.29791925483894132753 = -337.10756377455606980220 @ 198659 75878 1
-2.43333983176066270815 -2.29791934689301724504 = -337.52652601464404824583 @ 199837 76361 1
-1.36389262466520699846 -4.25951056975510677916 = -347.41875128593625277063 @ 196888 75154 1
-1.36389262466768856896 -4.25951056975510677916 = -347.41875203643826353073 @ 199115 76062 1
-1.36389262809719546965 -4.25951056976056374737 = -347.41978437247939837107 @ 199706 76299 1
-0.49969506526892798481 -3.02490376793715221027 = -353.86604078291452424310 @ 198995 76012 1
-0.49969509504890841090 -3.02490376791813275759 = -353.87174900390630227776 @ 199638 76272 1
3.14329897361597909722 4.48618361300095802591 = -365.01616468049195418644 @ 199408 76180 1
3.14329897360915211380 4.48618361300429935312 = -365.01616468214666610947 @ 198673 75883 1
2.83363825533020063929 -4.01259714045918869374 = -381.30315041821427257673 @ 199006 76017 1
2.83363825532891677739 -4.01259714045918869374 = -381.30315114507260432219 @ 199514 76221 1
2.83363852578550012851 -4.01259723701972870202 = -381.32698452264997968086 @ 199538 76231 1
2.83363959741702453599 -4.01259722864089596328 = -381.37300427948986225601 @ 199537 76230 1
2.83367635784300064827 -4.01259641265326916226 = -381.80958510880242329222 @ 199735 76311 1
2.83367635784309968017 -4.01259641265326916226 = -381.80958512188601616799 @ 198049 75626 1
2.83358593019849624994 -4.01259641127597532773 = -381.89153712838844967337 @ 198187 75687 1
2.83397653115329273277 -4.01259295380999603253 = -383.28986217686815507477 @ 198466 75799 1
2.83397653115329672957 -4.01259295380999603253 = -383.28986217922096102484 @ 199773 76326 1
2.83299757848953603911 -4.01259336262950316865 = -385.03197354895684156872 @ 194508 74183 1
2.83363689603607715739 -4.01410824740286820145 = -385.61870724513164532254 @ 197557 75428 1
-1.36389452837795777107 -3.27185634042676021238 = -395.33367855044355110294 @ 196408 74960 1
2.81993774506921646150 -4.01259778206723272120 = -395.84958638665949592905 @ 199210 76100 1
2.81993774506921646150 -4.01259778206826211999 = -395.84958693881259250702 @ 199955 76408 1
2.84735559536233662214 -4.01260121252554480265 = -399.86160251678296617683 @ 196436 74972 1
1.72252508290640293787 -4.01259711897107074208 = -401.35461317090289412590 @ 199001 76015 1
1.72252508454131669779 -4.01259711904624172263 = -401.35509059437003998028 @ 197649 75466 1
1.72252508551658944924 -4.01259711904624172263 = -401.35509965746024363398 @ 199467 76203 1
1.72252623053118636420 -4.01270874307991043395 = -402.30299550231080729645 @ 199331 76149 1
2.83361920099655817396 -4.05374914073308367790 = -413.57156787257946461978 @ 199578 76249 1
2.83361920099652486726 -4.05374914073308367790 = -413.57156789851086386989 @ 199545 76234 1
1.76367900453291071017 -4.01259863385360748822 = -431.60709835997681693698 @ 199654 76279 1
1.76367900453291071017 -4.01259863385377801848 = -431.60709843570424482095 @ 199533 76229 1
2.46326795928974862093 -4.01259709543000564480 = -450.41641457440454132666 @ 198430 75785 1
2.46326813099920638450 -4.01259708347677701568 = -450.42105616423998526443 @ 198994 76012 1
2.46326813102214181583 -4.01259708347677701568 = -450.42107351501169887342 @ 198903 75976 1
2.46327422016944685979 -4.01259641947239842352 = -450.57536088673970198215 @ 198559 75836 1
2.46327422016214292455 -4.01259642772181379655 = -450.57721620443652454924 @ 195752 74693 1
