0.08985051614914432716 -0.71271476303049430268 = 1.03162842581079328141 @ 49713 13241 1
0.08973721071660721582 -0.71264461245213472917 = 1.03162841076559619324 @ 49675 13230 1
-0.08963988498675115602 0.71259087870563575517 = 1.03162827229053655209 @ 49250 13110 1
-0.08963988309249987241 0.71259085723943604851 = 1.03162827226897646504 @ 47288 12558 1
-0.09009741763061528130 0.71258709579694334835 = 1.03162814215555331820 @ 49875 13287 1
0.09026510158056531841 -0.71263778624986007237 = 1.03162774496334330721 @ 48827 12992 1
-0.08918011915669230016 0.71256952370781956319 = 1.03162674097268536322 @ 48925 13019 1
-0.08917639452396150523 0.71256965707814345912 = 1.03162672211668726696 @ 49160 13085 1
0.08979686924197029241 -0.71326911038488505223 = 1.03162534098879254962 @ 49180 13091 1
-0.08946782602364583559 0.71184237309660058912 = 1.03162279186585670310 @ 43677 11558 1
0.08880417115258951166 -0.71323204601200307362 = 1.03162094020271211114 @ 49651 13223 1
0.08880417073328943089 -0.71323205046483795222 = 1.03162094015242322698 @ 49949 13308 1
-0.09170617078743051320 0.71320997913696115855 = 1.03161343082513545788 @ 47405 12591 1
-0.09170617078743051320 0.71321081292726995482 = 1.03161342480537676636 @ 48179 12809 1
-0.09170506793289276426 0.71321604221865653184 = 1.03161340219065178481 @ 47674 12666 1
0.09188111858241614083 -0.71281517532466953657 = 1.03161236686753920999 @ 49245 13109 1
0.09188111937227563808 -0.71281517532466953657 = 1.03161236685511381594 @ 49164 13086 1
0.09191550886298786860 -0.71275473115147247594 = 1.03161182322580069481 @ 49678 13231 1
-0.08745408258328449258 0.71279087621714865008 = 1.03160574334275279007 @ 47202 12534 1
0.08771473427061814154 -0.71146765058403804716 = 1.03160177948525855207 @ 48829 12992 1
0.08771473427061814154 -0.71146765055125238408 = 1.03160177948469145015 @ 49729 13245 1
0.08770450888562303371 -0.71146712848489557235 = 1.03160161249557935648 @ 47957 12746 1
0.08769329124535435449 -0.71146672870757310392 = 1.03160143136048776391 @ 47495 12616 1
0.09392548375953350959 -0.71290432346288268306 = 1.03156400547355664443 @ 46957 12466 1
-0.08539886354161958792 0.71238490767192308439 = 1.03155202644239740728 @ 41620 10991 1
-0.09312852834254474466 0.71069296115886693155 = 1.03154843413918118067 @ 46743 12408 1
-0.09312852834254474466 0.71069296115886693155 = 1.03154843413918118067 @ 49997 13321 1
-0.08886695570994666837 0.70932426297837958273 = 1.03153749176691245104 @ 49467 13172 1
-0.08886695535061138462 0.70932426297837958273 = 1.03153749176537701260 @ 49041 13052 1
0.08496450379653176788 -0.71262660739818228794 = 1.03153575706883859908 @ 49039 13051 1
0.08496450379653176788 -0.71262662207018745431 = 1.03153575700443345120 @ 48158 12803 1
0.09086821787618269697 -0.71602551620176269065 = 1.03153441565662351564 @ 49935 13304 1
0.09086822202991307051 -0.71602685518076492066 = 1.03153434259097687153 @ 49781 13260 1
-0.09538454817214567227 0.71297715249232151979 = 1.03150975346365614271 @ 49132 13077 1
-0.09538454835990249625 0.71297715249232151979 = 1.03150975345561546348 @ 48106 12788 1
0.09725483396606515729 -0.71322401022444315011 = 1.03141610324044030733 @ 49051 13055 1
0.09725642264833313233 -0.71322401022444315011 = 1.03141601250889891617 @ 47739 12684 1
0.09725653578948376121 -0.71322082114602780578 = 1.03141601199960186719 @ 49447 13166 1
0.08503839035952338865 -0.70783976480015309285 = 1.03137283374649313394 @ 48913 13016 1
0.08503838249367905167 -0.70783976480015309285 = 1.03137283348936326099 @ 49696 13236 1
0.09671666708511904298 -0.71686091892963221817 = 1.03132773867107507826 @ 49926 13301 1
0.09671666708511904298 -0.71686091892967607198 = 1.03132773867107219168 @ 49877 13287 1
-0.09577601808425439955 0.70825006585963712347 = 1.03130716156433410724 @ 49478 13175 1
-0.09577601808425439955 0.70825006578005433866 = 1.03130716155817125923 @ 49299 13124 1
0.08035775939118358635 -0.71256315381540136222 = 1.03127795829599655519 @ 48205 12816 1
0.08034910094982933293 -0.71256315364455857786 = 1.03127731681883938464 @ 49537 13191 1
-0.08341164637914157132 0.70705111678188792279 = 1.03124780404196436656 @ 48272 12835 1
-0.08341161517309289564 0.70705111678188792279 = 1.03124780264940008045 @ 49878 13288 1
-0.08341058039860294038 0.70705111678188792279 = 1.03124775646845767696 @ 49676 13231 1
-0.08342866657848975465 0.70703848916891798293 = 1.03124749640436941256 @ 46767 12414 1
0.08747346652058236860 -0.71915122783586316046 = 1.03124261917550996692 @ 48607 12929 1
0.10139867085017825743 -0.71336901089135218434 = 1.03111303435841450415 @ 48709 12958 1
0.10139787841918417033 -0.71323324696126944033 = 1.03111297161000736722 @ 48642 12939 1
-0.07669725801045734759 0.71256947384812929780 = 1.03095427070215306387 @ 48677 12949 1
-0.07669725801045734759 0.71256947392244951445 = 1.03095427070128176084 @ 49731 13246 1
-0.07669725801045734759 0.71256952208679547045 = 1.03095427013671536720 @ 47707 12675 1
-0.07669722265406753170 0.71256940821141623310 = 1.03095426783767485368 @ 49712 13241 1
0.10139817875222145727 -0.70869550324896235516 = 1.03093546403716662674 @ 47931 12739 1
0.07654866924654923910 -0.70858929810990234355 = 1.03085719170392886568 @ 48465 12889 1
-0.10018495330190550774 0.71991015256503265718 = 1.03085202306167089681 @ 46193 12253 1
0.07655637811080273636 -0.70752873294271945159 = 1.03079296357871008638 @ 49285 13120 1
0.07532012536962719162 -0.71027332676977461556 = 1.03079234134412822677 @ 48965 13031 1
0.07532012536962719162 -0.71027332659368180856 = 1.03079234133984654065 @ 47669 12665 1
0.09496358169081411948 -0.70326439993544631601 = 1.03076524840466965394 @ 48711 12959 1
0.09496358169081411948 -0.70326436900353606063 = 1.03076524358109411494 @ 48901 13013 1
0.09496359508979494712 -0.70326403121613867420 = 1.03076519024484247744 @ 49886 13290 1
0.09202064650889953124 -0.72296519922681912185 = 1.03074961274752352480 @ 46102 12228 1
-0.07689454887673768946 0.70648424590529246281 = 1.03074395203589874725 @ 48851 12998 1
-0.09047410376794084996 0.72302687609585380990 = 1.03073997678331941152 @ 48208 12817 1
-0.09047410073551168108 0.72302687609585380990 = 1.03073997676681439195 @ 49044 13053 1
-0.10430817154279471703 0.70965202264275584199 = 1.03069787936939283313 @ 44598 11814 1
0.09191550886298786860 -0.70126849315858652556 = 1.03054285888252095127 @ 46641 12379 1
-0.10779666126379805480 0.71321023688200391177 = 1.03038364040507635089 @ 48423 12877 1
-0.10779542272410948256 0.71538963578683312239 = 1.03036404336566045359 @ 49018 13045 1
-0.10779542272268971548 0.71538964353859435530 = 1.03036404315602991844 @ 49815 13270 1
-0.08403150903666900540 0.70021818044055583741 = 1.03032387159465188553 @ 44191 11700 1
-0.08403150903666900540 0.70021803038180985279 = 1.03032384268659749083 @ 49757 13253 1
-0.08403285191509753116 0.70021399750274226914 = 1.03032310986641895134 @ 48981 13035 1
0.07129597486550282026 -0.71270731717394164573 = 1.03028199560749134100 @ 47981 12753 1
0.07129597477693194740 -0.71270731711665757935 = 1.03028199559572519739 @ 49684 13233 1
0.07129566786158894609 -0.71270730984486085902 = 1.03028195111691811547 @ 49374 13145 1
0.07122701711678829095 -0.71315038221246540573 = 1.03026172574451746478 @ 49042 13052 1
-0.10631171519196824793 0.70581788890625574151 = 1.03008249276750252221 @ 46325 12290 1
0.08139465004397235248 -0.69911639979815554113 = 1.02999104022670895375 @ 48694 12954 1
0.08139465002406812144 -0.69911639979815554113 = 1.02999104022566445593 @ 49515 13185 1
0.08139463542859871892 -0.69911640208111591743 = 1.02999103993242768773 @ 49807 13268 1
0.11062204808664799494 -0.71368832718033681228 = 1.02996481155218311265 @ 49064 13058 1
0.11062204817687962266 -0.71368832197476772539 = 1.02996481151774754714 @ 49201 13097 1
0.11062204864427449547 -0.71368832646930047137 = 1.02996481146025842257 @ 47872 12722 1
-0.06901311990033356936 0.71196509316450096172 = 1.02994116546791780742 @ 49735 13247 1
-0.06901311989872149777 0.71196509316450096172 = 1.02994116546765557274 @ 49818 13271 1
-0.06894324876213406283 0.71196509316450096172 = 1.02992978392378886632 @ 49200 13096 1
0.10046206012068308044 -0.72640616396381385567 = 1.02975771180734865240 @ 48422 12877 1
0.11193673919155938679 -0.71367679645790027543 = 1.02974781975301987735 @ 49149 13082 1
0.07014662470350720158 -0.71929461417848938876 = 1.02961578157964983582 @ 46788 12420 1
0.07014662470350720158 -0.71929461466910782352 = 1.02961578151590416041 @ 49165 13086 1
-0.09585787041797505514 0.69674477812471069527 = 1.02936416803552011068 @ 48619 12933 1
-0.09585787041815599374 0.69674477812471069527 = 1.02936416803550856436 @ 49851 13280 1
-0.11453207051535459204 0.71482744332009473531 = 1.02927879381223519317 @ 49925 13301 1
0.06478896882990130279 -0.70954053036738451432 = 1.02916938627152365626 @ 49843 13278 1
0.10248012085375458879 -0.72850716708404505972 = 1.02910450132884445651 @ 49918 13299 1
0.10243728350673679539 -0.72852213521532971363 = 1.02910419156149135489 @ 45290 12004 1
-0.10216738682497368551 0.72978596600817680073 = 1.02878825753674396637 @ 49782 13260 1
-0.10216738682596454568 0.72978596600817680073 = 1.02878825753666602871 @ 49265 13114 1
-0.11715923239509853926 0.71458330729246466451 = 1.02875776136032870411 @ 49804 13267 1
0.10934395337147582994 -0.70030620241071339649 = 1.02868303675060390745 @ 47359 12578 1
0.10934395337147582994 -0.70030620241070640208 = 1.02868303675060257518 @ 49920 13300 1
-0.06452219164029809884 0.70104941828466893483 = 1.02832614015920409400 @ 45954 12188 1
-0.06452218495464573378 0.70104941828466893483 = 1.02832613890814461577 @ 48624 12934 1
-0.06452022879511588871 0.70104946793382671988 = 1.02832578079821712613 @ 48122 12793 1
0.06405749400925608850 -0.70152940849312950267 = 1.02831320394446557032 @ 49592 13207 1
-0.05996291632565192709 0.70701434193660084304 = 1.02803950142160682724 @ 43544 11523 1
0.07242974050577941081 -0.69392118061019025799 = 1.02796894293855345381 @ 49905 13295 1
0.07242973815369470325 -0.69392118061019025799 = 1.02796894266178129307 @ 45728 12126 1
-0.07731447122940943162 0.69223809453193818619 = 1.02795324742364302395 @ 47834 12711 1
0.07097256224464776331 -0.73075251089584936093 = 1.02714440802964568356 @ 49855 13281 1
0.07097256223943904097 -0.73075251089584936093 = 1.02714440802878126391 @ 49718 13242 1
0.11421798074091236985 -0.73078066065033941978 = 1.02700697677896668480 @ 49254 13111 1
-0.05561763678472302075 0.71458354338015073193 = 1.02693828912950824161 @ 49499 13181 1
0.05556699297721683084 -0.71552993553554344874 = 1.02685471765334046523 @ 49362 13142 1
0.05556699124610448709 -0.71552993553554344874 = 1.02685471718172638411 @ 49331 13133 1
0.05556532414291835698 -0.71552986012865749110 = 1.02685426914972843804 @ 48978 13034 1
-0.06692901195210018694 0.72944767661983622720 = 1.02682527304821258340 @ 49850 13280 1
-0.06692901195206509002 0.72944767661983622720 = 1.02682527304820570002 @ 48681 12950 1
-0.06692901196103347161 0.72944768816058191963 = 1.02682526949952279693 @ 49661 13226 1
-0.06231628818513556406 0.69476208668425931680 = 1.02659542305744277968 @ 49295 13123 1
-0.06231566322585792295 0.69476208295865038433 = 1.02659529820094586050 @ 49672 13229 1
0.12571236895150997293 -0.71854441768084831299 = 1.02657513634484587328 @ 48996 13039 1
0.12571236951381867253 -0.71854441767961374499 = 1.02657513619280149619 @ 49814 13270 1
0.12571236951381867253 -0.71854441768084831299 = 1.02657513619272511285 @ 49385 13148 1
0.12564647630748282392 -0.72172294502856937370 = 1.02631130207942256050 @ 48528 12907 1
0.12714036877962134331 -0.71356819772263779811 = 1.02627488715893133708 @ 49193 13094 1
0.05515535187984436233 -0.70111088407208999040 = 1.02623581843932942803 @ 49914 13298 1
0.05515535187979378473 -0.70111088383079933628 = 1.02623581840315347691 @ 49056 13056 1
-0.12810782202459922163 0.71491244236657414124 = 1.02601074023129945623 @ 49873 13286 1
-0.12810801047893355387 0.71491244231566986045 = 1.02601068513487780898 @ 49486 13177 1
-0.12810801051253142835 0.71491244236657414124 = 1.02601068512511339748 @ 49686 13233 1
-0.12812973033391822364 0.71487826307216306709 = 1.02600428390292286451 @ 49664 13227 1
0.06112285813135831525 -0.69265583029816413241 = 1.02578571086791225930 @ 49759 13254 1
0.06112288099031493865 -0.69265580045674024490 = 1.02578570705375127226 @ 49723 13244 1
0.09421378158226881294 -0.68579463862048706257 = 1.02574661415511125817 @ 48458 12887 1
0.09421378158226881294 -0.68579462341566221895 = 1.02574660776989468047 @ 48089 12783 1
0.04956370013161390947 -0.70919344687142293893 = 1.02530174149987018950 @ 48897 13011 1
0.12833810424361394298 -0.70565521175787049302 = 1.02523115904299766399 @ 47703 12674 1
0.12833810235762452279 -0.70565502615841135814 = 1.02523113149807731936 @ 49059 13057 1
-0.11559971879572984721 0.73550751491910204560 = 1.02523090839273289809 @ 48555 12915 1
0.12085907497992524895 -0.69416699480042987069 = 1.02460063390024003205 @ 49621 13215 1
0.12094404056414539972 -0.69416699479819998775 = 1.02457869134126444699 @ 49909 13296 1
0.12094404056415515580 -0.69416699479819998775 = 1.02457869134126178245 @ 45452 12050 1
0.04615122957725614761 -0.71178435729377509400 = 1.02416330546195721851 @ 47736 12684 1
0.04615122957725614761 -0.71178455706750676235 = 1.02416329958144203260 @ 47399 12589 1
-0.04512517762830763751 0.70640625786017807730 = 1.02373636398046730100 @ 48758 12972 1
-0.04512517585589433111 0.70640626649754600930 = 1.02373636385332877907 @ 48838 12995 1
-0.09164680464374989899 0.68104676435038269400 = 1.02373254990066397951 @ 49887 13290 1
-0.09164680603468371156 0.68104676437526079358 = 1.02373254984922024136 @ 49744 13250 1
-0.09170617369672759422 0.68104676968590993624 = 1.02372982710452364863 @ 48886 13008 1
0.12724317181158539825 -0.73281167643480782381 = 1.02355123328992902998 @ 47729 12682 1
-0.09853133112677260608 0.68105456016362475591 = 1.02323760874442681867 @ 49906 13296 1
-0.09853927054196373603 0.68104674296879852413 = 1.02323296972167487873 @ 48740 12967 1
-0.09853927054196373603 0.68104674285074051632 = 1.02323296966350385517 @ 48955 13028 1
-0.09853927054196373603 0.68104674276339516314 = 1.02323296962046605962 @ 49477 13174 1
0.08638980969818775557 -0.67950429522944433280 = 1.02310671033627409443 @ 49451 13167 1
0.08638980990235810287 -0.67950429522968736062 = 1.02310671033512856631 @ 49572 13201 1
0.11392568849185093216 -0.68537849951584839392 = 1.02285721861337397520 @ 47884 12726 1
0.11392568849185093216 -0.68537849951584761676 = 1.02285721861337375316 @ 49959 13311 1
0.04641595618355789932 -0.69647446207791952055 = 1.02282868586339081851 @ 48492 12897 1
0.05700153338558367616 -0.68624377137806680249 = 1.02276226644304513158 @ 47501 12617 1
-0.04234390740973556500 0.71297711451840428687 = 1.02274698027310528836 @ 47805 12703 1
-0.13835536261474998265 0.71493361241566399933 = 1.02261771236740139912 @ 48867 13003 1
0.13869284742049703407 -0.71240720780726485284 = 1.02241116989742941712 @ 49136 13078 1
0.13869284885961574716 -0.71240720776319943486 = 1.02241116935567477597 @ 48976 13034 1
0.13869285374563333768 -0.71240720776319943486 = 1.02241116752425731384 @ 49450 13167 1
0.07121012546707852775 -0.67883087184296297956 = 1.02196705893655415132 @ 49738 13248 1
0.07120985439517962812 -0.67883087184296297956 = 1.02196702852757370650 @ 49435 13162 1
0.04001329491654553872 -0.69809939507629525934 = 1.02089356132850750392 @ 48970 13032 1
0.04001318004479340745 -0.69809938127320891876 = 1.02089351534220584838 @ 49405 13154 1
-0.11488166023849966102 0.68101564361370314771 = 1.02056315470131631074 @ 49415 13157 1
0.04001681406350721809 -0.69578009387419992304 = 1.02043292854032263683 @ 48784 12979 1
-0.05374844640045280120 0.68147857695657232391 = 1.02002462697514428847 @ 49742 13249 1
-0.05374844640402566542 0.68147844687018077625 = 1.02002456950683639825 @ 48330 12851 1
0.13328220992242470477 -0.69068457314251774370 = 1.01955249900234279359 @ 48594 12926 1
0.13328229615590955759 -0.69068457314381337397 = 1.01955246832361456910 @ 49703 13238 1
-0.14597557784948828052 0.70635884540341520310 = 1.01882151017254685144 @ 48256 12831 1
-0.14597557786043130479 0.70635884540341520310 = 1.01882151016778177421 @ 49630 13218 1
-0.14597557786043130479 0.70635884540341520310 = 1.01882151016778177421 @ 49983 13317 1
-0.14597557784948828052 0.70635884351950029014 = 1.01882150987503217188 @ 49908 13296 1
0.03007897082635334687 -0.70751183017208096881 = 1.01766265522032339774 @ 49395 13151 1
0.03007893018741833804 -0.70751183023572072894 = 1.01766263623902197821 @ 49653 13224 1
0.14951264885812964867 -0.70702157888303962530 = 1.01733813464255939962 @ 49893 13292 1
-0.15136922967299859533 0.71612071823444711782 = 1.01718821351555521737 @ 49947 13307 1
-0.15136959823042950291 0.71612071893563211678 = 1.01718804182247413159 @ 49837 13276 1
-0.15151066927075426682 0.71612071823444711782 = 1.01712224836953613050 @ 49580 13203 1
-0.02975242297008478740 0.69938110457773272621 = 1.01679681510226926910 @ 49605 13211 1
-0.02975191966203400915 0.69938110457791335950 = 1.01679658278289397622 @ 49787 13262 1
-0.02975191966203400915 0.69938106699262125865 = 1.01679657709456305881 @ 48823 12990 1
0.15231639379569875126 -0.71600938039538075675 = 1.01674294247206731256 @ 48273 12835 1
0.15231641583732313805 -0.71600939288703369101 = 1.01674293213594135743 @ 48512 12902 1
0.14845057201479688880 -0.73143400928345825296 = 1.01654901598583702338 @ 49033 13050 1
0.14845057447696832775 -0.73143400540474623472 = 1.01654901594271374066 @ 49565 13199 1
0.03419050928713859849 -0.68870950029694399941 = 1.01623654384363604208 @ 47994 12756 1
0.03419056653733015816 -0.68870581364128102830 = 1.01623539827598952101 @ 49390 13150 1
-0.14888811833153098307 0.73291441893375397498 = 1.01595536596598834400 @ 49166 13087 1
0.02969975476381236587 -0.72618321485821724082 = 1.01505044203641547895 @ 46015 12205 1
-0.02678669356451162872 0.69650964663240932939 = 1.01490318306429672113 @ 49865 13284 1
-0.02682994837811343222 0.72164245167237850431 = 1.01475812252773844868 @ 47722 12680 1
-0.02682994837811343222 0.72164251843156079769 = 1.01475810831058566031 @ 48157 12803 1
0.12103460061345172605 -0.67299760666329166980 = 1.01444418989004669918 @ 46693 12394 1
-0.05021355454523774436 0.74769118151895885838 = 1.01352809334619076154 @ 49889 13291 1
-0.05021355454520499279 0.74769118151895885838 = 1.01352809334617943726 @ 48756 12972 1
-0.05175358140496980064 0.66946910057698683083 = 1.01321117982541153424 @ 49308 13126 1
-0.05175407526649476730 0.66946816648291129770 = 1.01321073980327791553 @ 49940 13305 1
-0.05175407526649476730 0.66946816648291063157 = 1.01321073980327769348 @ 49907 13296 1
-0.05175358140496980064 0.66946792406740007753 = 1.01321046599390363063 @ 49400 13153 1
-0.14847005648946443035 0.68739789356749581017 = 1.01187990232092461795 @ 47680 12668 1
-0.14847005649312330910 0.68739789356749581017 = 1.01187990231919400230 @ 49462 13170 1
0.16125360102968724907 -0.70128221858964312485 = 1.01021825142175192269 @ 48252 12829 1
0.16125360102968724907 -0.70128221858964312485 = 1.01021825142175192269 @ 49989 13319 1
-0.01408131186245088935 0.70651001427441129099 = 1.00915269038945321078 @ 49008 13042 1
0.16543824542175489256 -0.72747988701736987505 = 1.00902316674489944681 @ 47850 12716 1
-0.16802011872475566823 0.72541024005549525899 = 1.00787666592982771974 @ 49427 13160 1
-0.16802011879553530038 0.72541024005549525899 = 1.00787666588883406682 @ 48104 12788 1
-0.16802020729635502860 0.72541024003317999824 = 1.00787661463442845822 @ 49681 13232 1
-0.16802021525568763827 0.72541023896347212041 = 1.00787661017038621125 @ 49275 13117 1
0.13454578360164173856 -0.66925872347402992624 = 1.00746724362799477959 @ 46992 12476 1
0.01108167937115146773 -0.70111188972991878021 = 1.00699323693279940706 @ 48670 12947 1
-0.06231355052891784929 0.65700312650572334494 = 1.00675473603147724866 @ 49912 13297 1
0.07830571423115563479 -0.65479442825297973219 = 1.00652290998755877816 @ 48742 12968 1
0.07830571422990814656 -0.65479442825297973219 = 1.00652290998751836604 @ 49588 13206 1
0.01405361007580859141 -0.68697008641170209664 = 1.00571230453939364224 @ 49543 13193 1
0.01405360743568945942 -0.68697008680897830857 = 1.00571230315063941951 @ 49267 13115 1
0.00757784066121468345 -0.70886514841905323703 = 1.00511718300416696970 @ 48302 12844 1
-0.01099481467512984818 0.69031204315837380037 = 1.00490311087977768345 @ 48834 12994 1
-0.01099481467646849613 0.69031204194095785454 = 1.00490311055162240272 @ 49802 13266 1
-0.01099463958314327722 0.69031201652684293091 = 1.00490299821424167170 @ 48056 12774 1
-0.01099460925823754140 0.69031201664784791472 = 1.00490297998024114001 @ 49346 13137 1
-0.07685491840564162569 0.65220390794288729541 = 1.00429297719677101952 @ 49177 13090 1
-0.07685491840564162569 0.65220390677973616445 = 1.00429297620153334947 @ 49162 13086 1
-0.07685491287849707809 0.65220390670796246635 = 1.00429297591255473066 @ 49031 13049 1
-0.17617408399725645318 0.71697731165611289228 = 1.00338624693579281377 @ 49838 13276 1
-0.17617408399521267137 0.71697731074926784878 = 1.00338624692358124868 @ 49808 13268 1
-0.00546895841592278959 0.71800116171289385392 = 1.00284289685513550161 @ 49562 13198 1
0.12582429376113044017 -0.76892324240900455923 = 1.00064613717517136848 @ 48859 13001 1
0.12582430053425514016 -0.76892324230637953963 = 1.00064613578059025123 @ 48444 12883 1
0.00328049548836957311 -0.72252082889548174816 = 1.00038477739423692370 @ 49046 13053 1
0.05591893696864064234 -0.64834666693129316961 = 0.99839334604835450193 @ 49695 13236 1
0.05591893696864064234 -0.64834665996450746572 = 0.99839333990269718555 @ 49442 13164 1
0.05591890823998223875 -0.64829192814989400340 = 0.99834503490655457369 @ 48310 12846 1
0.02643291519716459148 -0.65630798383207888946 = 0.99536666591648170765 @ 49372 13145 1
0.02643291285198938467 -0.65630798185480188067 = 0.99536666338255530562 @ 49673 13230 1
0.02643291285197749835 -0.65630798185480188067 = 0.99536666338255008757 @ 49939 13305 1
0.02643291285197738039 -0.65630798185480188067 = 0.99536666338254997655 @ 49911 13297 1
0.00654511882087011661 0.70649458098284789731 = 0.99520156283603267156 @ 49668 13228 1
0.00654511884869431355 0.70649458097963924175 = 0.99520156281490801398 @ 49233 13105 1
-0.02248814462618439758 0.65727774097343971693 = 0.99427025820277803447 @ 48604 12928 1
-0.02248811240022052793 0.65727774097343971693 = 0.99427024281590403731 @ 48243 12827 1
-0.16962858843982134283 0.67559539275038393846 = 0.99364190189462286984 @ 44037 11657 1
-0.16962858843982153711 0.67559539275038393846 = 0.99364190189462275882 @ 49957 13310 1
-0.00711133925639846533 0.66720757841542321920 = 0.99251536925565664315 @ 49950 13308 1
-0.00711133916557751995 0.66720757841542288613 = 0.99251536920022653820 @ 49421 13158 1
-0.00711133925639846533 0.66720743181864483606 = 0.99251528239950037591 @ 49602 13210 1
-0.19127281618502209315 0.72540729528693348449 = 0.99245496679016809161 @ 49799 13265 1
-0.19130641702288306294 0.72540688395180630277 = 0.99242992602635848876 @ 48309 12845 1
-0.19130639478793992625 0.72540729500182765666 = 0.99242989619652255406 @ 49480 13175 1
0.01157448445340009124 0.70823145421703592728 = 0.99125661375494888983 @ 48314 12847 1
0.01157765430165083945 0.70980803826684413238 = 0.99118735979598937558 @ 48333 12852 1
-0.06092880146114997009 0.63932475244653974578 = 0.99081656998888434362 @ 49208 13099 1
-0.06092879905227648052 0.63932475244653974578 = 0.99081656961841735320 @ 49025 13047 1
-0.14595773968045153146 0.65364964209713105614 = 0.98997475210106733456 @ 49389 13149 1
-0.14595776211570510306 0.65364964205623610205 = 0.98997474111500904925 @ 46599 12367 1
-0.00859638527470945289 -0.73309382200926054285 = 0.98779947603311424320 @ 49255 13112 1
-0.00859638702467352411 -0.73309387779499102233 = 0.98779944966066068890 @ 48357 12859 1
-0.19874263395827501677 0.71458283896520702339 = 0.98682742328051786806 @ 47644 12658 1
-0.19874263395827501677 0.71458283896520702339 = 0.98682742328051786806 @ 49976 13315 1
-0.00546875571392917755 -0.67157538301706354300 = 0.98660898034962629666 @ 49883 13289 1
-0.00546875571428632676 -0.67157538301706354300 = 0.98660898034937083434 @ 49280 13119 1
-0.19130596211493949843 0.68866617397638241194 = 0.98550052058186177195 @ 49426 13160 1
0.13968412475056493638 -0.64397140117262863246 = 0.98359803700797909798 @ 49793 13264 1
0.13968412475139485585 -0.64397140117262863246 = 0.98359803700760506384 @ 49617 13214 1
0.13968412475139485585 -0.64397140117261097991 = 0.98359803700758685618 @ 49929 13302 1
-0.02248811240022052793 -0.70982584151696503927 = 0.98195565895299063985 @ 49894 13292 1
-0.02248811240022052793 -0.70982584261336434395 = 0.98195565888036029367 @ 49112 13072 1
0.06573246338880392448 -0.63004565351390706684 = 0.98169959756917235527 @ 47087 12502 1
0.20246884186259714311 -0.73724388327708623159 = 0.98122149168338279601 @ 49774 13258 1
0.20246884186307520515 -0.73724388330755730170 = 0.98122149167351790933 @ 49110 13071 1
0.20246884186307520515 -0.73724390091958924565 = 0.98122148619635629618 @ 48193 12813 1
0.18813146689482576623 -0.67347720001343414076 = 0.97912193321158613735 @ 49402 13153 1
-0.07246374682685825797 0.62659418564352720171 = 0.97833761626812609791 @ 46064 12218 1
-0.19874261887705069185 0.75070451210668420750 = 0.97830011935472116491 @ 48170 12806 1
-0.19874269910929293070 0.75070451210668420750 = 0.97830005726167768021 @ 47228 12541 1
-0.02669559217132646753 -0.68912276520196480423 = 0.97623189642601293503 @ 48251 12829 1
0.00043682970434385203 0.75992114821992251539 = 0.97565458507559355006 @ 49353 13139 1
0.02629258248935299747 0.68440957042482886141 = 0.97525082883456892802 @ 48943 13024 1
0.02629258485730645231 0.68440957042994088333 = 0.97525082671783691612 @ 49484 13176 1
0.02629258485730645231 0.68440957042968153523 = 0.97525082671775420451 @ 49762 13255 1
-0.02931802124662516787 -0.71685902233917497828 = 0.97477509849284382781 @ 47383 12585 1
0.02737951482607457049 0.72512190023671174721 = 0.97448621743992480670 @ 49831 13274 1
0.02737951482607457049 0.72512202949168957922 = 0.97448617520825386862 @ 48876 13005 1
-0.17618214445788427103 0.77557836798739920869 = 0.97326912218385519537 @ 49606 13211 1
-0.02977371316332955847 0.62661544449173078863 = 0.96901368335017323830 @ 49463 13170 1
0.01157774066618208822 0.65128000450435175051 = 0.96892011238501185577 @ 46847 12436 1
0.04002627786982474595 0.68731033664853435905 = 0.96303846864035236308 @ 49956 13310 1
0.20048422048795672135 -0.77032340150561806613 = 0.96214015648578188333 @ 47786 12698 1
0.20048422048795672135 -0.77032340268596566357 = 0.96214015536366759296 @ 49036 13050 1
0.20048422048795672135 -0.77032376604343977267 = 0.96213980993137082631 @ 49058 13057 1
-0.03145074786685737173 -0.74301088542099491541 = 0.96183407802059739389 @ 49173 13089 1
-0.03145133422774266246 -0.74301452096860653995 = 0.96183113024480526576 @ 47065 12496 1
0.20092214863967994276 -0.77036699007511588722 = 0.96176237079993809331 @ 49881 13289 1
-0.09718063759185160966 0.61369891325328829179 = 0.96116614181832094044 @ 49337 13135 1
0.08493827526897877733 -0.61167038842643228769 = 0.95984307372134547442 @ 49697 13236 1
0.11275889352363747953 -0.61522809102799003167 = 0.95980941484663306884 @ 49604 13210 1
-0.04512517553825404898 -0.71367118512393101781 = 0.95931110241820038986 @ 49363 13142 1
0.03279056009092394530 -0.61703803333496631822 = 0.95903889758122273790 @ 48082 12781 1
0.03279029902210472275 -0.61703802625784698321 = 0.95903879633400734850 @ 49422 13159 1
-0.03374056676927879306 -0.65510299225612944607 = 0.95327220969366299741 @ 49181 13091 1
-0.03374056676927879306 -0.65510299183613751595 = 0.95327220939598078520 @ 46374 12304 1
-0.05082307375858788334 -0.69391411799377167302 = 0.95304870308886047159 @ 49591 13207 1
-0.05082307375548403977 -0.69391401251204276601 = 0.95304868680697607530 @ 49871 13286 1
0.05157169811916267194 0.71194806678091970831 = 0.95247112716696247237 @ 49650 13223 1
0.05157169811932235670 0.71194806678091970831 = 0.95247112716678317135 @ 49624 13216 1
0.05157181475627744399 0.71196473421488071232 = 0.95246882994378789800 @ 48093 12784 1
0.23799266043811265203 -0.71074951709221712015 = 0.94916097728596349192 @ 49674 13230 1
0.23799266043811323490 -0.71074951709221712015 = 0.94916097728596282579 @ 49944 13306 1
0.23799266043811265203 -0.71074951697155075436 = 0.94916097726433301673 @ 49547 13194 1
-0.20807573255576219950 0.65731869174081880569 = 0.94904032525938963882 @ 48308 12845 1
-0.20807573255576219950 0.65731867378076647146 = 0.94904030869079492039 @ 48909 13015 1
-0.04676930880841631555 -0.66878941260223201404 = 0.94886385463729727707 @ 49817 13270 1
-0.04676930880841631555 -0.66878941260223201404 = 0.94886385463729727707 @ 49973 13315 1
0.05514616224932997884 0.67910345799868709893 = 0.94437756400112637944 @ 49060 13057 1
0.05514625392894124262 0.67910345704606067674 = 0.94437746107470665891 @ 49833 13275 1
-0.24384509968276577019 0.72167705978343832385 = 0.94375672982932345967 @ 49834 13275 1
-0.24384509968276577019 0.72167705978322382876 = 0.94375672982932279353 @ 49419 13158 1
-0.24389060004070292620 0.72167965040870951654 = 0.94370627151102692842 @ 48702 12956 1
-0.24389075244570571077 0.72167705978322382876 = 0.94370609340702127366 @ 49350 13138 1
-0.23651585722948656465 0.68069776294085637680 = 0.93837684621470662805 @ 45668 12109 1
-0.00856006373289451561 -0.61661727207336147760 = 0.93703662705995860449 @ 49900 13294 1
-0.00856006373289451561 -0.61661727207335381706 = 0.93703662705994972271 @ 47710 12676 1
-0.00856007181501748475 -0.61661727207335381706 = 0.93703662152294753263 @ 48470 12891 1
0.06270993214098737056 0.68012779240374721113 = 0.93604866822455379261 @ 47863 12720 1
-0.20534939599183438252 0.64159669968256682893 = 0.93556167608039209060 @ 47186 12529 1
-0.03910026280291233752 -0.63831519558053351204 = 0.93466653533669807885 @ 49655 13225 1
-0.06692874539180920790 -0.71602687783598850668 = 0.93355689893915139166 @ 49854 13281 1
-0.06692884821381969718 -0.71602685448157799009 = 0.93355677548006144040 @ 48679 12950 1
0.24496421384721453474 -0.75506532360023348449 = 0.93275467264409839263 @ 48394 12869 1
0.24505411040732913430 -0.75506534092450583451 = 0.93265728370051492746 @ 49969 13313 1
0.00844480473537813359 0.61173851662901068682 = 0.93127034355239612928 @ 49785 13261 1
0.00844480473023992775 0.61173848921325868488 = 0.93127031003663163222 @ 46755 12411 1
0.00844480473023992775 0.61173848809914987967 = 0.93127030867449145379 @ 49326 13132 1
0.25066944408803787381 -0.74784428048145068502 = 0.93027743790803163471 @ 47907 12732 1
-0.00424634723827630248 0.60390513812412760508 = 0.92926943824972840780 @ 49278 13118 1
0.06684554303450201962 -0.58985154516363247357 = 0.92909012842441063285 @ 48881 13007 1
0.06684555225403601697 -0.58985112150440577317 = 0.92908949258719386588 @ 47891 12727 1
-0.06692901195206509002 -0.67202201392369409483 = 0.92778138859162728735 @ 49932 13303 1
-0.25630976212799067016 0.74195887542127247904 = 0.92615898190233070242 @ 49159 13085 1
-0.05562038774855759815 0.58792977721516082035 = 0.92506487481074262114 @ 49931 13303 1
-0.05561763091206798487 0.58792962906733903239 = 0.92506425333591624227 @ 48669 12947 1
-0.06231355052891784929 -0.74998869180142113677 = 0.92214875065570123258 @ 46449 12324 1
0.07119051129785530785 0.66720763075581568380 = 0.92025562790290327264 @ 49778 13259 1
0.19805138845391806468 -0.61827801597282205925 = 0.91332067495813318292 @ 49612 13212 1
0.19805139171862323755 -0.61827706225428369358 = 0.91331937236661175916 @ 49899 13294 1
-0.08539886344517261252 -0.69392118190901164176 = 0.91031455533363081489 @ 49590 13206 1
-0.06840996718024588974 0.57627754607161951750 = 0.90798212501207287151 @ 46490 12336 1
-0.06840996695692599938 0.57627754607169257017 = 0.90798212500511532586 @ 49806 13267 1
-0.06840996718024588974 0.57627753805327097680 = 0.90798211204992629320 @ 49813 13269 1
0.08810629736408978618 0.68146911347636718315 = 0.90396439425669616874 @ 46359 12300 1
-0.27688175106220597188 0.71800409339462412106 = 0.90337562961507633652 @ 46132 12236 1
-0.27712209298531409463 0.71801922923027194923 = 0.90305921285198120785 @ 48197 12814 1
0.06559776892482130362 0.63151018386296497997 = 0.90043930842138053539 @ 48689 12952 1
0.09086822035589388336 0.72944802187904644875 = 0.89671100362623223923 @ 48952 13027 1
-0.09043402083211832254 -0.74998869180142113677 = 0.88398601418287281462 @ 49458 13169 1
-0.09043402097711492060 -0.74998869205914464597 = 0.88398601375358065724 @ 49371 13144 1
0.10334275286358228507 0.71286348874056715275 = 0.88358365880887324018 @ 49903 13295 1
0.10334275286362597235 0.71286348874056715275 = 0.88358365880880640475 @ 48544 12911 1
-0.07663112427020260520 -0.62654023183825335863 = 0.88239082855383332848 @ 47345 12575 1
-0.10985267262190470672 0.56391298634402309276 = 0.88148301984526611363 @ 48221 12821 1
-0.10986128897207186883 0.56391298578859516688 = 0.88148040089743551206 @ 48775 12977 1
-0.02129811500541444955 0.56568767266010311356 = 0.88063773626047647802 @ 45293 12005 1
-0.19662426140341426883 0.59479466763948229957 = 0.87990589023575827010 @ 49654 13224 1
0.29425084432551579239 -0.72728449016778073943 = 0.87984584411876243237 @ 49754 13253 1
0.29425084464657119687 -0.72728453000157244901 = 0.87984584196913484533 @ 48685 12951 1
0.29422294936438181390 -0.71261422211516667335 = 0.87867522043803003573 @ 49312 13128 1
0.29422294936438181390 -0.71261422209987101972 = 0.87867522043489332262 @ 49286 13120 1
0.29425100405327048181 -0.71261418445781687936 = 0.87863504643941514605 @ 46690 12393 1
-0.09040936132987748008 -0.63832865949807249262 = 0.87548179403649828423 @ 45375 12028 1
-0.02538153262627465545 -0.57929363521743681975 = 0.87458634443950800108 @ 49795 13264 1
0.01164141263282658656 -0.55806209164205022866 = 0.86372497548000115586 @ 49414 13157 1
0.01164141263282658656 -0.55806208999724216113 = 0.86372497269147197052 @ 44210 11706 1
-0.01836525077267304670 0.55531186898105422411 = 0.86196327303082498350 @ 48832 12993 1
-0.29439449902994696551 0.77557491734868611033 = 0.85598700872658584071 @ 49828 13274 1
-0.29439449902994696551 0.77557491734916983450 = 0.85598700872611899193 @ 49367 13143 1
-0.29439450019586194118 0.77557836803008950444 = 0.85598367591311941283 @ 49658 13225 1
-0.30322179578737762373 0.68647996660136878511 = 0.85457017392248180165 @ 49482 13176 1
-0.30322160917583734774 0.68647393668082701268 = 0.85456672326289839781 @ 49745 13250 1
0.11673311549868486958 0.65730583633811112687 = 0.85068496869373189107 @ 49500 13181 1
0.11673311555916653093 0.65730583615854087931 = 0.85068496849093933054 @ 46375 12304 1
-0.12869822253168214377 -0.71240702702597846763 = 0.84240972413308490285 @ 49342 13136 1
-0.32488537447318038831 0.72363884131236400066 = 0.83366369304641352311 @ 49928 13302 1
-0.32488537447318749374 0.72363884131236400066 = 0.83366369304640230986 @ 48904 13013 1
-0.32488670396385010974 0.72363884483216744936 = 0.83366157317290978668 @ 49473 13173 1
-0.02944405577615545264 -0.55471300613215257513 = 0.83229363670640243988 @ 48033 12768 1
-0.13486473182968633511 -0.67947595171565533523 = 0.83043002412177857607 @ 49845 13278 1
-0.13486473183020017408 -0.67947595171565533523 = 0.83043002412088562370 @ 49820 13271 1
-0.13486498964831980518 -0.67947594140271216911 = 0.83042957315953724873 @ 48216 12819 1
0.28969771798583027200 -0.80408334213571941440 = 0.82592843565538331951 @ 48915 13016 1
0.32093837539062625153 -0.76986835018591304181 = 0.82261865968502867474 @ 49927 13302 1
0.32093837612515158098 -0.76986835018591304181 = 0.82261865856357829774 @ 49433 13162 1
-0.12835888816657609057 -0.63995252857237283628 = 0.81978836346565375770 @ 48446 12884 1
-0.09039996684090943757 0.52545828335368993667 = 0.81443949709143992344 @ 48659 12944 1
-0.09040068292009299789 0.52545828335368993667 = 0.81443935992596228068 @ 49842 13277 1
-0.09041180718713806574 0.52539993514609406589 = 0.81432211261888576281 @ 49847 13279 1
-0.29597932834473933417 0.63357062931915764104 = 0.81412235767194496283 @ 48393 12869 1
-0.29597931018992795771 0.63356527811156071461 = 0.81411545326989931404 @ 49923 13300 1
-0.29597931018992795771 0.63356527811151652774 = 0.81411545326984202653 @ 49879 13288 1
-0.33899668974016355927 0.69756188236823502002 = 0.80330449892659383515 @ 49057 13056 1
0.15231103065728818224 0.69562707851253924307 = 0.80134251101469988754 @ 48947 13025 1
0.09258153245852770996 -0.51196844905610960907 = 0.78690414884483661506 @ 48732 12965 1
0.09258161125753559817 -0.51196844846838518439 = 0.78690413014925331137 @ 48824 12991 1
0.09258162166878013133 -0.51196844846838518439 = 0.78690412783762109239 @ 48902 13013 1
0.09420976715742193641 0.56789041850119392763 = 0.78513677659458669389 @ 49726 13245 1
0.09420976717261432543 0.56789041850119392763 = 0.78513677657461544701 @ 46627 12375 1
0.09421018195732190625 0.56789041850119392763 = 0.78513623131469378880 @ 48411 12874 1
0.32088910859163072287 -0.64153370798455722213 = 0.78460117920225180832 @ 49725 13244 1
0.32088910859906599748 -0.64153370798455722213 = 0.78460117918994776165 @ 49218 13101 1
0.35546264230797286476 -0.73663741370636259820 = 0.78201607021714847345 @ 48649 12941 1
0.35548410561505339178 -0.73663747184633943110 = 0.78197868998499453497 @ 48750 12970 1
0.34951640854417936888 -0.68931848532503114946 = 0.78054476171448761157 @ 48653 12942 1
0.34951640603318306910 -0.68931847731655115918 = 0.78054476113716653174 @ 49198 13096 1
0.05408752577430158553 -0.50622582305963770288 = 0.77806881241607284139 @ 48995 13039 1
-0.01921305845538466561 0.50975300101414477982 = 0.77762593594106654837 @ 45651 12104 1
-0.01921305845538466561 0.50975300101414477982 = 0.77762593594106654837 @ 49994 13321 1
-0.01921305741510131657 0.50975300101414477982 = 0.77762593557061321370 @ 49560 13198 1
-0.35713072845656823606 0.70982533803485736712 = 0.77674089090695264126 @ 49224 13103 1
-0.15814534630879889532 -0.73795605463620672637 = 0.77661501402000743255 @ 48772 12976 1
-0.15814534630879889532 -0.73795605463800462154 = 0.77661501401877686135 @ 49660 13226 1
-0.15814534630879889532 -0.73795606736640106948 = 0.77661500530613092330 @ 49689 13234 1
0.16125377406005086955 0.74195855822554634962 = 0.76755729582028897617 @ 48445 12883 1
-0.09537408126047672297 -0.55339435980789641878 = 0.76084565734461606645 @ 48945 13025 1
-0.09537408126047672297 -0.55339435980789641878 = 0.76084565734461606645 @ 49985 13318 1
-0.14946649752374421838 0.50768334721167296397 = 0.75281006458490062894 @ 49303 13125 1
0.39513356948198163909 -0.72861040107190133686 = 0.70948619298957460444 @ 48839 12995 1
0.20048543953782463345 0.67946381981441550391 = 0.70049442247314930299 @ 49821 13272 1
0.20048544068247250993 0.67946381981408165984 = 0.70049441993618866142 @ 49601 13209 1
0.20048546122864843722 0.67946381981533576777 = 0.70049437439987349840 @ 49704 13238 1
0.18676409360306800433 0.76031591650977192742 = 0.69663171697524217674 @ 49102 13069 1
-0.04234374564648894085 -0.48696781289005858229 = 0.69582827829186788549 @ 47904 12731 1
-0.19874243188792956039 -0.65479443487320332373 = 0.69482311728529588812 @ 49124 13075 1
-0.19874243188792956039 -0.65479443428817329931 = 0.69482311696489673647 @ 48872 13004 1
-0.38358356367827467492 0.66224271369304776869 = 0.69478451595620660530 @ 49595 13208 1
0.36809252319668278597 -0.81317787716314837709 = 0.69106227461506175569 @ 48285 12839 1
0.36809252319668278597 -0.81317787716645095752 = 0.69106227460934821494 @ 49644 13222 1
-0.42404967307574059632 0.73783930469954206455 = 0.65168460433215036343 @ 48344 12855 1
-0.42404967307574059632 0.73783932599506973915 = 0.65168460219850221637 @ 49835 13275 1
-0.42404967503276508323 0.73783932599748192072 = 0.65168459820306212649 @ 48974 13033 1
-0.21342898529165693633 -0.76891683924019704754 = 0.62471516229529922004 @ 49803 13266 1
-0.21342905107374279816 -0.76891683924019704754 = 0.62471500470977314734 @ 49506 13183 1
-0.21342905107374279816 -0.76891683924027454111 = 0.62471500470966967455 @ 49860 13283 1
-0.20770545729185438399 -0.57678139017167850966 = 0.59952662153105884535 @ 49707 13239 1
0.45694087538362510026 -0.73197455788288812162 = 0.58268251905369849997 @ 49030 13049 1
0.25065265926742158475 0.70929390803631819917 = 0.57907464598653013432 @ 46878 12444 1
0.16537261278788431551 0.50136261444394025766 = 0.56198125652692032528 @ 49425 13160 1
-0.26524255851495293079 -0.68579402389349786162 = 0.54343676302392196487 @ 49146 13081 1
-0.26524255852585126858 -0.68579402389349786162 = 0.54343676299500209836 @ 49638 13220 1
-0.45969608735832923063 0.66224903203732621293 = 0.53469133184176764750 @ 48811 12987 1
-0.45969609600927285875 0.66224903434609261321 = 0.53469131502446320958 @ 48863 13002 1
-0.45969609608776185183 0.66224903434609261321 = 0.53469131484861875947 @ 49378 13146 1
-0.47975088775725233114 0.75469378922582408542 = 0.52924678520525147984 @ 47997 12757 1
-0.47975088775725233114 0.75469378927529318091 = 0.52924678518743140110 @ 49211 13099 1
-0.47975061533674401293 0.75476294369621677038 = 0.52922242883511949607 @ 49508 13183 1
-0.47975062451440581013 0.75476294369621677038 = 0.52922240858419633547 @ 48707 12958 1
0.46910368872449192956 -0.81745501614553561787 = 0.48817080527912065646 @ 49290 13121 1
0.46910371649867632637 -0.81745501736063452825 = 0.48817074446988162340 @ 49066 13059 1
0.25022139608369386998 0.56568767268699382544 = 0.48656392277602333873 @ 49583 13204 1
0.25022139608369386998 0.56568767266010311356 = 0.48656392273894288891 @ 46980 12473 1
0.48009908855315108767 -0.81266049543339280437 = 0.47272936389619818476 @ 49967 13313 1
0.52950820040775403719 -0.71591618366291454034 = 0.41467799574719599320 @ 49616 13214 1
0.52950820040775403719 -0.71591618366096076986 = 0.41467799574644204075 @ 46727 12403 1
0.52951029100174396014 -0.71592052550893525709 = 0.41467474507735091471 @ 48064 12776 1
-0.30496710467208493212 -0.74956097288712963955 = 0.40198792682053274827 @ 46344 12296 1
-0.30496710470170534935 -0.74956097288712963955 = 0.40198792673296523947 @ 49459 13169 1
-0.53447379257887317472 0.76924645320560891548 = 0.39842396751790332132 @ 49288 13121 1
-0.53447379257887317472 0.76924647656650890770 = 0.39842395362614635435 @ 48850 12998 1
0.31428683850769989494 0.71844101188096887167 = 0.39822223214916085965 @ 49933 13303 1
0.31428683850770477992 0.71844101188096887167 = 0.39822223214914631573 @ 46212 12258 1
-0.54022396967661845402 0.79484449546142255105 = 0.36313981915511150955 @ 48935 13022 1
-0.54022396967662356104 0.79484449546142255105 = 0.36313981915509985221 @ 49924 13301 1
0.55336527787856204519 -0.73945867385024710572 = 0.36291636552047901176 @ 49639 13220 1
-0.33184332412638828380 -0.72438210584364970401 = 0.34171283339668101497 @ 47198 12533 1
0.55627703087203361765 -0.68034615580619917097 = 0.32638001878370048736 @ 47967 12749 1
-0.58424375406988093840 0.75419203460693862162 = 0.28775352136858756147 @ 49438 13163 1
-0.59777569186877721474 0.65728064010532039063 = 0.19801431802202118515 @ 49304 13125 1
-0.59777614464260764304 0.65727771082238872768 = 0.19800934830105465512 @ 46028 12208 1
0.62650322983508333063 -0.82731693771115089042 = 0.11557128617726630804 @ 48120 12792 1
0.67438810352678679738 -0.75367645232588165172 = 0.07357364646249897611 @ 49876 13287 1
0.67438810357184075794 -0.75367645232588165172 = 0.07357364635689045418 @ 49792 13263 1
0.62553285301819661068 -0.61939831844517934112 = 0.06970195545279556093 @ 48841 12996 1
-0.69184922342347709989 0.75070355588287529525 = 0.03317282606390037358 @ 49825 13273 1
-0.69184979366889853836 0.75070350802243224209 = 0.03317150686687242445 @ 48999 13040 1
-0.69184979366889853836 0.75070350802243224209 = 0.03317150686687242445 @ 49975 13315 1
0.82630591822911270139 -0.71354979837857268610 = -0.26895255344408097731 @ 49797 13265 1
0.82630591823090548953 -0.71354979837787235741 = -0.26895255344804291919 @ 49441 13164 1
-0.83332691920172619060 0.73785093180292415926 = -0.26968514103956731098 @ 47506 12619 1
