0.16666666920163200616 0.87499999985573950756 = -2.00000000000001065814 @ 198690 35298 1
0.49999999854697679824 0.62500000222513940606 = -2.00000000000001776357 @ 198482 35244 1
0.83333333662713526824 0.37500000028540764196 = -2.00000000000001776357 @ 198686 35298 1
0.49999999854697679824 0.62500000222516549631 = -2.00000000000001776357 @ 199554 35524 1
0.83333333662713526824 0.37500000028540764196 = -2.00000000000001776357 @ 199873 35606 1
0.83333333482055260699 0.12500000242292347297 = -2.00000000000002131628 @ 196442 34714 1
0.50000000001816113926 0.12500000309822567601 = -2.00000000000002664535 @ 197684 35037 1
0.50000000001758637680 0.12500000309822567601 = -2.00000000000002664535 @ 198569 35267 1
0.16666667074434193818 0.87499999985573950756 = -2.00000000000002664535 @ 198665 35292 1
0.16666667074434193818 0.12500000055990595493 = -2.00000000000002842171 @ 199806 35589 1
0.83333333482055260699 0.12499999691543060842 = -2.00000000000003019807 @ 197976 35113 1
0.16666667114289213103 0.87499999985573950756 = -2.00000000000003197442 @ 195411 34446 1
0.83333333624208916213 0.87500000249938003627 = -2.00000000000003197442 @ 197265 34927 1
0.83333333662713526824 0.87500000249938003627 = -2.00000000000003552714 @ 196211 34654 1
0.50000000416003931303 0.12499999828380400912 = -2.00000000000003552714 @ 197534 34998 1
0.83333333662713526824 0.87500000249938003627 = -2.00000000000003552714 @ 198992 35378 1
0.16666666907059377034 0.12500000312980577566 = -2.00000000000003730349 @ 199684 35557 1
0.49999999601452788101 0.12499999728598776283 = -2.00000000000004618528 @ 199833 35596 1
0.50000000001364686142 0.37499999558550600742 = -2.00000000000005506706 @ 193707 33999 1
0.50000000001364686142 0.37499999561127350667 = -2.00000000000005506706 @ 197788 35063 1
0.50000000001568900565 0.37499999561127350667 = -2.00000000000005506706 @ 199027 35387 1
0.16666666670367047409 0.62500000838705149775 = -2.00000000000019895197 @ 198756 35316 1
0.16666666670367047409 0.62500000838699920624 = -2.00000000000019895197 @ 199560 35525 1
0.16666666670367047409 0.62500000838705149775 = -2.00000000000019895197 @ 199956 35628 1
0.83333332733567222483 0.62500001100656388253 = -2.00000000000040323300 @ 198643 35287 1
0.83333332567485862707 0.62500001408196659280 = -2.00000000000065725203 @ 196837 34816 1
0.83333332567485862707 0.62500001408078864618 = -2.00000000000065725203 @ 198761 35317 1
0.83333332567485862707 0.62500001408196548258 = -2.00000000000065725203 @ 199771 35580 1
0.16666666188137996274 0.87500001519903602976 = -2.00000000000069455552 @ 196414 34707 1
0.49999997988228134238 0.62500000567741698099 = -2.00000000000073896445 @ 198183 35166 1
0.49999997988245703517 0.62500000567374980331 = -2.00000000000073896445 @ 199371 35476 1
0.83333330713955333646 0.37500000040270764501 = -2.00000000000109778853 @ 198057 35134 1
0.83333330713997111339 0.37500000040270764501 = -2.00000000000109778853 @ 198742 35312 1
0.49999998575805343348 0.87499998201510387208 = -2.00000000000124522614 @ 195083 34360 1
0.49999998575805343348 0.87499998201497963812 = -2.00000000000124522614 @ 199318 35463 1
0.16666667127262144166 0.62499997791643124856 = -2.00000000000141930911 @ 197964 35109 1
0.49999998298307524180 0.87499998106020904221 = -2.00000000000148148160 @ 197989 35116 1
0.16666666889943337893 0.62499997480204139144 = -2.00000000000181188398 @ 199548 35522 1
0.16666663229961414805 0.12499999406715753270 = -2.00000000000198774330 @ 198794 35326 1
0.16666663230109379779 0.12499999406715753270 = -2.00000000000198774330 @ 198881 35349 1
0.50000002775922069986 0.87499998081378405068 = -2.00000000000227906582 @ 196672 34773 1
0.16666666652628814305 0.37499996804678437101 = -2.00000000000290256708 @ 197845 35078 1
0.16666666652628814305 0.37499996804678437101 = -2.00000000000290256708 @ 199935 35622 1
0.49999999601452788101 0.62499996464506890614 = -2.00000000000357758267 @ 198449 35236 1
0.16666667807828614012 0.37500003478745508323 = -2.00000000000364863695 @ 198074 35138 1
0.83333329425912117117 0.87500003265108938777 = -2.00000000000547117907 @ 197208 34912 1
0.83333339370670822532 0.12500000055990595493 = -2.00000000000582822679 @ 198512 35252 1
0.83333339370670822532 0.12500000057725693670 = -2.00000000000582822679 @ 198740 35311 1
0.16666667127262144166 0.87500005315681339546 = -2.00000000000806466005 @ 199169 35424 1
0.83333329425912117117 0.62499994587352780684 = -2.00000000001076827516 @ 195444 34454 1
0.49999992350599092861 0.37500003478745508323 = -2.00000000001279687467 @ 195619 34500 1
0.49999992350599092861 0.87499995919608375416 = -2.00000000001408828609 @ 198470 35241 1
0.50000000309867231874 0.37500009283226393153 = -2.00000000002451017167 @ 196692 34779 1
0.16666666889943337893 0.87499990658778692421 = -2.00000000002481037598 @ 199869 35605 1
0.16666666670367047409 0.37499987906058440679 = -2.00000000004157385547 @ 197323 34943 1
0.16666647347180738037 0.12499999412376425201 = -2.00000000005977440765 @ 197773 35060 1
0.49999979103006325643 0.12499999317693975820 = -2.00000000006995115598 @ 195616 34499 1
0.16666647347180738037 0.37500007912177996117 = -2.00000000007747225084 @ 195836 34557 1
0.16666677162591964079 0.62500022713859559875 = -2.00000000016426149330 @ 199420 35489 1
0.50000036325086805178 0.87499997281762409429 = -2.00000000021307222653 @ 198368 35215 1
0.16666704421147612858 0.12499996552246191162 = -2.00000000023128166049 @ 198685 35297 1
0.50000042750326190166 0.62500017954033926237 = -2.00000000038383518586 @ 198927 35361 1
0.50000042750635220745 0.62500018085342023966 = -2.00000000038518344070 @ 196825 34813 1
0.83333280691060973577 0.37499999637593572910 = -2.00000000044311931902 @ 196876 34826 1
0.16666608979493796605 0.62499997185636546604 = -2.00000000053432636093 @ 195841 34558 1
0.49999940328648073695 0.12500000047975082240 = -2.00000000056930815617 @ 198939 35365 1
0.49999940328648073695 0.62499996464506890614 = -2.00000000057285909350 @ 199553 35523 1
0.49999940328648073695 0.87500005306207873090 = -2.00000000057731064373 @ 197874 35086 1
0.49999940328666891975 0.62500018085342023966 = -2.00000000066227734408 @ 199505 35511 1
0.50000065285003503224 0.37500000028540764196 = -2.00000000068146199794 @ 198694 35299 1
0.50000065285624550881 0.37500000028540764196 = -2.00000000068147443244 @ 198659 35291 1
0.83333334721406848722 0.12499947497678047525 = -2.00000000078382633717 @ 195562 34485 1
0.83333334721406848722 0.12499947493492266637 = -2.00000000078395068215 @ 197559 35004 1
0.83333258416768807297 0.12500003694259984033 = -2.00000000090124707697 @ 198073 35138 1
0.83333258416768407617 0.12500003694259984033 = -2.00000000090124707697 @ 199751 35575 1
0.83333432096946535861 0.37500000041949055340 = -2.00000000155958446157 @ 196012 34602 1
0.83333432096952519963 0.37500000041949055340 = -2.00000000155958446157 @ 199122 35412 1
0.83333226174934593722 0.87499999468106071099 = -2.00000000183605664006 @ 199038 35390 1
0.83333226174934593722 0.87499999468104250333 = -2.00000000183605664006 @ 199501 35510 1
0.16666774135945194857 0.87500006150149101103 = -2.00000000185739601477 @ 198254 35185 1
0.50000112682474451287 0.62500000040367964527 = -2.00000000203014671740 @ 199255 35447 1
0.50000112682474451287 0.87499999433683783856 = -2.00000000203023731160 @ 197842 35078 1
0.50000112682474451287 0.87499999434148056920 = -2.00000000203023731160 @ 199946 35625 1
0.16666781974831829105 0.87500006150149101103 = -2.00000000213661266457 @ 199088 35403 1
0.83333217787863089754 0.62500002737240312189 = -2.00000000213674944405 @ 199098 35406 1
0.83333217787863089754 0.62500002737211524106 = -2.00000000213674944405 @ 199271 35451 1
0.83333217787829749756 0.62500002737240312189 = -2.00000000213675122041 @ 198777 35321 1
0.83333449324079533760 0.87500000741831640561 = -2.00000000215126050307 @ 196704 34782 1
0.83333449324079533760 0.87500000741879613297 = -2.00000000215126050307 @ 198733 35310 1
0.83333449324079489351 0.87500000741831640561 = -2.00000000215126050307 @ 199805 35589 1
0.83333449391593372724 0.62499985607929942066 = -2.00000000221248441790 @ 199171 35425 1
0.49999940328648073695 0.62499921596462304496 = -2.00000000231659136318 @ 192411 33663 1
0.49999877504743833745 0.62500001103759750265 = -2.00000000239947262060 @ 195633 34503 1
0.50000122850366246485 0.12499999406610241837 = -2.00000000241315767369 @ 197639 35025 1
0.50000122850366246485 0.12499999407305378840 = -2.00000000241315767369 @ 198918 35359 1
0.16666809681252445219 0.37500001022412876583 = -2.00000000327050564408 @ 198418 35228 1
0.49999999980803244704 0.62500109259843106280 = -2.00000000339323058540 @ 198484 35245 1
0.16666666907059377034 0.62500109260686886881 = -2.00000000339329098153 @ 199081 35401 1
0.16666666907666355391 0.62500109261891212409 = -2.00000000339336558852 @ 196033 34607 1
0.16666822110459680872 0.12500001814971797853 = -2.00000000386426357579 @ 195653 34509 1
0.83333488813616007906 0.12499999691543060842 = -2.00000000386516774142 @ 199429 35492 1
0.16666782147977113326 0.62499921596951291125 = -2.00000000387951182290 @ 198219 35176 1
0.16666822587314530923 0.12500001838387489461 = -2.00000000388802767759 @ 196870 34824 1
0.16666607048477019570 0.62500109111048784971 = -2.00000000395228916261 @ 195242 34402 1
0.16666508518484127177 0.37499999766715697014 = -2.00000000399893806957 @ 197855 35081 1
0.16666508518470068978 0.37499999766715697014 = -2.00000000399893984593 @ 198958 35369 1
0.16666508516481742808 0.12499998923169694520 = -2.00000000399935551343 @ 196408 34705 1
0.16666508516481742808 0.12499998923169694520 = -2.00000000399935551343 @ 197711 35044 1
0.16666508515601202722 0.12499998940163184469 = -2.00000000399938926421 @ 197883 35088 1
0.16666508445823824403 0.87499999424002916637 = -2.00000000400269328793 @ 198266 35188 1
0.16666508390514778171 0.87499999424002916637 = -2.00000000400549282631 @ 199807 35589 1
0.16666508518484127177 0.62500017954033926237 = -2.00000000409055012085 @ 198263 35187 1
0.16666831913761950834 0.62499996382207057000 = -2.00000000436970637452 @ 198574 35268 1
0.16666831913761950834 0.62499996381550981805 = -2.00000000436970815088 @ 198655 35290 1
0.50000130869088532659 0.37500093379933319149 = -2.00000000521690957100 @ 197565 35006 1
0.50000130869088532659 0.37500093380051136016 = -2.00000000521691490007 @ 199130 35414 1
0.16666677162591964079 0.37500144937681678670 = -2.00000000598872063051 @ 195720 34526 1
0.49999804146229437363 0.12499999994716867735 = -2.00000000613307982178 @ 199085 35402 1
0.83333341794035165062 0.62499851534809447440 = -2.00000000627674090481 @ 192674 33730 1
0.16666663879710130747 0.37499851257186556097 = -2.00000000628999075047 @ 195184 34387 1
0.16666663879707924178 0.37499851257186556097 = -2.00000000628999075047 @ 199179 35427 1
0.16666468302513076649 0.62500022713859559875 = -2.00000000643795772248 @ 198141 35156 1
0.16666464524527624391 0.87499999121002225433 = -2.00000000653345821888 @ 198554 35263 1
0.83333330611793843268 0.12500151756962588068 = -2.00000000654738840922 @ 197786 35063 1
0.50000209598284406365 0.62500011118274834132 = -2.00000000705922786892 @ 199317 35463 1
0.49999788085025820283 0.87500007448753935879 = -2.00000000719599668741 @ 198396 35222 1
0.49999788085025820283 0.87500007448737326943 = -2.00000000719599668741 @ 199451 35497 1
0.16666879038396914536 0.87500003372807433344 = -2.00000000721444415319 @ 198660 35291 1
0.49999855076439436719 0.37500116807404121344 = -2.00000000723631643496 @ 198910 35357 1
0.49999855076439436719 0.37500116807399841434 = -2.00000000723631643496 @ 199453 35498 1
0.49999855076439436719 0.37500116807400074581 = -2.00000000723631643496 @ 199673 35555 1
0.49999855076439436719 0.37500116807530492480 = -2.00000000723632531674 @ 198156 35159 1
0.83333119054390814018 0.87500003375795565308 = -2.00000000734455340989 @ 198039 35129 1
0.83333119054390814018 0.87499991837758572810 = -2.00000000736024929893 @ 196980 34853 1
0.83333488813715261845 0.37500116807399841434 = -2.00000000774337038933 @ 199845 35599 1
0.50000004418309385024 0.62500165231610205208 = -2.00000000776342012898 @ 194679 34253 1
0.16666675945637379752 0.87499834331784864805 = -2.00000000781513165293 @ 198125 35151 1
0.49999766389664246358 0.37499994726396945754 = -2.00000000873357564046 @ 197811 35070 1
0.83333410295435783599 0.87499834331784864805 = -2.00000000874840466736 @ 199546 35522 1
0.83333410637378202424 0.87499834331784864805 = -2.00000000875683880963 @ 199100 35406 1
0.83333410481076375387 0.87499826502282185281 = -2.00000000950779188713 @ 199209 35435 1
0.83333410481076375387 0.87499826501420518987 = -2.00000000950787715226 @ 198580 35270 1
0.49999749060350129337 0.62499994587352780684 = -2.00000001007656358354 @ 197208 34913 1
0.49999987873272905281 0.12499801582843925174 = -2.00000001121404302751 @ 198182 35166 1
0.16666663836582243374 0.12500206843317382410 = -2.00000001216244704949 @ 198582 35271 1
0.83333410637450155978 0.12499801073549426933 = -2.00000001220352885412 @ 198864 35345 1
0.83333614595761640320 0.87500007448474892424 = -2.00000001266424476398 @ 198997 35379 1
0.83333258416768807297 0.37499787678393614598 = -2.00000001371124724869 @ 198318 35202 1
0.16666961537646288183 0.62500000632638463838 = -2.00000001390216297636 @ 198103 35146 1
0.16666607367468266876 0.12499769097103360926 = -2.00000001571705432468 @ 199049 35393 1
0.83333471264888681063 0.37499787490497876741 = -2.00000001587844877804 @ 197611 35018 1
0.16666639193326904245 0.12500235904214615501 = -2.00000001593912024589 @ 198548 35262 1
0.83333669016551381592 0.12500007604932630856 = -2.00000001803308791182 @ 198669 35293 1
0.83333669016548528319 0.12500007604932630856 = -2.00000001803308791182 @ 199382 35479 1
0.83333669016548528319 0.12500007604932630856 = -2.00000001803308791182 @ 199853 35601 1
0.83333669017943123869 0.62499985953274672656 = -2.00000001807288363409 @ 199213 35436 1
0.83333339937632122663 0.87500264543955197372 = -2.00000001989940834335 @ 194207 34130 1
0.83333118964590857658 0.37499787678454810091 = -2.00000002016134104110 @ 199280 35453 1
0.83333118964590857658 0.37499787678393614598 = -2.00000002016134814653 @ 197844 35078 1
0.83333118964590857658 0.37499787678393614598 = -2.00000002016134814653 @ 199916 35617 1
0.16666961538358876505 0.12500151799330919133 = -2.00000002045197611267 @ 193378 33914 1
0.50000326837898578791 0.37500113535921397734 = -2.00000002074370186733 @ 196736 34790 1
0.50000007683424096960 0.87500278189224733882 = -2.00000002200691540111 @ 197233 34919 1
0.16666641511970653466 0.87500278189499414161 = -2.00000002209868910086 @ 198529 35257 1
0.50000379779779680067 0.87500024958725186597 = -2.00000002323808345750 @ 199655 35550 1
0.16666285876426428780 0.62499986065045831651 = -2.00000002323908887547 @ 197107 34886 1
0.50000379907217828990 0.87500024958725186597 = -2.00000002325356263100 @ 199009 35383 1
0.16667053503811823933 0.37500009197462313981 = -2.00000002395010056944 @ 197280 34931 1
0.16667053503811823933 0.37500009197457490062 = -2.00000002395010056944 @ 199518 35514 1
0.16667053577153406740 0.37500009254642679979 = -2.00000002395947440448 @ 199211 35435 1
0.16667053577188972735 0.87500029736811324454 = -2.00000002418648392677 @ 198715 35305 1
0.16667053577188972735 0.87500029737842410782 = -2.00000002418650169034 @ 199133 35415 1
0.83332933132276731936 0.12500001950970357489 = -2.00000002560881995350 @ 195852 34561 1
0.83332933132276731936 0.12500001950970396347 = -2.00000002560881995350 @ 199838 35597 1
0.83332933132276731936 0.87499993821434907115 = -2.00000002561858991612 @ 199925 35620 1
0.83332933132276731936 0.87500006795311768837 = -2.00000002562086365288 @ 198617 35280 1
0.83332932930048964071 0.62500009295419500788 = -2.00000002565818491007 @ 198357 35212 1
0.49999596630522163965 0.87500003375795565308 = -2.00000002601806059488 @ 197402 34963 1
0.16666248608847480939 0.12500026492647073328 = -2.00000002814342892066 @ 197066 34875 1
0.16666243028131397241 0.87499984122237584039 = -2.00000002876662108520 @ 199661 35552 1
0.16666242999940897307 0.87499984116517215416 = -2.00000002877049354311 @ 195970 34591 1
0.16666242999940897307 0.37500051223547542500 = -2.00000002944459787102 @ 199124 35412 1
0.50000007460984385865 0.62500323358206011370 = -2.00000002972966584025 @ 197303 34937 1
0.83333332567485862707 0.62500324132603746197 = -2.00000002986338465405 @ 197728 35048 1
0.83333332567485862707 0.62500324132603746197 = -2.00000002986338465405 @ 198760 35317 1
0.49999596630522163965 0.37500116802639127389 = -2.00000002989272829268 @ 198321 35202 1
0.16666227549353249127 0.37500011816448058921 = -2.00000003086985422840 @ 197893 35091 1
0.50000453807923339600 0.87499991838204771444 = -2.00000003294644557172 @ 198226 35178 1
0.50000453774505837501 0.62500028434035093117 = -2.00000003315247276703 @ 198891 35351 1
0.50000122895528165134 0.87499668136483066405 = -2.00000003371965462406 @ 197373 34956 1
0.50000122895528165134 0.87499668136482910974 = -2.00000003371965640042 @ 199597 35535 1
0.83333330816931372453 0.37500355922999623060 = -2.00000003600945497340 @ 199493 35508 1
0.83333330607076872010 0.37500355922999623060 = -2.00000003600963083272 @ 198550 35262 1
0.49999999889396906649 0.87499642319861203887 = -2.00000003636485956804 @ 197942 35104 1
0.83333340060567673291 0.12500359789428927559 = -2.00000003680225546532 @ 196842 34817 1
0.83333340060748684053 0.12500359789428927559 = -2.00000003680225546532 @ 198832 35335 1
0.16666186411507549758 0.62499949438237534238 = -2.00000003760394484686 @ 198351 35210 1
0.16666186410477265567 0.62499949438237534238 = -2.00000003760410294262 @ 197909 35095 1
0.83332933562553590523 0.37500240063674322721 = -2.00000004193388214446 @ 199964 35630 1
0.49999526621087114764 0.62500147195863475780 = -2.00000004198744640860 @ 199834 35596 1
0.49999526619397954841 0.62500147195863475780 = -2.00000004198770220398 @ 197189 34908 1
0.83333845729141575731 0.87500036814469694946 = -2.00000004236363970733 @ 198208 35173 1
0.83333845729141575731 0.87500036814488435510 = -2.00000004236363970733 @ 198886 35350 1
0.83333845729141553527 0.87500036814488435510 = -2.00000004236363970733 @ 199668 35553 1
0.83333845759586411273 0.87500036813877402064 = -2.00000004236861528284 @ 198662 35291 1
0.49999626512815692481 0.87500278206975357076 = -2.00000004430343025774 @ 198634 35284 1
0.49999626472400204857 0.87500278189499414161 = -2.00000004430549438439 @ 197053 34872 1
0.50000534963047416070 0.12500001985176148467 = -2.00000004575862533329 @ 198842 35338 1
0.50000534963366782826 0.12500001985176148467 = -2.00000004575868040035 @ 197702 35041 1
0.16666667122817080404 0.62499589767859353717 = -2.00000004783567497668 @ 197458 34978 1
0.16666667122817080404 0.62499589767859353717 = -2.00000004783567497668 @ 198142 35156 1
0.83333871865233211107 0.12500122756236101140 = -2.00000005065336416976 @ 199319 35463 1
0.16666227570345873432 0.87500278188369540189 = -2.00000005282456072564 @ 199340 35469 1
0.49999528097460216314 0.37499753133638813463 = -2.00000005292840832283 @ 199162 35422 1
0.83332750431620594700 0.87499993821434907115 = -2.00000005433656191656 @ 198076 35139 1
0.16666230897592648752 0.12500297624628153859 = -2.00000005554031012878 @ 197529 34996 1
0.83333928960306025147 0.37500036887763465998 = -2.00000005711033246314 @ 194209 34131 1
0.83333928989336880644 0.37500038453047268572 = -2.00000005714938389190 @ 197667 35032 1
0.83333935461686303725 0.62499995902466276565 = -2.00000005797338431535 @ 198401 35223 1
0.83333935461687114188 0.62499995902466276565 = -2.00000005797338431535 @ 199502 35510 1
0.83333935461686303725 0.62499995902465699249 = -2.00000005797338431535 @ 199711 35564 1
0.16667303692921697778 0.87500003375795565308 = -2.00000006488601655974 @ 199973 35632 1
0.16667303692717630459 0.12500007604932630856 = -2.00000006489917225849 @ 198491 35247 1
0.16667303692916876634 0.12500007604932630856 = -2.00000006489921311470 @ 198921 35360 1
0.16667303692921697778 0.12500007604932630856 = -2.00000006489921489106 @ 199469 35502 1
0.16667303661031848683 0.62499985955402592719 = -2.00000006493234749883 @ 198942 35365 1
0.16667303695632332272 0.62499986795398476680 = -2.00000006493289106402 @ 198872 35346 1
0.16667303695632332272 0.62499985955402592719 = -2.00000006493939608276 @ 196720 34786 1
0.16667303778004088910 0.62499985955402592719 = -2.00000006495617732583 @ 196989 34855 1
0.83333630993301721634 0.87500433882776162964 = -2.00000006767653282225 @ 197895 35091 1
0.83333630993301721634 0.87500433882775840999 = -2.00000006767653282225 @ 199713 35565 1
0.83333334585906215786 0.37499507259999720343 = -2.00000006901276883298 @ 199102 35407 1
0.83333334585906215786 0.37499507259999370623 = -2.00000006901276883298 @ 199762 35578 1
0.83333331391255294207 0.62499495732605747644 = -2.00000007227991538628 @ 196103 34626 1
0.49999309615813403163 0.12500001814971797853 = -2.00000007620821129706 @ 199405 35485 1
0.49999309614769882337 0.12500001864063686741 = -2.00000007620849373779 @ 198395 35222 1
0.16667156572504007728 0.62500375111761319324 = -2.00000007836998427990 @ 197279 34931 1
0.16665978380882320864 0.12499883332133196467 = -2.00000007961368275744 @ 199314 35462 1
0.83332604311569136168 0.37500000028540764196 = -2.00000008497589476519 @ 197519 34994 1
0.83332604311569136168 0.37500000028540764196 = -2.00000008497589476519 @ 198692 35299 1
0.83332604310407687453 0.12499998924858513050 = -2.00000008497649517381 @ 198781 35322 1
0.83332604310348634691 0.12499998924858513050 = -2.00000008497650760830 @ 197823 35073 1
0.16667204809340771532 0.37500398629735903766 = -2.00000009147113111396 @ 198094 35143 1
0.16665899075398912799 0.12499982182907050376 = -2.00000009429541947270 @ 199168 35424 1
0.50000011808358024723 0.62499423458558100997 = -2.00000009450520899179 @ 198545 35261 1
0.50000011808358024723 0.62499423458538627685 = -2.00000009450521609722 @ 199441 35494 1
0.50000011808358024723 0.62499423458268466014 = -2.00000009450530491506 @ 199113 35410 1
0.16666670063033442450 0.62499411951715533320 = -2.00000009829385128057 @ 191912 33532 1
0.49999938984989356072 0.37499404318998463825 = -2.00000010145541295969 @ 199380 35479 1
0.50000800936785350093 0.62499995902466276565 = -2.00000010257261884306 @ 198455 35238 1
0.50000800936785350093 0.62500109136466641679 = -2.00000010595342025965 @ 196929 34840 1
0.50000800936785350093 0.62500109136475112681 = -2.00000010595342025965 @ 199373 35477 1
0.16666467866432704836 0.87499405467469348885 = -2.00000010679063855434 @ 197557 35004 1
0.83334160554479896899 0.87500006520945849964 = -2.00000010942233963362 @ 199346 35470 1
0.49999151014822745820 0.62500000863286941932 = -2.00000011524332244051 @ 198326 35204 1
0.49999151013550713341 0.62500000865685356732 = -2.00000011524367060645 @ 197880 35088 1
0.49999151013550713341 0.62500000865930083194 = -2.00000011524367060645 @ 198230 35179 1
0.49999151013550713341 0.37500001024042051156 = -2.00000011524375587157 @ 199414 35488 1
0.49999151013549530953 0.37500001024042051156 = -2.00000011524375587157 @ 199658 35551 1
0.49999151013560838575 0.87500007458333040056 = -2.00000011525926524314 @ 199521 35515 1
0.49999151013550713341 0.87500007458333040056 = -2.00000011525926879585 @ 199036 35390 1
0.49999151013550713341 0.87500007458460415943 = -2.00000011525927057221 @ 198812 35330 1
0.49999151013550713341 0.37500062237870485093 = -2.00000011634449315068 @ 197789 35064 1
0.83332463148142388309 0.62499989122877119829 = -2.00000012110407432431 @ 197871 35085 1
0.83332463148142388309 0.62499989115259024786 = -2.00000012110412050959 @ 197695 35039 1
0.83332463148142388309 0.62499989115259024786 = -2.00000012110412050959 @ 199422 35490 1
0.50000132602697122675 0.12499354390099981504 = -2.00000012128798232425 @ 199243 35443 1
0.50000132602726465869 0.12499354389739611437 = -2.00000012128811732737 @ 198521 35255 1
0.83332454640811626234 0.62500028440861943313 = -2.00000012367921797818 @ 197979 35113 1
0.16665775825515138919 0.12499999558419254420 = -2.00000012688652084591 @ 198950 35367 1
0.83332896313526061416 0.87499405538394625648 = -2.00000013098400764022 @ 198416 35227 1
0.16666607367468266876 0.12500677935232806792 = -2.00000013119996289390 @ 197775 35060 1
0.16666607367468266876 0.12500677935232235027 = -2.00000013119996289390 @ 199625 35542 1
0.16667578828882423370 0.87500006795311768837 = -2.00000013304598134312 @ 199278 35453 1
0.16667580018571243050 0.37500003477026505605 = -2.00000013338353355152 @ 198278 35191 1
0.83333331166110036214 0.12499314532806107825 = -2.00000013355742112253 @ 199017 35385 1
0.83333339186049693037 0.12499314532806107825 = -2.00000013356214623172 @ 197583 35010 1
0.83333339186049693037 0.12499314532748688478 = -2.00000013356216754801 @ 198844 35339 1
0.83333338647428567558 0.12499314497921823475 = -2.00000013357477968157 @ 197469 34981 1
0.16667578828882423370 0.37500084553246748609 = -2.00000013506499207949 @ 197005 34860 1
0.16667578828882423370 0.37500084553246748609 = -2.00000013506499207949 @ 199972 35632 1
0.16665725489054258879 0.87499997786149164014 = -2.00000014163226680353 @ 198645 35287 1
0.16665725489054258879 0.87499997786196859195 = -2.00000014163226680353 @ 199042 35391 1
0.83332896309681636637 0.12500677935232806792 = -2.00000016117461498766 @ 198365 35214 1
0.49998984240555904845 0.12500007577845256845 = -2.00000016498310095869 @ 197731 35049 1
0.49998977359723023595 0.12500000312979928085 = -2.00000016720937345838 @ 198627 35282 1
0.16665978380882320864 0.37500570552033152261 = -2.00000016827475946002 @ 199442 35495 1
0.83334364790561199499 0.12500003695769806855 = -2.00000017010893138547 @ 198547 35261 1
0.83334364791510318060 0.12500003695769806855 = -2.00000017010924580063 @ 198045 35131 1
0.49999940328666891975 0.37500790280495172047 = -2.00000017809236041444 @ 199885 35610 1
0.49999988533213102215 0.37500796832538341175 = -2.00000018049988881330 @ 198077 35139 1
0.16666912339048303715 0.37499217353675889930 = -2.00000018375984822683 @ 199465 35501 1
0.16666912339050635183 0.37499217353675889930 = -2.00000018375984822683 @ 199600 35536 1
0.16666912339048303715 0.37499217283817781743 = -2.00000018379093269516 @ 198019 35124 1
0.49998983229954413465 0.12500343180740530746 = -2.00000019877154677772 @ 198193 35169 1
0.50001120048763358916 0.12499995168532958278 = -2.00000020058709360171 @ 196635 34764 1
0.16665546553766216742 0.62499989116574539150 = -2.00000020063709804674 @ 199229 35440 1
0.16665546553761725890 0.62499989116574539150 = -2.00000020063709982310 @ 199467 35501 1
0.50001129665806243185 0.12499995482062584151 = -2.00000020404552536490 @ 198822 35333 1
0.50001129665806243185 0.12499995481337963787 = -2.00000020404552714126 @ 197623 35021 1
0.83333488813715261845 0.62499150946607850976 = -2.00000020877471307301 @ 199936 35622 1
0.49999025826785203908 0.87499545425106095564 = -2.00000021047130616125 @ 199366 35475 1
0.16667844264489609096 0.87499999433944852800 = -2.00000022172207003734 @ 198404 35224 1
0.49999804104600326093 0.87499128319844976520 = -2.00000022211221128998 @ 199181 35427 1
0.16667844320541044811 0.12499801073549426933 = -2.00000023299113749431 @ 198531 35257 1
0.16667844320541044811 0.12499801070994821794 = -2.00000023299142704047 @ 196084 34621 1
0.50001215469013648995 0.37500062508560133567 = -2.00000023732295240109 @ 198072 35138 1
0.50001215469013648995 0.37500062508560133567 = -2.00000023732295240109 @ 199895 35612 1
0.50001215469013648995 0.37500062509206294470 = -2.00000023732297549373 @ 198922 35360 1
0.50001216519231117541 0.37500061665895850771 = -2.00000023770158108505 @ 197424 34969 1
0.50001216520246027919 0.37500061672385970324 = -2.00000023770220458630 @ 198683 35297 1
0.83334278206547063306 0.37499404318998463825 = -2.00000024360548422919 @ 199383 35480 1
0.83334279368409136524 0.37499404318998463825 = -2.00000024395675346511 @ 198281 35192 1
0.83333935504822198581 0.62499153367699633588 = -2.00000026171954559118 @ 199012 35383 1
0.16667960867358028176 0.87499992115407121407 = -2.00000026782225859279 @ 197165 34901 1
0.16666675945637379752 0.12499023468584279095 = -2.00000027107329003684 @ 198227 35178 1
0.83333333482055260699 0.87500977138806834699 = -2.00000027139682323707 @ 199429 35491 1
0.83333488813715261845 0.87500977138806834699 = -2.00000027526196610950 @ 197305 34938 1
0.83334639271438315511 0.12499883332133196467 = -2.00000027655314660535 @ 199180 35427 1
0.83332604311569136168 0.62499150946607850976 = -2.00000028988546141306 @ 199707 35563 1
0.83334261384445107446 0.37500790280495172047 = -2.00000031523085652907 @ 198878 35348 1
0.83332896307475146092 0.37501004981125524163 = -2.00000031762056096341 @ 195526 34476 1
0.83331916821787488381 0.12500001950970357489 = -2.00000032081632461711 @ 195786 34543 1
0.83331916821787488381 0.12500001950970357489 = -2.00000032081632461711 @ 196123 34631 1
0.83331916821787488381 0.87500006150149101103 = -2.00000032082599332739 @ 199275 35452 1
0.83331916821787488381 0.87500006150149101103 = -2.00000032082599332739 @ 199671 35554 1
0.83331916821787443972 0.87500006150149101103 = -2.00000032082599332739 @ 199788 35584 1
0.83334264226945820031 0.37499154637138926160 = -2.00000034168475870899 @ 197079 34879 1
0.16665203173312551077 0.37500309984897584048 = -2.00000036976253170451 @ 199618 35540 1
0.16665203174471690528 0.37500310452141299988 = -2.00000036984439155674 @ 198691 35299 1
0.16665203173312551077 0.37500310451158058722 = -2.00000036984475926261 @ 197356 34951 1
0.49998597080910034407 0.87499545372820841660 = -2.00000037343721714933 @ 195355 34431 1
0.16665343830955239857 0.87499375772547771657 = -2.00000039054511447034 @ 199326 35465 1
0.16665343830921394708 0.87499375772547771657 = -2.00000039054512868120 @ 199114 35410 1
0.49999955596954287484 0.62498816208490937107 = -2.00000039864492329400 @ 199051 35394 1
0.49999938984989356072 0.62498816208490937107 = -2.00000039892491798810 @ 198006 35120 1
0.83333449407669057951 0.87498816220658903742 = -2.00000040047570060153 @ 198397 35222 1
0.83333449407824544686 0.87498816220658903742 = -2.00000040047570593060 @ 198741 35312 1
0.83333449407533388698 0.87498816217253316818 = -2.00000040047798677278 @ 199257 35447 1
0.83334263545931919204 0.12499023467441244817 = -2.00000040941016621332 @ 198139 35155 1
0.16666468184835891986 0.37501207620857734959 = -2.00000042082636575458 @ 198868 35345 1
0.83331694260511135486 0.37500003476887305842 = -2.00000042955099388564 @ 196833 34815 1
0.50001667776332914261 0.87499997791164485506 = -2.00000044472518467842 @ 198310 35200 1
0.50001701165542633554 0.12499999419219615104 = -2.00000046270905862400 @ 197727 35048 1
0.50001701165542633554 0.12499999418987885191 = -2.00000046270905862400 @ 198496 35248 1
0.50001711922337965799 0.87499997789145333993 = -2.00000046858044555620 @ 198983 35376 1
0.50001711922359159956 0.87499997789145333993 = -2.00000046858045799070 @ 199413 35487 1
0.50001712645693330295 0.62500000865685356732 = -2.00000046897534033974 @ 198889 35351 1
0.50001712645693374704 0.62500000865685356732 = -2.00000046897534033974 @ 199808 35590 1
0.50001712645693330295 0.62499985594328466565 = -2.00000046903411465848 @ 196289 34674 1
0.16666467848008389985 0.62501305309990873305 = -2.00000049062584395188 @ 199127 35413 1
0.83332896316394178271 0.62501305418081642973 = -2.00000051492182251422 @ 197451 34976 1
0.83332896316394178271 0.62501305418081642973 = -2.00000051492182251422 @ 199431 35492 1
0.83332896316394178271 0.62501305419398767160 = -2.00000051492279951049 @ 198398 35223 1
0.16664844270350259725 0.62500009487483565440 = -2.00000053103278929711 @ 199237 35442 1
0.16664844270350259725 0.62500009487483565440 = -2.00000053103278929711 @ 199991 35637 1
0.16664843281966862376 0.37500116562317131752 = -2.00000053544531475325 @ 196846 34818 1
0.16666593836957735442 0.12501382545679876057 = -2.00000054416246086930 @ 196498 34728 1
0.49998984217335246116 0.62498816140916213513 = -2.00000056334948261849 @ 199040 35391 1
0.83334364791510318060 0.12498810581545931331 = -2.00000057223082627900 @ 198378 35217 1
0.49999309615813403163 0.87498616268442463983 = -2.00000062045412008160 @ 198337 35207 1
0.16666666776581276488 0.87501484864779721651 = -2.00000062670915745855 @ 196552 34742 1
0.16666666776424557406 0.87501484864779721651 = -2.00000062670915745855 @ 198293 35195 1
0.16666467794419675963 0.87501484864779721651 = -2.00000063303273734050 @ 196000 34599 1
0.16668702449390501719 0.87499992115407121407 = -2.00000066265760345630 @ 198957 35369 1
0.16668702449390501719 0.87499992115407121407 = -2.00000066265760345630 @ 199943 35624 1
0.49998734022922658449 0.37501207620857734959 = -2.00000067077910337332 @ 195384 34439 1
0.50002129063591482794 0.37500045552417271555 = -2.00000072534615114250 @ 199007 35382 1
0.83335479115527522076 0.62500000217044560102 = -2.00000073618342533166 @ 199147 35418 1
0.83335479115527522076 0.62500000217037743333 = -2.00000073618342533166 @ 199194 35431 1
0.83335479115527522076 0.37500062509206294470 = -2.00000073729407112921 @ 199763 35578 1
0.50000193642203072386 0.62501612022150898618 = -2.00000074463775945333 @ 198246 35183 1
0.16664380496579159208 0.12500005458886129239 = -2.00000083567273101437 @ 198867 35345 1
0.16664380495981767627 0.12500005458886129239 = -2.00000083567316799815 @ 197618 35020 1
0.16664380392753019855 0.12499999728598776283 = -2.00000083574018816535 @ 198727 35308 1
0.83334738761662940920 0.87498549539519698826 = -2.00000091381848754679 @ 198677 35295 1
0.16669080842623343330 0.37500007867500073644 = -2.00000093188172023417 @ 199139 35416 1
0.16669080842623343330 0.37500007867492524127 = -2.00000093188172023417 @ 199254 35446 1
0.16669080847516595800 0.37500007867603285527 = -2.00000093188549854517 @ 198490 35246 1
0.83335403632091875625 0.87500974902861294868 = -2.00000095545629186233 @ 198137 35155 1
0.16669112860953905209 0.62500020661016719714 = -2.00000095686731960143 @ 199325 35465 1
0.16669112860953905209 0.62500020661016719714 = -2.00000095686731960143 @ 199982 35634 1
0.16669148308763886979 0.12500001982314520865 = -2.00000098467642395406 @ 197061 34874 1
0.16666709939036764010 0.37498107030996774558 = -2.00000101884206493708 @ 195269 34409 1
0.49997471952573863119 0.12499995168532958278 = -2.00000102185201455995 @ 199350 35471 1
0.49997469699260066456 0.37499998396174399895 = -2.00000102366851884028 @ 197911 35096 1
0.49997469699260066456 0.37499998396174399895 = -2.00000102366851884028 @ 199859 35603 1
0.49997469669280297788 0.37499998171300974459 = -2.00000102369299526117 @ 197907 35095 1
0.49997469669280297788 0.12499995168532958278 = -2.00000102369867960306 @ 197418 34967 1
0.49997469194929905489 0.37499998161849074085 = -2.00000102407685531603 @ 198825 35334 1
0.83335895269998128132 0.37500051259032129991 = -2.00000105017214835357 @ 198603 35276 1
0.83335895363472345387 0.37500051223606112316 = -2.00000105024769680995 @ 199134 35415 1
0.83335900094553927442 0.37500051022264058176 = -2.00000105412147277661 @ 199732 35570 1
0.83333539960828906246 0.37501972885029799532 = -2.00000111318463957844 @ 198648 35288 1
0.83333539961459024425 0.37501972885029799532 = -2.00000111318468043464 @ 193553 33960 1
0.16666224261185164091 0.37501973830224138995 = -2.00000113871221785189 @ 198990 35378 1
0.16666638075673045893 0.62497981947354175336 = -2.00000115772720477025 @ 198631 35283 1
0.50002505319759049662 0.62499151975743416632 = -2.00000120796789637723 @ 199306 35460 1
0.50002505319759049662 0.62499151975716449314 = -2.00000120796790881172 @ 199141 35417 1
0.16665544613156307863 0.37497952374593501723 = -2.00000139307130808675 @ 197629 35022 1
0.49997073304914796399 0.87499604538827735478 = -2.00000141397706698854 @ 199024 35387 1
0.49997073304914796399 0.87499604538827735478 = -2.00000141397706698854 @ 199515 35514 1
0.49997073304914796399 0.87499604538815223265 = -2.00000141397706876489 @ 198629 35283 1
0.49997469669280297788 0.12498788295777954471 = -2.00000144102768295795 @ 197198 34910 1
0.49999993761140210102 0.87502259828644668449 = -2.00000145159379094650 @ 199249 35445 1
0.83330154649728405136 0.87499997784607086437 = -2.00000161551027844098 @ 199016 35384 1
0.83330154649728405136 0.87499997784594507610 = -2.00000161551027844098 @ 199550 35523 1
0.83330154639081777113 0.37500036887763465998 = -2.00000161590647884680 @ 189354 32890 1
0.83330154639081777113 0.12500235904214615501 = -2.00000163133814545802 @ 198894 35353 1
0.83330099684289571371 0.62500000838705149775 = -2.00000167186252930662 @ 198243 35182 1
0.83330099684289571371 0.62500000838705149775 = -2.00000167186252930662 @ 199118 35411 1
0.83330097556860438512 0.62500000863286941932 = -2.00000167406311391005 @ 194006 34078 1
0.16669974999720679754 0.37499692895989250596 = -2.00000177678836443818 @ 198124 35151 1
0.16666680687725304866 0.87502523531551701375 = -2.00000181016114453314 @ 199470 35502 1
0.16668181583994876038 0.37497744837440361021 = -2.00000181253723496866 @ 198858 35343 1
0.16663111949682662960 0.87500029737932227825 = -2.00000202059294984736 @ 195450 34456 1
0.16663111937956368025 0.87500029689921188236 = -2.00000202060546783400 @ 196671 34773 1
0.16663110988302648474 0.62500001577055419588 = -2.00000202143524496989 @ 194686 34255 1
0.16663109712383686323 0.87500023224575107506 = -2.00000202303885643573 @ 196919 34837 1
0.50003580285592308385 0.87499990657986415066 = -2.00000204953501103944 @ 199963 35629 1
0.50003580286307525160 0.87499990658778692421 = -2.00000204953582638723 @ 199629 35543 1
0.50003580544403702923 0.62499996462378848427 = -2.00000204981008167238 @ 197498 34989 1
0.50003580544403702923 0.62499996462207008108 = -2.00000204981008167238 @ 199264 35449 1
0.50002582830566089100 0.37498107780205347517 = -2.00000208434888548936 @ 199685 35558 1
0.50002582913542581444 0.37498107780205347517 = -2.00000208441741733623 @ 199360 35474 1
0.50003628908810826559 0.12500151655521735128 = -2.00000211209373013332 @ 195713 34524 1
0.16663013583396862893 0.37500311374064365655 = -2.00000216126119667592 @ 198087 35142 1
0.49996106484232760714 0.62500000039992376077 = -2.00000242381024051497 @ 199500 35510 1
0.49996105643286603559 0.62500000040245207167 = -2.00000242485737267373 @ 198566 35266 1
0.49996105643286603559 0.62500000040367964527 = -2.00000242485737267373 @ 198854 35341 1
0.83337259850099776326 0.37500113112761890299 = -2.00000246870901676743 @ 197527 34996 1
0.49996171825993362958 0.37499158783354152868 = -2.00000254428355539460 @ 198022 35125 1
0.16669080843493813693 0.12502515115914153432 = -2.00000272994156347295 @ 195963 34589 1
0.16670801973365484416 0.87500008534774420532 = -2.00000273422013030711 @ 196915 34836 1
0.16670801973374513305 0.87500008534774420532 = -2.00000273422014274161 @ 199510 35512 1
0.16669974604377371663 0.62501985429573536646 = -2.00000287003470766933 @ 196996 34857 1
0.16670882525306560118 0.62499225727631269045 = -2.00000301216019771289 @ 198616 35279 1
0.83328981490527154197 0.12500001917309344623 = -2.00000302803774765437 @ 198104 35146 1
0.16670887092245095795 0.62499150946607850976 = -2.00000305282592272249 @ 198242 35182 1
0.49995609230705240211 0.12500227310710088080 = -2.00000309713647794752 @ 197247 34923 1
0.50004606321410960401 0.62500020661016719714 = -2.00000339264752469148 @ 198799 35327 1
0.50004606321446176675 0.62500020659814004009 = -2.00000339264756199498 @ 198749 35314 1
0.83336579164484980708 0.62502711197634064355 = -2.00000377384907856992 @ 197412 34966 1
0.50002848466848048847 0.12496733177744248633 = -2.00000433078460915226 @ 198107 35147 1
0.50000003570800111152 0.62503987630934643160 = -2.00000451983213523022 @ 198452 35237 1
0.16666677162215923214 0.37495993440584007850 = -2.00000456285899375075 @ 198499 35249 1
0.16665455770924911261 0.87504063107799501253 = -2.00000492698788079338 @ 197401 34963 1
0.83331770808299776565 0.37504126935818588029 = -2.00000523150286646512 @ 196335 34686 1
0.50005765533127444211 0.37500001024042051156 = -2.00000531488271526825 @ 197526 34996 1
0.83336665238185347881 0.62496467529754073933 = -2.00000532190874658056 @ 196473 34722 1
0.83336665537587806263 0.62496467529754073933 = -2.00000532222776250535 @ 199074 35399 1
0.16672684899174633477 0.87500006795311768837 = -2.00000579100076336658 @ 197188 34907 1
0.16662108287368210258 0.12496743397938275821 = -2.00000633681935013897 @ 198956 35369 1
0.16662108287368210258 0.12496743397938275821 = -2.00000633681935013897 @ 199530 35518 1
0.16660027925293363626 0.62499989015615042831 = -2.00000704674112483872 @ 198050 35132 1
0.16660027918999570362 0.62499989015615042831 = -2.00000704675448481851 @ 197840 35077 1
0.16660027920358141951 0.37500062490961832973 = -2.00000704782731375531 @ 198745 35313 1
0.16660027920358400078 0.37500062490961832973 = -2.00000704782731375531 @ 199741 35572 1
0.83333332733567222483 0.12504989113205597362 = -2.00000707520286447050 @ 191952 33543 1
0.83333341794035165062 0.87505084020702050829 = -2.00000734695654713846 @ 197625 35021 1
0.83340123263016618882 0.62499411952525363301 = -2.00000746961155329018 @ 198394 35221 1
0.16659754425070388839 0.12499906094384125033 = -2.00000764178810008787 @ 198480 35244 1
0.83340123038328506322 0.37501004839762486220 = -2.00000765783458511748 @ 198845 35339 1
0.83340123038328484117 0.37501004839762486220 = -2.00000765783458511748 @ 199835 35596 1
0.16659659214631689084 0.87500005315681339546 = -2.00000785118857216105 @ 194240 34139 1
0.16659658507999219879 0.12500290307400582779 = -2.00000787671972624082 @ 196693 34779 1
0.16666089460957789203 0.12494752374832819586 = -2.00000788067376866763 @ 197597 35014 1
0.16659534109966406268 0.62499989001628031282 = -2.00000813405296185010 @ 197908 35095 1
0.83340585252147125761 0.12500151758301494831 = -2.00000841508563631521 @ 199495 35508 1
0.83336632416369416099 0.37504860546790347309 = -2.00000845546218286586 @ 196240 34661 1
0.83340584990553356892 0.87500826502474016166 = -2.00000860210198894151 @ 199262 35448 1
0.83340584990557564637 0.87500826502474016166 = -2.00000860210199959965 @ 199486 35506 1
0.16663110994761712313 0.37505086258398362409 = -2.00000937484113272546 @ 199605 35537 1
0.16666809681252445219 0.87493644707932793914 = -2.00001148383275229037 @ 198755 35315 1
0.50008588111298668544 0.87500000836467550780 = -2.00001179261175465740 @ 198785 35323 1
0.50008588135681331099 0.87500000848293157940 = -2.00001179267872153389 @ 199354 35472 1
0.49991346366968136827 0.12500001861068391062 = -2.00001197323890700375 @ 199743 35573 1
0.49991346366967370773 0.12500001861068391062 = -2.00001197323890878010 @ 199670 35554 1
0.49991307609992313710 0.12500001842554070430 = -2.00001208072797176385 @ 197856 35081 1
0.49991307609992313710 0.12500001842554070430 = -2.00001208072797176385 @ 199901 35614 1
0.49991307354260905438 0.12500001537307350863 = -2.00001208143852338139 @ 195330 34425 1
0.49991307354260905438 0.87498616910724869022 = -2.00001262517957201226 @ 199559 35525 1
0.83327254660329419522 0.62505223269924770069 = -2.00001366280451620128 @ 198244 35182 1
0.16675673465133877826 0.37497661934819115359 = -2.00001452430196557941 @ 199412 35487 1
0.50006371265378435353 0.62494464417744122198 = -2.00001520033235280493 @ 198679 35296 1
0.50006371265378435353 0.62494464417744122198 = -2.00001520033235280493 @ 198735 35310 1
0.16666720038450189012 0.37492209854484009890 = -2.00001725022250553820 @ 198252 35185 1
0.83322878895215934936 0.62500693534883522418 = -2.00001761167181335566 @ 197235 34919 1
0.83343875915484832984 0.37500006825551079892 = -2.00001777087975973757 @ 194872 34303 1
0.16654967871842779603 0.87499996002622160152 = -2.00002188249927037589 @ 197495 34987 1
0.49988057248523831699 0.12499963241981067175 = -2.00002280503170304371 @ 194086 34098 1
0.49988042773648105888 0.62500280472393421327 = -2.00002288232061964379 @ 197676 35035 1
0.16652010583214088557 0.37499998171300974459 = -2.00003434395877732754 @ 196140 34635 1
0.16652010515185661221 0.37499998306792053926 = -2.00003434427746817903 @ 198661 35291 1
0.49999757643265507756 0.12488470531498296889 = -2.00003779361496647482 @ 196723 34787 1
0.49986902476316541488 0.12493323679282805627 = -2.00004009762847623222 @ 195074 34357 1
0.83350139455864113991 0.37499992813837834671 = -2.00004515954827333246 @ 198837 35337 1
0.16649006762480930699 0.12500000077000464338 = -2.00004986445134136375 @ 196105 34626 1
0.49976571709002814980 0.12498715729364591465 = -2.00008822854813139713 @ 199537 35519 1
0.40765464299348597166 0.60379025683395082247 = -13.77020190182642522814 @ 22936 5342 1
