7.70627725750475622846 4.11120714211255133819 7.70627725959744491746 = 1.00000000000000000000 @ 389724 54073 1
4.11120714026069933311 7.70627726985997085762 7.70627726280817437754 = 1.00000000000000000000 @ 390447 54262 1
7.70627726274792745897 7.70627725818753006592 4.11120714072105197801 = 1.00000000000000000000 @ 391926 54644 1
2.19328005039492213157 7.70627726317106453990 0.33301843524945551334 = 1.00000000000000000000 @ 392897 54894 1
7.70627725750475622846 4.11120714211255133819 7.70627725707912070163 = 1.00000000000000000000 @ 392982 54919 1
4.11120714026069933311 7.70627726811905766624 7.70627726280817437754 = 1.00000000000000000000 @ 393185 54971 1
2.19328005126310854322 2.19328004825168987324 7.70627726438560145539 = 1.00000000000000000000 @ 393403 55030 1
2.19328005126310854322 2.19328004825168987324 7.70627726280817437754 = 1.00000000000000000000 @ 393586 55079 1
1.17008878902142199330 7.70627726355508180234 7.70627726280817437754 = 1.00000000000000000000 @ 393589 55079 1
2.19328005126310854322 2.19328004825168987324 7.70627726206296692624 = 1.00000000000000000000 @ 393710 55112 1
2.19328005039492213157 7.70627726219658182316 0.33301843524945551334 = 1.00000000000000000000 @ 393940 55173 1
7.70627726285286929198 7.70627725818753006592 4.11120714072105197801 = 1.00000000000000000000 @ 394235 55251 1
7.70627725750475622846 4.11120714415309507217 7.70627725707912070163 = 1.00000000000000000000 @ 394700 55372 1
7.70627725776109162581 4.11120714211255133819 7.70627725959744491746 = 1.00000000000000000000 @ 394823 55406 1
7.70627724237477185198 2.19328005136379333706 7.70627724849108286520 = 1.00000000000000000000 @ 395063 55469 1
7.70627724237477185198 2.19328005125698455302 7.70627724849108286520 = 1.00000000000000000000 @ 395251 55522 1
2.19328005248532065252 7.70627726985997085762 7.70627726280817437754 = 1.00000000000000000000 @ 395286 55532 1
7.70627724237477185198 7.70627726317106453990 0.33301843524945551334 = 1.00000000000000000000 @ 395570 55609 1
7.70627726285286929198 7.70627725729957102629 4.11120714072105197801 = 1.00000000000000000000 @ 395663 55634 1
2.19328005020703109551 7.70627726219658182316 0.33301843524945551334 = 1.00000000000000000000 @ 395972 55717 1
7.70627724273796665955 2.19328005125698455302 7.70627724849108286520 = 1.00000000000000000000 @ 395995 55723 1
4.11120714026069933311 2.19328004923982389229 4.11120713613671462383 = 1.00000000000000000000 @ 396071 55743 1
7.70627724274081327138 2.19328005125698455302 7.70627724849108286520 = 1.00000000000000000000 @ 396141 55761 1
2.19328005248532065252 7.70627726985997085762 7.70627726287014525042 = 1.00000000000000000000 @ 396189 55774 1
7.70627724237477185198 7.70627726317106453990 0.33301843524945551334 = 1.00000000000000000000 @ 396409 55833 1
2.19328005052597463376 7.70627726317106453990 0.33301843524945551334 = 1.00000000000000000000 @ 396450 55844 1
4.11120714626616035048 2.19328005285133187385 2.19328005291081717942 = 1.00000000000000000000 @ 396566 55876 1
4.11120714004111764694 2.19328004923982389229 4.11120713613671462383 = 1.00000000000000000000 @ 396635 55894 1
1.17008878902142199330 7.70627725818753006592 4.11120714072105197801 = 1.00000000000000000000 @ 397111 56022 1
4.11120714026069933311 2.19328005197785858016 0.33301843549950210788 = 1.00000000000000000000 @ 397328 56080 1
4.11120714004111764694 2.19328004923982389229 4.11120713617179323052 = 1.00000000000000000000 @ 397536 56135 1
4.11120714602238734869 2.19328005197785858016 2.19328005191407626739 = 1.00000000000000000000 @ 397722 56184 1
4.11120714026069933311 7.70627726985997085762 7.70627726281198022207 = 1.00000000000000000000 @ 398094 56284 1
4.11120714004111764694 2.19328004923950947713 4.11120713617179323052 = 1.00000000000000000000 @ 398284 56335 1
4.11120714026069933311 2.19328005197785858016 0.33301843549950127521 = 1.00000000000000000000 @ 398486 56389 1
1.17008878902263568911 7.70627726355508180234 7.70627726280817437754 = 1.00000000000000000000 @ 398639 56431 1
1.17008878557766071715 2.19328005197785858016 0.33301843549950210788 = 1.00000000000000000000 @ 398954 56516 1
4.11120714026069933311 1.17008878690501361142 4.11120714559887368011 = 1.00000000000000000000 @ 399136 56565 1
1.17008878902141977285 7.70627725818753006592 4.11120714072105197801 = 1.00000000000000000000 @ 399227 56589 1
2.19328005231633316185 0.33301843607606140818 2.19328004871940507314 = 1.00000000000000000000 @ 399350 56623 1
7.70627726059289930305 2.19328004923982389229 4.11120713617179323052 = 1.00000000000000000000 @ 399604 56691 1
2.19328005231633316185 0.33301843607606140818 2.19328004871940507314 = 1.00000000000000000000 @ 399746 56729 1
4.11120714026069933311 1.17008878690501361142 4.11120714559887368011 = 1.00000000000000000000 @ 399976 56790 1
7.70627726561895620705 7.70627727574371146346 7.70627726280817437754 = 0.99999999999999988898 @ 388900 53861 1
1.17008878469547217271 0.33301843594007424221 0.33301843562463090409 = 0.99999999999999988898 @ 390688 54324 1
7.70627726586071393200 0.33301843617424964350 2.19328004871940507314 = 0.99999999999999988898 @ 390914 54382 1
4.11120714993679037264 0.33301843617424964350 2.19328004871940507314 = 0.99999999999999988898 @ 391644 54572 1
2.19328004744871085663 0.33301843617424964350 0.33301843605589503960 = 0.99999999999999988898 @ 392248 54726 1
7.70627725105188954302 7.70627727574371146346 7.70627726736805751528 = 0.99999999999999988898 @ 392647 54830 1
4.11120714920565610839 0.33301843617424964350 2.19328004871940507314 = 0.99999999999999988898 @ 392999 54923 1
4.11120714026069933311 2.19328004620852512474 4.11120713613671462383 = 0.99999999999999988898 @ 393239 54986 1
7.70627726586071393200 0.33301843617424964350 2.19328004906731877099 = 0.99999999999999988898 @ 393608 55085 1
2.19328005126310854322 2.19328004825168987324 0.33301843614210235867 = 0.99999999999999988898 @ 393695 55108 1
1.17008878557766071715 1.17008878595539900225 0.33301843484458953926 = 0.99999999999999988898 @ 393903 55163 1
7.70627726586071393200 0.33301843617424964350 2.19328004735064396868 = 0.99999999999999988898 @ 393949 55175 1
7.70627726555575609524 7.70627727574371146346 7.70627726280817437754 = 0.99999999999999988898 @ 394494 55318 1
2.19328004745558891031 0.33301843617424964350 4.11120713601213605415 = 0.99999999999999988898 @ 394500 55320 1
4.11120713196935927414 7.70627726215297492729 2.19328005291081717942 = 0.99999999999999988898 @ 394578 55340 1
7.70627725886503078812 7.70627727574371146346 7.70627726736805751528 = 0.99999999999999988898 @ 394641 55357 1
4.11120713196935927414 7.70627726215297492729 2.19328005191407626739 = 0.99999999999999988898 @ 394657 55361 1
4.11120713045716446032 7.70627726215297492729 2.19328005191407626739 = 0.99999999999999988898 @ 394681 55367 1
7.70627724083221199436 4.11120713643800073100 0.33301843538861802818 = 0.99999999999999988898 @ 394829 55408 1
7.70627726555575609524 7.70627727525594696800 7.70627726280817437754 = 0.99999999999999988898 @ 394956 55441 1
2.19328005126310854322 2.19328004825168987324 4.11120713594505460264 = 0.99999999999999988898 @ 394976 55446 1
2.19328004745558891031 0.33301843617424964350 4.11120713718615871102 = 0.99999999999999988898 @ 395087 55478 1
7.70627724083221199436 4.11120713643800073100 0.33301843538861802818 = 0.99999999999999988898 @ 395527 55598 1
1.17008878557766071715 1.17008878690501361142 0.33301843484458953926 = 0.99999999999999988898 @ 395648 55630 1
4.11120713045716446032 7.70627726215297492729 0.33301843549950210788 = 0.99999999999999988898 @ 395710 55646 1
2.19328004841905777056 7.70627723876987325013 4.11120713594505460264 = 0.99999999999999988898 @ 395727 55651 1
1.17008878721239129028 1.17008878690501361142 0.33301843484458953926 = 0.99999999999999988898 @ 395764 55661 1
2.19328004779731422502 0.33301843617424964350 0.33301843605589503960 = 0.99999999999999988898 @ 395805 55672 1
1.17008878469547217271 0.33301843593705399149 0.33301843562463090409 = 0.99999999999999988898 @ 396005 55725 1
2.19328005086494481901 2.19328004825168987324 0.33301843614210235867 = 0.99999999999999988898 @ 396068 55742 1
1.17008878700434926223 0.33301843617424964350 2.19328004906731877099 = 0.99999999999999988898 @ 396116 55755 1
4.11120713045716446032 7.70627726215297492729 0.33301843549824949875 = 0.99999999999999988898 @ 396123 55757 1
4.11120713196935927414 7.70627726215297492729 2.19328005179832041804 = 0.99999999999999988898 @ 396132 55759 1
2.19328004744871085663 0.33301843617227994132 0.33301843605589503960 = 0.99999999999999988898 @ 396204 55778 1
1.17008878996613097101 0.33301843503771022537 7.70627726277597346893 = 0.99999999999999988898 @ 396258 55793 1
1.17008878467623800290 7.70627726219658182316 0.33301843524945551334 = 0.99999999999999988898 @ 396290 55801 1
1.17008878996613097101 0.33301843503771022537 7.70627726280928548874 = 0.99999999999999988898 @ 396331 55812 1
4.11120713045716446032 7.70627726225250064829 0.33301843549824949875 = 0.99999999999999988898 @ 396470 55850 1
2.19328004841905777056 7.70627723876987325013 7.70627725826410348020 = 0.99999999999999988898 @ 396537 55868 1
4.11120714026069933311 1.17008878690501361142 0.33301843484458953926 = 0.99999999999999988898 @ 396624 55892 1
4.11120713047790165007 7.70627726225250064829 0.33301843549824949875 = 0.99999999999999988898 @ 396693 55910 1
2.19328004841905777056 7.70627723876987325013 4.11120713594505460264 = 0.99999999999999988898 @ 396721 55918 1
1.17008878700434926223 0.33301843627168792317 2.19328004906731877099 = 0.99999999999999988898 @ 396759 55928 1
2.19328004841905777056 7.70627723876987325013 4.11120713594505460264 = 0.99999999999999988898 @ 396768 55930 1
1.17008878902142199330 2.19328004763077410999 4.11120715106407974559 = 0.99999999999999988898 @ 396999 55992 1
2.19328004841905777056 7.70627723876987325013 7.70627725826410348020 = 0.99999999999999988898 @ 397352 56086 1
1.17008878700434926223 0.33301843627168792317 2.19328004912367457990 = 0.99999999999999988898 @ 397418 56103 1
7.70627724083221199436 4.11120713643800073100 0.33301843538591513472 = 0.99999999999999988898 @ 397460 56115 1
7.70627726586071393200 0.33301843617424964350 4.11120713601213605415 = 0.99999999999999988898 @ 397493 56124 1
1.17008878996613097101 0.33301843503771022537 7.70627726278855362807 = 0.99999999999999988898 @ 397625 56158 1
7.70627726586071393200 0.33301843617478843473 2.19328004735064396868 = 0.99999999999999988898 @ 397705 56180 1
2.19328004841905777056 1.17008878595539900225 0.33301843484458953926 = 0.99999999999999988898 @ 397875 56226 1
2.19328005217683719152 1.17008878925302783891 7.70627724294050864273 = 0.99999999999999988898 @ 397939 56243 1
1.17008878557766071715 7.70627723873086090123 4.11120713594505460264 = 0.99999999999999988898 @ 398063 56276 1
7.70627724083221199436 0.33301843617424964350 7.70627725826410348020 = 0.99999999999999988898 @ 398140 56297 1
7.70627726586071393200 0.33301843578436990390 4.11120713601213605415 = 0.99999999999999988898 @ 398145 56298 1
7.70627724083221199436 0.33301843617424964350 7.70627725821963327490 = 0.99999999999999988898 @ 398166 56303 1
2.19328004745558891031 0.33301843617424964350 4.11120713717226760053 = 0.99999999999999988898 @ 398186 56309 1
2.19328005086494481901 2.19328004824924782667 0.33301843614210235867 = 0.99999999999999988898 @ 398383 56362 1
7.70627726586071393200 0.33301843617424964350 4.11120713600898923801 = 0.99999999999999988898 @ 398566 56411 1
7.70627724274081327138 2.19328005125698455302 0.33301843615583082148 = 0.99999999999999988898 @ 398625 56427 1
7.70627726274792745897 7.70627725818753006592 2.19328004655736963358 = 0.99999999999999988898 @ 398717 56452 1
1.17008878996613097101 0.33301843503771022537 7.70627726280835112505 = 0.99999999999999988898 @ 398731 56456 1
1.17008878467623800290 7.70627726219658182316 0.33301843524944790831 = 0.99999999999999988898 @ 398757 56463 1
1.17008878557766071715 1.17008878595526399913 0.33301843484458953926 = 0.99999999999999988898 @ 398894 56499 1
1.17008878902142199330 2.19328004763077410999 4.11120715106407974559 = 0.99999999999999988898 @ 398906 56503 1
4.11120714026083966530 1.17008878690501361142 0.33301843484458953926 = 0.99999999999999988898 @ 399041 56539 1
2.19328004744871085663 0.33301843617227994132 7.70627724849108286520 = 0.99999999999999988898 @ 399111 56559 1
4.11120714923464181112 4.11120714376263851619 4.11120713684194338811 = 0.99999999999999988898 @ 399119 56561 1
4.11120713224313583112 4.11120713884145239092 0.33301843562463090409 = 0.99999999999999988898 @ 399302 56609 1
7.70627724274081327138 2.19328005125698455302 0.33301843615586085301 = 0.99999999999999988898 @ 399320 56614 1
1.17008878557766071715 1.17008878595539900225 2.19328004655736963358 = 0.99999999999999988898 @ 399337 56619 1
7.70627726586071393200 0.33301843578436990390 4.11120713601213427779 = 0.99999999999999988898 @ 399451 56650 1
2.19328004744871085663 0.33301843617227994132 7.70627724849108286520 = 0.99999999999999988898 @ 399476 56657 1
7.70627727634756443109 2.19328005136379333706 7.70627727267048623361 = 0.99999999999999977796 @ 388323 53709 1
1.17008878557766071715 7.70627723312966850244 7.70627726280817437754 = 0.99999999999999977796 @ 391421 54513 1
4.11120713863901254825 0.33301843479623088884 2.19328005596374131514 = 0.99999999999999977796 @ 392977 54917 1
1.17008878557766071715 7.70627728242537646253 7.70627725826410348020 = 0.99999999999999977796 @ 394522 55325 1
4.11120715811053827338 2.19328005197785858016 2.19328005191407626739 = 0.99999999999999977796 @ 395710 55647 1
4.11120715812572257164 2.19328005197785858016 2.19328005191407626739 = 0.99999999999999977796 @ 396797 55938 1
7.70627725776109162581 0.33301843617424964350 0.33301843639317346701 = 0.99999999999999977796 @ 397047 56005 1
7.70627728285864854740 4.11120714222802607907 4.11120714484052296456 = 0.99999999999999977796 @ 397294 56071 1
4.11120715811053827338 2.19328005197785858016 2.19328005201762143983 = 0.99999999999999977796 @ 397315 56076 1
7.70627726586071393200 0.33301843617424964350 7.70627723661939079136 = 0.99999999999999977796 @ 397991 56256 1
4.11120714920565610839 0.33301843617424964350 7.70627727633355963377 = 0.99999999999999977796 @ 398048 56272 1
4.11120715811053827338 4.11120714039061052603 0.33301843549824949875 = 0.99999999999999977796 @ 398340 56350 1
7.70627725776109162581 0.33301843618086518495 0.33301843639317346701 = 0.99999999999999977796 @ 398372 56359 1
7.70627727478434909614 0.33301843458459184921 0.33301843588099661053 = 0.99999999999999977796 @ 398833 56483 1
4.11120715811100723158 4.11120714039061052603 0.33301843549824949875 = 0.99999999999999977796 @ 398872 56494 1
7.70627728285864854740 4.11120714222802607907 4.11120714484078675355 = 0.99999999999999977796 @ 399268 56600 1
7.70627727478434909614 1.17008878695473339526 0.33301843484533649731 = 0.99999999999999977796 @ 399317 56613 1
7.70627728004783207894 1.17008878695473339526 0.33301843484533649731 = 0.99999999999999977796 @ 399348 56622 1
4.11120715811053827338 2.19328005197785858016 2.19328005191406560925 = 0.99999999999999977796 @ 399397 56635 1
2.19328005843307627387 7.70627725790717121868 2.19328005454440821964 = 0.99999999999999977796 @ 399443 56647 1
7.70627725776103744693 0.33301843617424964350 0.33301843639317346701 = 0.99999999999999977796 @ 399467 56654 1
1.17008878557766071715 1.17008878595539900225 7.70627722938584014400 = 0.99999999999999977796 @ 399554 56677 1
7.70627726586071393200 0.33301843617424964350 7.70627723661939079136 = 0.99999999999999977796 @ 399710 56719 1
7.70627727510865945248 1.17008878695473339526 0.33301843484533649731 = 0.99999999999999977796 @ 399838 56753 1
4.11120714993679037264 0.33301843617424964350 0.33301843667433789209 = 0.99999999999999966693 @ 393351 55017 1
4.11120715811053827338 4.11120714051089031216 2.19328005686215776748 = 0.99999999999999966693 @ 394539 55330 1
2.19328005698051908823 4.11120714790056318577 7.70627723041554979488 = 0.99999999999999966693 @ 395230 55516 1
2.19328005681249571523 4.11120714790056318577 7.70627723041554979488 = 0.99999999999999966693 @ 395529 55598 1
4.11120714982560020445 0.33301843617424964350 0.33301843667433789209 = 0.99999999999999966693 @ 395614 55621 1
7.70627726533808043996 7.70627726087448650105 1.17008879211552319077 = 0.99999999999999966693 @ 396208 55779 1
4.11120715811053827338 4.11120714039061052603 2.19328005686215776748 = 0.99999999999999966693 @ 396232 55786 1
4.11120713224313583112 4.11120712648878949835 0.33301843562463090409 = 0.99999999999999966693 @ 396414 55834 1
2.19328005757418553756 4.11120714134466780365 2.19328005897192612750 = 0.99999999999999966693 @ 396560 55874 1
1.17008878190990284196 2.19328005125698455302 7.70627724849108286520 = 0.99999999999999966693 @ 397416 56103 1
7.70627726531666468190 7.70627726087448650105 1.17008879211552319077 = 0.99999999999999966693 @ 397908 56234 1
7.70627726531666468190 7.70627726087448650105 1.17008879211155369937 = 0.99999999999999966693 @ 398019 56264 1
4.11120714923464181112 4.11120714382303198420 7.70627722126090120014 = 0.99999999999999966693 @ 398103 56287 1
2.19328005757691757438 4.11120714134466780365 2.19328005897192612750 = 0.99999999999999966693 @ 398900 56501 1
2.19328005757417843213 4.11120714134466780365 2.19328005897192612750 = 0.99999999999999966693 @ 399152 56569 1
2.19328005698035877202 4.11120714790056318577 7.70627723041554979488 = 0.99999999999999966693 @ 399201 56582 1
4.11120714923464181112 4.11120714382302931966 7.70627722126090120014 = 0.99999999999999966693 @ 399549 56676 1
2.19328005039492213157 7.70627726317106453990 1.17008879342100380327 = 0.99999999999999955591 @ 392872 54887 1
4.11120714923464181112 4.11120714376263851619 4.11120716358318460948 = 0.99999999999999955591 @ 393180 54970 1
2.19328005789661384384 4.11120714134466780365 2.19328005938513825868 = 0.99999999999999955591 @ 393667 55100 1
2.19328004880170368551 2.19328005845215656677 0.33301843677690673440 = 0.99999999999999955591 @ 393785 55132 1
2.19328005039492213157 7.70627726317106453990 1.17008879342100380327 = 0.99999999999999955591 @ 396079 55745 1
2.19328004744871085663 0.33301843617227994132 0.33301843706964778802 = 0.99999999999999955591 @ 396223 55783 1
4.11120713224313583112 4.11120712474568783534 7.70627726280817437754 = 0.99999999999999955591 @ 396616 55889 1
2.19328005825345684343 1.17008879214976624361 4.11120713561723505336 = 0.99999999999999955591 @ 396981 55987 1
2.19328005843307627387 1.17008879214976624361 2.19328004906731877099 = 0.99999999999999955591 @ 397493 56124 1
4.11120714923464181112 4.11120714382303198420 4.11120716358318460948 = 0.99999999999999955591 @ 397618 56156 1
1.17008878563489759905 1.17008878189974208084 7.70627726280928548874 = 0.99999999999999955591 @ 397801 56206 1
2.19328005841009154864 1.17008879214976624361 2.19328004906731877099 = 0.99999999999999955591 @ 397866 56223 1
4.11120714923464181112 4.11120714382303198420 4.11120716362173865832 = 0.99999999999999955591 @ 397979 56253 1
1.17008878563489759905 1.17008878193125154255 7.70627726280928548874 = 0.99999999999999955591 @ 398100 56286 1
2.19328005843407902731 7.70627725790717121868 2.19328005786056223769 = 0.99999999999999955591 @ 398229 56320 1
1.17008878743698097047 1.17008878147789685542 4.11120714559887368011 = 0.99999999999999955591 @ 398276 56333 1
1.17008878743698097047 1.17008878147789685542 4.11120714561061273429 = 0.99999999999999955591 @ 398346 56352 1
7.70627726555575609524 1.17008879301501300674 2.19328004655736963358 = 0.99999999999999955591 @ 398918 56506 1
1.17008878743698097047 1.17008878147823303095 4.11120714561061273429 = 0.99999999999999955591 @ 399216 56586 1
7.70627726555575609524 1.17008879301501300674 2.19328004655754460472 = 0.99999999999999955591 @ 399295 56607 1
2.19328005039492213157 7.70627726317108763254 1.17008879342100380327 = 0.99999999999999955591 @ 399455 56651 1
4.11120716388439433331 2.19328005197785858016 0.33301843549950210788 = 0.99999999999999955591 @ 399543 56675 1
4.11120713196935927414 1.17008878193125154255 7.70627726280928548874 = 0.99999999999999955591 @ 399683 56712 1
2.19328005843307627387 1.17008879214976624361 0.33301843538591513472 = 0.99999999999999955591 @ 399823 56749 1
7.70627722745200927079 2.19328005121798774724 0.33301843695689875569 = 0.99999999999999944489 @ 391717 54590 1
1.17008878557766071715 7.70627724885067344474 4.11120716666767549441 = 0.99999999999999944489 @ 393517 55060 1
7.70627721122076003724 4.11120714222802607907 4.11120714486003890897 = 0.99999999999999944489 @ 393554 55070 1
7.70627722745200927079 2.19328005400111925027 0.33301843695689875569 = 0.99999999999999944489 @ 393664 55099 1
2.19328005843307627387 1.17008879214976624361 4.11120713601213605415 = 0.99999999999999944489 @ 394258 55257 1
4.11120716569413247043 2.19328005071279097393 0.33301843549950210788 = 0.99999999999999944489 @ 395288 55532 1
1.17008878743698097047 1.17008878147789685542 7.70627723255865237917 = 0.99999999999999944489 @ 395322 55542 1
2.19328005843307627387 1.17008879214976624361 0.33301843614142595529 = 0.99999999999999944489 @ 397391 56096 1
1.17008878743698097047 1.17008878147637429556 7.70627723255865237917 = 0.99999999999999944489 @ 397649 56165 1
2.19328005843307627387 1.17008879215426286891 4.11120713601213605415 = 0.99999999999999944489 @ 398312 56343 1
1.17008878996613097101 0.33301843503771022537 1.17008879346868432947 = 0.99999999999999944489 @ 398397 56366 1
1.17008878997669496513 0.33301843503771022537 1.17008879346868432947 = 0.99999999999999944489 @ 398477 56387 1
1.17008878996613097101 0.33301843503771022537 1.17008879346994509874 = 0.99999999999999944489 @ 398589 56417 1
4.11120713197211795631 7.70627726215297492729 4.11120716358318460948 = 0.99999999999999944489 @ 399408 56638 1
7.70627726247667155235 1.17008879226260331663 4.11120716389958040793 = 0.99999999999999933387 @ 393231 54984 1
7.70627724021653204289 2.19328006347807269449 2.19328005445445928245 = 0.99999999999999933387 @ 393714 55113 1
4.11120716402192964978 0.33301843597389207963 7.70627727951752561353 = 0.99999999999999933387 @ 394330 55274 1
7.70627726201434803954 1.17008879226260331663 4.11120716389958040793 = 0.99999999999999933387 @ 394473 55312 1
7.70627724015757831211 7.70627730141281297449 2.19328004655736963358 = 0.99999999999999933387 @ 395637 55627 1
7.70627726207032903716 1.17008879226260331663 4.11120716389958040793 = 0.99999999999999933387 @ 396424 55837 1
7.70627724015757831211 7.70627730140498812261 2.19328004655736963358 = 0.99999999999999933387 @ 396930 55973 1
4.11120716387747897613 0.33301843597389207963 7.70627727951752561353 = 0.99999999999999933387 @ 397011 55995 1
7.70627724021653204289 2.19328006345473669469 2.19328005445445928245 = 0.99999999999999933387 @ 397289 56070 1
2.19328004745558891031 0.33301843617424964350 7.70627730285046830261 = 0.99999999999999933387 @ 397585 56147 1
4.11120711938301397481 7.70627724652123458071 4.11120713601213605415 = 0.99999999999999933387 @ 397772 56198 1
7.70627724021653204289 2.19328006348911630496 2.19328005445445928245 = 0.99999999999999933387 @ 398175 56306 1
4.11120716388439433331 0.33301843597389207963 7.70627727951752561353 = 0.99999999999999933387 @ 398275 56333 1
7.70627723032131850545 0.33301843503771022537 1.17008879346868432947 = 0.99999999999999933387 @ 398737 56458 1
4.11120711938301397481 7.70627724652123458071 4.11120713601213605415 = 0.99999999999999933387 @ 399432 56645 1
7.70627726207032903716 1.17008879226260331663 4.11120716389958662518 = 0.99999999999999933387 @ 399484 56659 1
7.70627726247667155235 1.17008879226260331663 4.11120716389958040793 = 0.99999999999999933387 @ 399629 56697 1
4.11120711938301397481 7.70627724652123458071 4.11120713601213605415 = 0.99999999999999933387 @ 399807 56745 1
7.70627723032131850545 0.33301843503771022537 1.17008879346868432947 = 0.99999999999999933387 @ 399980 56792 1
4.11120717158608517394 7.70627726355508180234 7.70627726280817437754 = 0.99999999999999922284 @ 393092 54948 1
7.70627723032131850545 0.33301843724198965102 7.70627723730586122741 = 0.99999999999999922284 @ 393271 54995 1
7.70627724015757831211 7.70627730313362224734 2.19328004529552700319 = 0.99999999999999922284 @ 393298 55002 1
4.11120714602238734869 4.11120711939353711273 1.17008879224050188483 = 0.99999999999999922284 @ 394138 55224 1
4.11120714602238734869 4.11120711939353711273 1.17008879211552319077 = 0.99999999999999922284 @ 394343 55278 1
2.19328004745558891031 0.33301843617424964350 7.70627730298388957664 = 0.99999999999999922284 @ 394459 55309 1
1.17008878557766071715 7.70627728242537646253 2.19328006299835021053 = 0.99999999999999922284 @ 395107 55484 1
4.11120714723737012974 4.11120711939353711273 1.17008879132384557842 = 0.99999999999999922284 @ 395187 55504 1
4.11120716442923939127 2.19328005812596193991 7.70627727798094852574 = 0.99999999999999922284 @ 395619 55622 1
4.11120716442923939127 2.19328005801904790673 7.70627727798094852574 = 0.99999999999999922284 @ 395880 55692 1
4.11120716442923939127 2.19328005780645485245 7.70627727798094852574 = 0.99999999999999922284 @ 396252 55791 1
1.17008878557766071715 2.19328003597390130963 7.70627724389300983177 = 0.99999999999999922284 @ 396376 55824 1
1.17008878557766071715 7.70627728242537646253 2.19328006285356158500 = 0.99999999999999922284 @ 396606 55886 1
1.17008878902142199330 4.11120711450997511349 4.11120713910846724559 = 0.99999999999999922284 @ 399969 56788 1
2.19328006498520533540 7.70627725790717121868 2.19328005786056223769 = 0.99999999999999911182 @ 391038 54414 1
2.19328006593776336786 2.19328005163525929788 4.11120713613671462383 = 0.99999999999999911182 @ 392795 54868 1
7.70627721352503503027 7.70627726087448650105 0.33301843706378636556 = 0.99999999999999911182 @ 393523 55062 1
7.70627724021653204289 2.19328006365593131122 2.19328005821496319072 = 0.99999999999999911182 @ 396847 55951 1
2.19328006593776336786 2.19328005163525929788 4.11120713613671462383 = 0.99999999999999911182 @ 396925 55972 1
2.19328004745558891031 1.17008879474316684899 1.17008879152680211888 = 0.99999999999999911182 @ 397250 56059 1
2.19328006496310257134 7.70627725790717121868 2.19328005786056223769 = 0.99999999999999911182 @ 397563 56141 1
7.70627726555575609524 1.17008879474316684899 1.17008879152680211888 = 0.99999999999999911182 @ 397582 56147 1
7.70627720789975700910 0.33301843617376425399 0.33301843639317346701 = 0.99999999999999911182 @ 397660 56168 1
7.70627726557248315942 1.17008879474316684899 1.17008879152680211888 = 0.99999999999999911182 @ 398310 56342 1
2.19328004745627813676 1.17008879474316684899 1.17008879152680211888 = 0.99999999999999911182 @ 398838 56484 1
1.17008878743698097047 1.17008878147789685542 1.17008879353369321663 = 0.99999999999999911182 @ 399885 56766 1
7.70627727119685790313 4.11120714933317010775 2.19328006698227317983 = 0.99999999999999900080 @ 388680 53803 1
7.70627724015757831211 7.70627731306321805960 2.19328004655736963358 = 0.99999999999999900080 @ 392867 54886 1
7.70627727119685790313 4.11120714933317010775 2.19328006698227317983 = 0.99999999999999900080 @ 392906 54896 1
7.70627727119685790313 4.11120714372481188548 2.19328006698227317983 = 0.99999999999999900080 @ 394246 55253 1
1.17008879631851070435 2.19328004825168987324 7.70627726280817437754 = 0.99999999999999900080 @ 394644 55357 1
2.19328006052281443417 4.11120711620119028140 0.33301843536360287157 = 0.99999999999999900080 @ 395425 55570 1
7.70627727119685790313 4.11120714933317010775 2.19328006698227317983 = 0.99999999999999900080 @ 397454 56113 1
2.19328005853798924107 1.17008879534515486398 4.11120713601213605415 = 0.99999999999999900080 @ 397771 56198 1
2.19328006052281443417 4.11120711620119028140 0.33301843536360281606 = 0.99999999999999900080 @ 399281 56604 1
7.70627731305428120834 7.70627727952652730181 0.33301843612766540703 = 0.99999999999999888978 @ 393475 55049 1
2.19328005748670884500 7.70627730976547553610 4.11120712950001987451 = 0.99999999999999888978 @ 394427 55300 1
1.17008878902142199330 2.19328006647429063491 0.33301843677690673440 = 0.99999999999999888978 @ 395646 55630 1
2.19328005748670884500 7.70627731079597300123 4.11120713117541924930 = 0.99999999999999888978 @ 395737 55654 1
2.19328006052281443417 4.11120711450997511349 0.33301843536099529075 = 0.99999999999999888978 @ 396481 55853 1
1.17008879143037369808 2.19328006661391361476 4.11120714484052296456 = 0.99999999999999888978 @ 396584 55880 1
2.19328006045800805168 4.11120711450997511349 0.33301843536360287157 = 0.99999999999999888978 @ 396592 55883 1
1.17008878844331642988 0.33301843281889742521 4.11120713556952122048 = 0.99999999999999888978 @ 396672 55905 1
2.19328006045800805168 4.11120711439046182534 0.33301843536360287157 = 0.99999999999999888978 @ 396789 55935 1
2.19328006052281443417 4.11120711450997511349 4.11120713910846724559 = 0.99999999999999888978 @ 396864 55956 1
7.70627731305428120834 7.70627727953947161410 0.33301843612766540703 = 0.99999999999999888978 @ 397449 56112 1
1.17008878844331642988 2.19328004162551915002 2.19328006640840778019 = 0.99999999999999888978 @ 397750 56192 1
2.19328006049608204009 4.11120711450997511349 4.11120713910846724559 = 0.99999999999999888978 @ 397851 56219 1
2.19328006052281443417 4.11120711450997511349 4.11120713910664736801 = 0.99999999999999888978 @ 398010 56261 1
1.17008878844331642988 4.11120710915569809174 4.11120714918979501817 = 0.99999999999999888978 @ 398355 56354 1
7.70627726555575609524 1.17008879301501300674 2.19328006505806039073 = 0.99999999999999888978 @ 398469 56385 1
2.19328006593776336786 2.19328005163525929788 1.17008879211552319077 = 0.99999999999999888978 @ 399355 56624 1
1.17008878844331642988 0.33301843281889742521 4.11120713556952122048 = 0.99999999999999888978 @ 399830 56751 1
4.11120713784779656663 1.17008877913611941679 7.70627721944632515516 = 0.99999999999999877875 @ 391426 54515 1
2.19328006705270128762 2.19328005812596193991 7.70627727798094852574 = 0.99999999999999877875 @ 393771 55129 1
4.11120713784779656663 1.17008877944248523839 1.17008879318672098790 = 0.99999999999999877875 @ 396245 55789 1
4.11120713773336898811 1.17008877913611941679 7.70627722126090120014 = 0.99999999999999877875 @ 396320 55809 1
4.11120713863901254825 0.33301843479623088884 4.11120710829655688912 = 0.99999999999999877875 @ 396364 55822 1
4.11120713863901254825 0.33301843490874938336 4.11120710829655688912 = 0.99999999999999877875 @ 396691 55910 1
2.19328005248532065252 7.70627726985997085762 1.17008879725343550859 = 0.99999999999999877875 @ 397151 56032 1
1.17008878557766071715 4.11120710810358769294 7.70627726287014525042 = 0.99999999999999877875 @ 397151 56033 1
1.17008878557766071715 4.11120710810358769294 7.70627726289201220311 = 0.99999999999999877875 @ 397675 56172 1
7.70627725839617383485 4.11120710915569809174 2.19328004529552700319 = 0.99999999999999877875 @ 398007 56261 1
4.11120713784779656663 1.17008877913606279542 7.70627721944632515516 = 0.99999999999999877875 @ 398613 56424 1
4.11120713863901254825 0.33301843479669024362 4.11120710829655688912 = 0.99999999999999877875 @ 399109 56558 1
4.11120713863901254825 0.33301843479669024362 4.11120710829665458874 = 0.99999999999999877875 @ 399322 56615 1
4.11120713784779479028 1.17008877944248523839 1.17008879318672098790 = 0.99999999999999877875 @ 399680 56711 1
2.19328005843307627387 2.19328004162551915002 2.19328006640840778019 = 0.99999999999999866773 @ 394744 55384 1
4.11120710794596710969 0.33301843458459184921 0.33301843588099661053 = 0.99999999999999866773 @ 394783 55395 1
4.11120713784779656663 1.17008877913611941679 1.17008879342100380327 = 0.99999999999999866773 @ 394920 55431 1
7.70627720646162384099 4.11120712581879299563 1.17008878200758936750 = 0.99999999999999866773 @ 394974 55445 1
2.19328005843307627387 2.19328004162551915002 2.19328006640846595587 = 0.99999999999999866773 @ 395856 55685 1
2.19328005843307627387 2.19328004162551915002 2.19328006640840778019 = 0.99999999999999866773 @ 396504 55859 1
7.70627720646162384099 4.11120712581879299563 1.17008878200299859529 = 0.99999999999999866773 @ 398120 56291 1
7.70627720647282643540 4.11120712581879299563 1.17008878200299859529 = 0.99999999999999866773 @ 398170 56304 1
1.17008878557766071715 4.11120710810358769294 0.33301843615583082148 = 0.99999999999999866773 @ 398201 56313 1
2.19328005698051908823 4.11120714790056318577 1.17008879725343550859 = 0.99999999999999866773 @ 399654 56704 1
2.19328004787266594988 7.70627719881747985653 0.33301843734226643789 = 0.99999999999999855671 @ 390399 54249 1
7.70627731305428120834 0.33301843362295874273 7.70627724039313832805 = 0.99999999999999855671 @ 394898 55426 1
7.70627722950247306954 2.19328006438514355736 0.33301843759091348529 = 0.99999999999999855671 @ 395242 55519 1
1.17008878554983164477 4.11120710810358769294 7.70627723041554979488 = 0.99999999999999855671 @ 399654 56704 1
2.19328006938219255417 2.19328005812596193991 7.70627723661939079136 = 0.99999999999999844569 @ 392701 54844 1
1.17008878902142199330 2.19328007149102388595 2.19328005445445928245 = 0.99999999999999844569 @ 394207 55243 1
7.70627722701830908392 0.33301843302613914899 1.17008879353369321663 = 0.99999999999999844569 @ 395950 55711 1
7.70627732146159782900 1.17008879214976624361 7.70627727798094852574 = 0.99999999999999844569 @ 396707 55914 1
1.17008878902142199330 2.19328007149099901696 2.19328005445445928245 = 0.99999999999999844569 @ 399330 56617 1
7.70627732146159782900 1.17008879214976624361 7.70627727798094852574 = 0.99999999999999844569 @ 399336 56618 1
7.70627722701831086027 0.33301843302613914899 1.17008879353369321663 = 0.99999999999999844569 @ 399368 56627 1
4.11120714626616035048 2.19328005285133187385 1.17008877569012281761 = 0.99999999999999833467 @ 396760 55928 1
4.11120714626616035048 2.19328005285133187385 1.17008877569008284958 = 0.99999999999999833467 @ 398507 56395 1
1.17008878557766071715 4.11120713769256251879 2.19328007248733225509 = 0.99999999999999833467 @ 399254 56597 1
2.19328006713820355955 4.11120711483700684852 7.70627727270191087428 = 0.99999999999999822364 @ 395918 55702 1
7.70627724237477185198 2.19328007313689754554 4.11120714636958783927 = 0.99999999999999822364 @ 396028 55731 1
4.11120713196935927414 7.70627726215297492729 1.17008877570691449677 = 0.99999999999999822364 @ 396566 55875 1
4.11120713197211795631 7.70627726215297492729 1.17008877570691449677 = 0.99999999999999822364 @ 398242 56324 1
1.17008878563489759905 7.70627726215297492729 1.17008877570691449677 = 0.99999999999999822364 @ 399683 56712 1
2.19328005248532065252 1.17008878431872043180 7.70627717576235848895 = 0.99999999999999811262 @ 392807 54871 1
2.19328005248532065252 1.17008878431872043180 7.70627717557756231059 = 0.99999999999999811262 @ 395501 55590 1
1.17008877933817911909 2.19328006471800751598 1.17008879326631776152 = 0.99999999999999811262 @ 395658 55633 1
1.17008877933817911909 2.19328006472673875393 1.17008879326631776152 = 0.99999999999999811262 @ 396145 55762 1
1.17008877933817911909 2.19328006499853200850 1.17008879326631776152 = 0.99999999999999811262 @ 396987 55988 1
1.17008877933817911909 2.19328006471800751598 1.17008879326717840641 = 0.99999999999999811262 @ 397791 56203 1
7.70627731754875267001 1.17008879474316684899 1.17008879152680211888 = 0.99999999999999811262 @ 398430 56374 1
7.70627728264656486346 4.11120712488402517693 1.17008877630548702165 = 0.99999999999999800160 @ 396466 55849 1
2.19328004658972464114 0.33301843621010823737 7.70627717254884281317 = 0.99999999999999789058 @ 399327 56616 1
2.19328005217683719152 1.17008878925302783891 7.70627716848428967467 = 0.99999999999999777955 @ 395599 55617 1
1.17008878557766071715 4.11120710810358769294 1.17008879725343550859 = 0.99999999999999766853 @ 396076 55744 1
1.17008878554983164477 4.11120710810358769294 1.17008879725343550859 = 0.99999999999999766853 @ 396834 55947 1
1.17008878557766071715 4.11120710810358769294 1.17008879725343550859 = 0.99999999999999766853 @ 397091 56017 1
1.17008878557766071715 4.11120710810358769294 1.17008879725343550859 = 0.99999999999999766853 @ 399934 56779 1
1.17008878450922182424 7.70627733298372863402 2.19328006698227317983 = 0.99999999999999733546 @ 396572 55877 1
1.17008878450922182424 7.70627733277189719274 2.19328006698227317983 = 0.99999999999999733546 @ 396612 55888 1
1.17008877273727884827 4.11120714051089031216 2.19328005686215776748 = 0.99999999999999722444 @ 394820 55405 1
1.17008877273727884827 4.11120714040817514245 2.19328005686215776748 = 0.99999999999999722444 @ 396097 55750 1
4.11120710400712319199 4.11120713769628576273 2.19328007248733225509 = 0.99999999999999689138 @ 391355 54496 1
7.70627725967591370448 7.70627735564714289040 1.17008879297400669728 = 0.99999999999999689138 @ 393504 55057 1
4.11120710400712319199 4.11120713769256251879 2.19328007248733225509 = 0.99999999999999689138 @ 398270 56331 1
4.11120710400712319199 4.11120713769256251879 2.19328007248409395658 = 0.99999999999999689138 @ 398406 56368 1
1.17008878557766071715 4.11120719883533070060 4.11120713594505460264 = 0.99999999999999689138 @ 398665 56438 1
1.17008878557803419618 4.11120719883533070060 4.11120713594505460264 = 0.99999999999999689138 @ 399189 56579 1
7.70627725967591370448 7.70627735655569345852 1.17008879291622691632 = 0.99999999999999678035 @ 394730 55380 1
1.17008878557766071715 7.70627735564714289040 1.17008879297400669728 = 0.99999999999999678035 @ 399802 56744 1
7.70627717418178903586 1.17008879778467256294 7.70627723041554979488 = 0.99999999999999666933 @ 391786 54608 1
4.11120714923464181112 0.33301843977590339652 1.17008878084394174479 = 0.99999999999999666933 @ 396673 55905 1
4.11120714923464181112 0.33301843977473100100 1.17008878084394174479 = 0.99999999999999666933 @ 396860 55954 1
4.11120717746786024094 7.70627724652123458071 1.17008877428485669192 = 0.99999999999999666933 @ 398672 56440 1
1.17008877037908387564 4.11120714051089031216 2.19328005671200410021 = 0.99999999999999633626 @ 396051 55737 1
1.17008877041635650507 4.11120714051089031216 2.19328005671200410021 = 0.99999999999999633626 @ 397009 55994 1
7.70627718038077347273 1.17008880033313222846 7.70627723041554979488 = 0.99999999999999622524 @ 393270 54995 1
1.17008878190990284196 2.19328006663920094255 7.70627715822190673123 = 0.99999999999999600320 @ 395217 55513 1
1.17008877758386553580 4.11120708922467681390 7.70627725501988170009 = 0.99999999999999600320 @ 395717 55648 1
7.70627716893751468774 7.70627726087448650105 1.17008877428485669192 = 0.99999999999999578115 @ 392048 54674 1
7.70627735879361175364 2.19328007313689754554 4.11120715728263430577 = 0.99999999999999511502 @ 390851 54365 1
2.19328008109801286807 7.70627734074617620763 7.70627725501988170009 = 0.99999999999999478195 @ 399566 56680 1
4.11120721052913395965 2.19328003597390130963 7.70627724294050864273 = 0.99999999999999467093 @ 394269 55259 1
2.19328008346190550526 7.70627734074617620763 7.70627725501988170009 = 0.99999999999999433786 @ 393729 55117 1
1.17008878561617080116 4.11120721849839476647 0.33301843484458953926 = 0.99999999999999422684 @ 399212 56585 1
1.17008877758386553580 1.17008880749361154905 4.11120714071037784976 = 0.99999999999999389377 @ 399495 56662 1
0.33301842924681690494 7.70627725747127723110 2.19328006505806039073 = 0.99999999999999344968 @ 398492 56391 1
0.33301842924732349971 7.70627725747127723110 2.19328006505806039073 = 0.99999999999999344968 @ 399033 56537 1
0.33301842924732349971 7.70627725747127723110 2.19328006505805461757 = 0.99999999999999344968 @ 399603 56690 1
4.11120714032622736056 4.11120713539884707899 7.70627709859480258814 = 0.99999999999999300559 @ 393188 54972 1
7.70627710025045953302 0.33301843302613914899 4.11120714918979501817 = 0.99999999999999222844 @ 399719 56722 1
7.70627710025045953302 0.33301843302613914899 2.19328005852417939892 = 0.99999999999999200639 @ 388328 53710 1
7.70627742496805367978 4.11120716268930674886 4.11120714582125579284 = 0.99999999999999167333 @ 393917 55167 1
7.70627742504672852419 4.11120716268930674886 4.11120714582125579284 = 0.99999999999999167333 @ 397139 56029 1
1.17008878557766071715 4.11120704409509052368 4.11120713594505460264 = 0.99999999999999034106 @ 392880 54890 1
2.19328000049938287574 4.11120710915569809174 4.11120714918979501817 = 0.99999999999999011902 @ 392924 54901 1
1.17008878557766071715 7.70627743362202366484 7.70627733623819821673 = 0.99999999999998934186 @ 387354 53456 1
4.11120724852150853934 0.33301843522529545050 2.19328006500974170834 = 0.99999999999998834266 @ 393389 55027 1
2.19328006938219255417 4.11120721734091887356 7.70627711701851936255 = 0.99999999999998789857 @ 392863 54885 1
4.11120717676926616946 7.70627705942884322354 2.19328006199393765741 = 0.99999999999998756550 @ 394746 55385 1
4.11120717676926616946 7.70627705943268637157 2.19328006199393765741 = 0.99999999999998756550 @ 397891 56230 1
0.33301844248169565343 1.17008880270515502886 1.17008877239106046098 = 0.99999999999998701039 @ 395123 55487 1
0.33301844248169565343 1.17008880270879878083 1.17008877239106046098 = 0.99999999999998701039 @ 398727 56455 1
0.33301844250898898769 1.17008880270515502886 7.70627715822190673123 = 0.99999999999998701039 @ 399758 56732 1
1.17008878467623800290 4.11120704133842007622 7.70627714303232380644 = 0.99999999999998612221 @ 395334 55545 1
4.11120722648749215011 4.11120706408953662248 4.11120711104325486929 = 0.99999999999998601119 @ 397091 56017 1
7.70627732146159782900 7.70627704149887904350 0.33301843615583082148 = 0.99999999999998578915 @ 395467 55581 1
0.33301842924681690494 7.70627725747127723110 7.70627708040889736196 = 0.99999999999998545608 @ 396348 55817 1
0.33301842924681690494 7.70627725747127723110 7.70627708040750913909 = 0.99999999999998545608 @ 398958 56517 1
0.33301842569648260062 4.11120710915569809174 4.11120714918979501817 = 0.99999999999998445688 @ 399465 56654 1
4.11120701731395055134 2.19328005819526605791 7.70627724294050864273 = 0.99999999999998423483 @ 399341 56620 1
0.33301842569652229109 0.33301843235647027308 0.33301843549824949875 = 0.99999999999998423483 @ 399811 56746 1
7.70627701767923767306 2.19328005293509997742 1.17008878645861491563 = 0.99999999999998401279 @ 398982 56523 1
7.70627701767923767306 2.19328005293509997742 1.17008878645861491563 = 0.99999999999998401279 @ 399941 56781 1
4.11120721734795502300 1.17008877632916452605 7.70627743705589551837 = 0.99999999999998379074 @ 397879 56226 1
0.33301842569682216233 0.33301843187794971657 2.19328004618848515506 = 0.99999999999998367972 @ 396909 55967 1
0.33301842569648260062 0.33301843187794971657 2.19328004618848515506 = 0.99999999999998367972 @ 397898 56232 1
0.33301842569647888137 0.33301843187794971657 0.33301843549824949875 = 0.99999999999998367972 @ 399014 56532 1
0.33301842569652229109 0.33301843187794971657 0.33301843549824949875 = 0.99999999999998367972 @ 399463 56653 1
0.33301842821238364367 7.70627726087394027132 7.70627708040889736196 = 0.99999999999998334665 @ 398413 56370 1
0.33301842821238364367 7.70627726087286912815 7.70627708040889736196 = 0.99999999999998334665 @ 399031 56536 1
4.11120708080054875211 7.70627746696960880257 4.11120711963011764567 = 0.99999999999998323563 @ 399210 56585 1
1.17008878469547217271 0.33301843470328607033 4.11120701224517670624 = 0.99999999999998301359 @ 395699 55643 1
7.70627750917882892168 7.70627731789282321984 4.11120713162823125941 = 0.99999999999998090416 @ 391379 54502 1
7.70627750917882892168 7.70627731789282321984 4.11120713164800477557 = 0.99999999999998090416 @ 397559 56140 1
0.33301842414923521485 7.70627726219658182316 0.33301843524945551334 = 0.99999999999998068212 @ 398861 56491 1
7.70627698848463715819 4.11120714790056318577 7.70627723041554979488 = 0.99999999999997968292 @ 395705 55645 1
0.33301842414923521485 2.19328004851234314998 7.70627734126999541786 = 0.99999999999997868372 @ 399332 56618 1
7.70627696546757423590 2.19328004763077410999 4.11120715106407974559 = 0.99999999999997613020 @ 394356 55282 1
0.33301842976313428268 2.19327997474399838396 7.70627722015523275445 = 0.99999999999997468692 @ 398464 56383 1
0.33301842976313428268 2.19327997474399838396 2.19328006500974170834 = 0.99999999999997435385 @ 399575 56683 1
1.17008878557766071715 7.70627723312966850244 7.70627756856120971207 = 0.99999999999997246647 @ 393754 55124 1
4.11120714112827023712 7.70627697609768080866 7.70627710380542652047 = 0.99999999999997146727 @ 392682 54839 1
0.33301844250948170467 7.70627754212231508291 4.11120711963011764567 = 0.99999999999996913580 @ 395822 55676 1
0.33301844250946222026 7.70627754212231508291 4.11120711963011764567 = 0.99999999999996913580 @ 397670 56171 1
0.33301844254013035496 7.70627754212231508291 4.11120711963011764567 = 0.99999999999996902478 @ 397727 56186 1
0.33301844250948170467 7.70627754689346655681 4.11120712236427010566 = 0.99999999999996846967 @ 399145 56567 1
0.33301844250948170467 7.70627754689346655681 4.11120711963011764567 = 0.99999999999996835864 @ 394096 55214 1
7.70627750910559594644 2.19328003637196999875 7.70627701400348996685 = 0.99999999999996491695 @ 395041 55463 1
2.19328005126310854322 1.17008881851182833245 7.70627755935109171048 = 0.99999999999996258548 @ 399890 56768 1
7.70627731301763141403 1.17008881851182833245 7.70627755935109171048 = 0.99999999999996169731 @ 395731 55652 1
7.70627729968278440964 1.17008881514220219877 7.70627759414098356672 = 0.99999999999995814459 @ 394237 55251 1
7.70627712157974542606 7.70627759465378936454 4.11120704612782805754 = 0.99999999999995359268 @ 392984 54919 1
4.11120692399051979038 4.11120722449557973732 7.70627722938584014400 = 0.99999999999994604316 @ 394719 55378 1
7.70627681160433830598 7.70627730099637719974 0.33301843767324806889 = 0.99999999999994315658 @ 394086 55211 1
4.11120738262807972063 4.11120719277449708784 7.70627737874083251768 = 0.99999999999993671729 @ 395325 55543 1
7.70627750654483900661 2.19327995371047368423 7.70627751034130525909 = 0.99999999999993172128 @ 397008 55994 1
7.70627679835110157569 7.70627722944417126172 7.70627746757828901991 = 0.99999999999992850164 @ 394247 55254 1
7.70627784031316576119 7.70627719881747985653 0.33301843605589503960 = 0.99999999999990329957 @ 396429 55839 1
7.70627721862993997348 7.70627726087448650105 7.70627784628968104386 = 0.99999999999990185628 @ 393467 55048 1
2.19328005789661384384 7.70627719100514685380 7.70627657476870453479 = 0.99999999999986832755 @ 395852 55684 1
7.70627726274792745897 7.70627732846034252390 7.70627655031964309273 = 0.99999999999985866861 @ 393772 55129 1
7.70627654862956301685 7.70627737086798347832 4.11120717443268368640 = 0.99999999999985478283 @ 395736 55654 1
4.11120714993679037264 7.70627663490966607895 7.70627688927845877487 = 0.99999999999985378363 @ 393552 55070 1
7.70627721403390442134 7.70627663305876442479 7.70627689380749547610 = 0.99999999999985356158 @ 394385 55289 1
7.70627654846769427621 7.70627737617901775735 7.70627716848428967467 = 0.99999999999985322852 @ 394740 55383 1
7.70627729112514980869 7.70627806236683987606 7.70627716278499175218 = 0.99999999999981492582 @ 396105 55752 1
7.70627817667978032290 7.70627729532017813341 4.11120710829655688912 = 0.99999999999976063592 @ 395551 55604 1
7.70627634239990566556 4.11120720803691597212 7.70627716000901941129 = 0.99999999999975885956 @ 395789 55667 1
4.11120719922420185810 7.70627729357388790987 7.70627617524074448596 = 0.99999999999966848740 @ 388281 53697 1
4.11120713507486712501 7.70627605318281183600 7.70627784016189476546 = 0.99999999999949806817 @ 396918 55970 1
4.11120713507486712501 7.70627605318281183600 7.70627784016113004384 = 0.99999999999949806817 @ 398914 56505 1
4.11120713507486712501 7.70627605302329765635 7.70627784016189476546 = 0.99999999999949795715 @ 395591 55615 1
7.70627877790184356854 4.11120692830504719240 7.70627703592212576211 = 0.99999999999929123362 @ 396354 55819 1
7.70627897189827670843 7.70627728196914141279 7.70627727277582952325 = 0.99999999999917377203 @ 397942 56243 1
7.70627897189662469657 7.70627728196914141279 7.70627727277582952325 = 0.99999999999917377203 @ 398742 56459 1
4.11120690889035955706 7.70627892623603027999 4.11120711047816911332 = 0.99999999999916233673 @ 396941 55976 1
7.70627935933848551286 7.70627724885067344474 4.11120716666767549441 = 0.99999999999875821555 @ 395374 55557 1
7.70627684220122866066 7.70627516693402014880 4.11120694498293648422 = 0.99999999999868804945 @ 389843 54105 1
7.70627719515622544577 7.70627697618945362024 7.70627510073632837617 = 0.99999999999867295042 @ 396831 55947 1
7.70627712011012011573 4.11120732117579201770 7.70627950668446448645 = 0.99999999999854216615 @ 397402 56099 1
7.70627492036436478884 2.19328004851234314998 7.70627734126999541786 = 0.99999999999846655996 @ 394988 55449 1
7.70627492036436478884 2.19328004851214508619 7.70627734126999541786 = 0.99999999999846655996 @ 399052 56542 1
7.70627491996826030629 2.19328004808380372381 7.70627733293948757876 = 0.99999999999846644894 @ 397863 56222 1
4.11120713196935927414 7.70627890201148080251 7.70627917911707438492 = 0.99999999999820221586 @ 398703 56448 1
4.11120695302949723526 7.70627890201148080251 7.70627917911707438492 = 0.99999999999816679974 @ 391552 54549 1
4.11120695302949723526 7.70627890201148080251 7.70627917911707438492 = 0.99999999999816679974 @ 396461 55848 1
4.11120689400435512795 4.11120711450997511349 7.70627438295434519233 = 0.99999999999762112513 @ 396436 55841 1
7.70627726059289930305 7.70628023370604431364 2.19328004506111184924 = 0.99999999999751199020 @ 395996 55723 1
7.70627726059289930305 7.70628023359240810208 4.11120716666767549441 = 0.99999999999751176816 @ 396840 55949 1
7.70627726059289930305 7.70628023359240810208 7.70627701400348996685 = 0.99999999999749578095 @ 396786 55935 1
4.11120714112827023712 7.70628023370604431364 7.70627701400348996685 = 0.99999999999749566992 @ 395703 55645 1
4.11120714114139396145 7.70628023370604431364 7.70627701400348996685 = 0.99999999999749566992 @ 398424 56373 1
7.70627735100816568803 7.70627416072508442113 7.70627726955912972784 = 0.99999999999730815325 @ 395067 55472 1
7.70627735100816568803 7.70627416078260374377 7.70627727633355963377 = 0.99999999999730815325 @ 397033 56001 1
7.70628074555283681946 7.70627731674429394815 4.11120713162823125941 = 0.99999999999658206740 @ 396144 55762 1
7.70627371505624036985 7.70627697656993593256 2.19328006861813307182 = 0.99999999999645750037 @ 396772 55931 1
7.70627371505624036985 7.70627697656993593256 7.70627708040889736196 = 0.99999999999644995086 @ 399142 56567 1
7.70628087590571730914 2.19328005125698455302 7.70627724849108286520 = 0.99999999999632316339 @ 396500 55858 1
7.70627799538448154948 7.70627738540952389457 7.70627371070127331620 = 0.99999999999631394854 @ 395895 55696 1
4.11120717756443276869 7.70627345606901847930 7.70627739359470709246 = 0.99999999999594046951 @ 391981 54657 1
7.70627314635567017831 7.70627735655569345852 1.17008879291622691632 = 0.99999999999525623906 @ 397098 56018 1
7.70627314867214785465 4.11120709557652208588 7.70627709452711950888 = 0.99999999999525523986 @ 393039 54934 1
7.70627371513303405237 7.70627697656993593256 7.70627509993914294739 = 0.99999999999515376548 @ 397093 56017 1
7.70627727478434909614 4.11120706629030951973 7.70627284853698046874 = 0.99999999999454158850 @ 394142 55225 1
7.70627727478434909614 4.11120706629030951973 7.70627284853704264123 = 0.99999999999454158850 @ 398875 56494 1
7.70627727478434909614 4.11120706533977831043 7.70627284853698046874 = 0.99999999999454147748 @ 392960 54913 1
4.11120727813263098227 2.19328018621587839121 7.70628166535527636682 = 0.99999999999446276266 @ 396294 55802 1
2.19327993295419743092 7.70627717153952396245 7.70627277204424565582 = 0.99999999999430655429 @ 395399 55563 1
7.70627405379974383948 7.70627381778921094480 7.70627757945673241835 = 0.99999999999377420234 @ 397166 56037 1
7.70627405379974383948 7.70627381778924114286 7.70627757945673241835 = 0.99999999999377420234 @ 399446 56648 1
7.70627707428760100328 1.17008890439039991982 7.70628219347177179088 = 0.99999999999298339048 @ 393605 55084 1
2.19328005170782880384 7.70627724769455646481 7.70628283810205250148 = 0.99999999999125599448 @ 396811 55941 1
2.19328005161950745361 7.70627724769455646481 7.70628283813904157995 = 0.99999999999125588346 @ 395360 55553 1
7.70627721862993997348 7.70627726087448650105 7.70628284971102850420 = 0.99999999999121924610 @ 393242 54987 1
7.70627788162637106240 4.11120706919403566815 7.70628284971102850420 = 0.99999999999110456006 @ 395348 55549 1
7.70627746595169682564 7.70627432080165508665 7.70627083769849807737 = 0.99999999998600708206 @ 395589 55614 1
7.70628480885151656565 4.11120704138411596773 7.70627725501988170009 = 0.99999999998398148016 @ 396509 55860 1
7.70627015505133261541 7.70627984544556898783 7.70627782632243629735 = 0.99999999998387512079 @ 397431 56107 1
7.70628525140584397235 7.70627729884980716690 0.33301843606143932686 = 0.99999999998206012819 @ 394498 55319 1
7.70627727478434909614 7.70626912837633870623 7.70627728019300928253 = 0.99999999998145927549 @ 395961 55714 1
4.11120710781774079123 7.70626912837633870623 7.70627728019300928253 = 0.99999999998145816527 @ 398833 56483 1
4.11120710781774079123 7.70626912837633870623 7.70627728019302438156 = 0.99999999998145816527 @ 399122 56561 1
7.70627698848463715819 7.70626908236189311907 2.19327992338453237053 = 0.99999999998117272693 @ 396791 55936 1
7.70628552707544667300 7.70627759450937155350 4.11120714072105197801 = 0.99999999998077016006 @ 399370 56628 1
4.11120714026069933311 7.70627726985997085762 7.70628602476183566239 = 0.99999999997842226040 @ 395795 55669 1
4.11120724686515881530 7.70626654732567839545 7.70627656524415982631 = 0.99999999996767008348 @ 396034 55733 1
7.70627723163356659342 4.11120714008273324680 7.70628801569494115142 = 0.99999999996751098852 @ 391766 54603 1
7.70627703041735578893 7.70628069093685841295 7.70628817778073305078 = 0.99999999996319988149 @ 398183 56308 1
7.70627703041735578893 7.70628069093685841295 7.70628817778072594535 = 0.99999999996319988149 @ 399481 56658 1
7.70628626221716039879 7.70626912837633870623 7.70627728019300928253 = 0.99999999995869726099 @ 398146 56298 1
7.70626781823803597149 7.70627223050155762962 7.70628317850675248479 = 0.99999999995806909681 @ 396253 55791 1
7.70627721137026266973 7.70627729609091449703 7.70625782025741035142 = 0.99999999989398180578 @ 396198 55776 1
7.70627721137026266973 7.70627729696105490120 7.70625782025741035142 = 0.99999999989398169475 @ 395317 55541 1
4.11120720033753439537 7.70627818458361169007 7.70625781442172641533 = 0.99999999989367394093 @ 394106 55216 1
7.70629218768031432063 7.70629128981323940906 7.70627201662888428046 = 0.99999999987445598038 @ 399069 56547 1
7.70629218768031432063 7.70629128981323940906 7.70627201662888428046 = 0.99999999987445598038 @ 399308 56611 1
7.70627701394491637643 7.70628099840340041737 7.70630141429366943839 = 0.99999999983226650624 @ 398282 56335 1
7.70627701394491637643 7.70628099840405322851 7.70630141429366943839 = 0.99999999983226650624 @ 398554 56408 1
7.70627701394491637643 7.70628099846067371459 7.70630141429366943839 = 0.99999999983226639522 @ 395593 55615 1
7.70627726274792745897 7.70625255876883397121 7.70627722938584014400 = 0.99999999982881382365 @ 393952 55176 1
7.70627726269277069093 7.70625255876883397121 7.70627722938584014400 = 0.99999999982881382365 @ 396904 55966 1
7.70630417338577267117 7.70627838542864740390 4.11120713684194338811 = 0.99999999979630638247 @ 392036 54671 1
