4.14125696679246146914 2.47701183560776971859 2.66981999665735658667 -4.52234780500499677913 3.63900386655753926846 = -0.00000000001892195849 @ 398895 142724 1
4.14125696679246146914 2.47701183560776971859 2.66981999665735658667 -4.52234780500465483044 3.63900386655753926846 = -0.00000000001892195849 @ 396797 142082 1
1.75774340772192827487 1.59573711194207490394 -4.30893132393605604591 -2.48505846665488006053 0.36137165661482012480 = -0.00000000002538129325 @ 398886 142721 1
1.75774340770166892511 1.59573711192759426503 -4.30893132857814986636 -2.48505846665488006053 0.36137165661480286083 = -0.00000000002538130460 @ 399452 142894 1
1.75774340770166892511 1.59573711192759426503 -4.30893132857814986636 -2.48505846665488006053 0.36137165661482012480 = -0.00000000002538130460 @ 398304 142542 1
1.75774340770166892511 1.59573711192759426503 -4.30893132857647120915 -2.48505846665488006053 0.36137165661394332616 = -0.00000000002538130460 @ 398929 142734 1
1.75774340770166892511 1.59573711192759426503 -4.30893132857647120915 -2.48505846665493379533 0.36137165661482012480 = -0.00000000002538130461 @ 399347 142861 1
1.75774340770166892511 1.59573711192759426503 -4.30893132857647120915 -2.48505846665488006053 0.36137165661482012480 = -0.00000000002538130461 @ 398071 142471 1
1.75774340772192827487 1.59573711194447387385 -4.30893132857647120915 -2.48505846665488006053 0.36137165661482012480 = -0.00000000002538130486 @ 396986 142140 1
1.75774340772192827487 1.59573711194447387385 -4.30893132857647120915 -2.48505846665461183065 0.36137165661482012480 = -0.00000000002538130486 @ 399140 142798 1
1.75774340772192827487 1.59573711194207490394 -4.30893132874724926751 -2.48505846665488006053 0.36137165661482012480 = -0.00000000002538130533 @ 398326 142549 1
1.75774340772192827487 1.59573711194207490394 -4.30893132874724926751 -2.48505846665488006053 0.36137165661482012480 = -0.00000000002538130533 @ 399968 143051 1
1.75774340772192827487 1.59573711194447387385 -4.30893132874724926751 -2.48505846665194818357 0.36137165661482012480 = -0.00000000002538130539 @ 397541 142309 1
1.75774340772192827487 1.59573711214596003494 -4.30893132857258631674 -2.48505846665488006053 0.36137165659983100374 = -0.00000000002538130828 @ 398274 142533 1
1.75774340772192827487 1.59573711058524336792 -4.30893132874724926751 -2.48505847146088765243 0.36137165666021353605 = -0.00000000002650263109 @ 399601 142939 1
1.75774340772192827487 1.59573711058524336792 -4.30893132874724926751 -2.48505847146088676425 0.36137165666021353605 = -0.00000000002650263109 @ 397076 142167 1
4.14125671311693999144 2.47701182664033359160 2.66982009655639807022 -4.52234780500466726494 3.63900386655754992660 = -0.00000000003063568223 @ 399453 142894 1
4.14125671311693999144 2.47701182664033359160 2.66982009655639807022 -4.52234780500466726494 3.63900386655754992660 = -0.00000000003063568223 @ 399933 143040 1
4.14125671311687426623 2.47701182664033359160 2.66982009655639807022 -4.52234780500466904130 3.63900386655763163901 = -0.00000000003063568223 @ 399538 142920 1
4.14125671311693999144 2.47701182664033359160 2.66982009655639807022 -4.52234780500466904130 3.63900386655763163901 = -0.00000000003063568223 @ 399535 142919 1
4.14125671311693999144 2.47701182664033359160 2.66982009655639807022 -4.52234780500466726494 3.63900386655763163901 = -0.00000000003063568223 @ 399254 142833 1
4.14125671336033107650 2.47701183625588816639 2.66982004962721974906 -4.52234780500465483044 3.63900386674310682977 = -0.00000000003333890044 @ 399831 143009 1
4.14125671333244316230 2.47701183627386667396 2.66982004962761765299 -4.52234780500465483044 3.63900386674310682977 = -0.00000000003333890062 @ 398196 142509 1
4.14125671333244316230 2.47701183627386667396 2.66982004962761765299 -4.52234780500465483044 3.63900386674310682977 = -0.00000000003333890062 @ 399781 142994 1
4.14125671336033107650 2.47701183627386667396 2.66982004962721974906 -4.52234780500465483044 3.63900386672327869064 = -0.00000000003333890062 @ 397715 142362 1
4.14125671336033107650 2.47701183627386667396 2.66982004962721974906 -4.52234780500465483044 3.63900386674310682977 = -0.00000000003333890068 @ 397453 142282 1
4.14125671336033107650 2.47701183627386667396 2.66982004962721974906 -4.52234780500465483044 3.63900386674310682977 = -0.00000000003333890068 @ 399825 143007 1
4.14125671336033107650 2.47701183631297849885 2.66982004962721974906 -4.52234780500465483044 3.63900386674310682977 = -0.00000000003333890110 @ 397298 142235 1
4.14125671333255063189 2.47701185747406826820 2.66982004962761765299 -4.52234780500465483044 3.63900386674310682977 = -0.00000000003378942871 @ 399356 142864 1
4.14125671311630139115 2.47701182664033359160 2.66982000985922551806 -4.52234780500449851104 3.63900386655761609589 = -0.00000000003649253027 @ 399431 142887 1
4.14125671311630139115 2.47701182664033359160 2.66982000985922551806 -4.52234780500465483044 3.63900386655761609589 = -0.00000000003649253027 @ 399272 142839 1
4.14125671311630139115 2.47701182664033359160 2.66982000985922551806 -4.52234780500465483044 3.63900386655761609589 = -0.00000000003649253027 @ 399605 142940 1
4.14125671311626231130 2.47701182664033359160 2.66982000985922551806 -4.52234780500465483044 3.63900386655753926846 = -0.00000000003649253027 @ 398686 142660 1
4.14125671311693999144 2.47701182664006713807 2.66982000985922551806 -4.52234780500465483044 3.63900386655763163901 = -0.00000000003649253028 @ 398771 142686 1
4.14125671293071118129 2.47701183494143384323 2.66981999664980973463 -4.52234781299144561473 3.63900386641527928688 = -0.00000000003694305194 @ 399301 142847 1
4.14125671293211983226 2.47701183494132770591 2.66981999667727443182 -4.52234781299144561473 3.63900386641527928688 = -0.00000000003694305209 @ 398169 142501 1
4.14125671293229835612 2.47701183494132770591 2.66981999667727443182 -4.52234781299144561473 3.63900386641527928688 = -0.00000000003694305209 @ 398673 142656 1
4.14125671271222106640 2.47701183494132770591 2.66981999661631919096 -4.52234781299145627287 3.63900386641527928688 = -0.00000000003694305213 @ 397748 142372 1
4.14125671293071118129 2.47701183494143384323 2.66981999664980973463 -4.52234781359394855116 3.63900386641527928688 = -0.00000000003694305539 @ 399392 142875 1
4.14125671342722512236 2.47701183632560528736 2.66981999665735658667 -4.52234780464252583698 3.63900386714135626320 = -0.00000000003784409144 @ 398846 142709 1
1.75774331929840621491 1.59573701223417296902 -4.30893132897358732691 -2.48505849826436930883 0.36137165661157433227 = -0.00000000005356266195 @ 399720 142975 1
1.75774331929840621491 1.59573701223417296902 -4.30893132897358732691 -2.48505849826436886474 0.36137165661157433227 = -0.00000000005356266195 @ 399709 142972 1
1.75774331929840621491 1.59573701223417097061 -4.30893132897358732691 -2.48505849826436886474 0.36137165661157433227 = -0.00000000005356266195 @ 398565 142622 1
1.75774331929840621491 1.59573701223417097061 -4.30893132897358732691 -2.48505849826436886474 0.36137165661157433227 = -0.00000000005356266195 @ 399984 143056 1
1.75774331929840621491 1.59573701223417097061 -4.30893132897358732691 -2.48505849826436886474 0.36137165661482012480 = -0.00000000005356266196 @ 399914 143035 1
1.75774331929840621491 1.59573701212118090886 -4.30893132897570652062 -2.48505849826436930883 0.36137165661482012480 = -0.00000000005356266526 @ 399713 142973 1
1.75774331929840621491 1.59573701212118090886 -4.30893132897570652062 -2.48505849826436886474 0.36137165661482012480 = -0.00000000005356266526 @ 397930 142428 1
1.75774331929840621491 1.59573701212118090886 -4.30893132895068831090 -2.48505849826436886474 0.36137165661668285699 = -0.00000000005356266567 @ 398472 142594 1
1.75774331929840621491 1.59573701212118090886 -4.30893132895068831090 -2.48505849826427249738 0.36137165661482012480 = -0.00000000005356266568 @ 399613 142943 1
1.75774331929840621491 1.59573701212118090886 -4.30893132895068831090 -2.48505849826427249738 0.36137165661482012480 = -0.00000000005356266568 @ 399818 143005 1
1.75774331929840621491 1.59573701212118090886 -4.30893132895068831090 -2.48505849826425162519 0.36137165661482012480 = -0.00000000005356266568 @ 399204 142818 1
1.75774331929840621491 1.59573701212118090886 -4.30893132895068831090 -2.48505849826425162519 0.36137165661482012480 = -0.00000000005356266568 @ 399785 142995 1
1.75774331929840621491 1.59573701212118090886 -4.30893132895068831090 -2.48505849826425162519 0.36137165661482012480 = -0.00000000005356266568 @ 399943 143043 1
1.75774331905485969862 1.59573701212118090886 -4.30893132897988095920 -2.48505849826436886474 0.36137165687360112143 = -0.00000000005449843701 @ 398715 142669 1
1.75774331929840621491 1.59573701131278355980 -4.30893132889276397890 -2.48505849826436886474 0.36137165661482012480 = -0.00000000005468386260 @ 399904 143032 1
1.75774332584319603612 1.59573695513859892259 -4.30893132846058612984 -2.48505840249205656178 0.36137166899526446118 = -0.00000000005468403825 @ 395740 141759 1
4.14125698718755064220 2.47701184166195753633 2.66981999686027338115 -4.52234762175703330911 3.63900386653830043571 = -0.00000000005676618175 @ 398168 142501 1
4.14125698718755064220 2.47701184166500532058 2.66981999686027338115 -4.52234762175703330911 3.63900386655753926846 = -0.00000000005676618198 @ 398320 142547 1
1.75774337001229552513 1.59573689535592255773 -4.30893132874724926751 -2.48505844939756315171 0.36137158598881163885 = -0.00000000006660548300 @ 393964 141216 1
4.14125673265140203938 2.47701184193913448439 2.66982000985921796854 -4.52234762175703330911 3.63900386719679591607 = -0.00000000007028214063 @ 399480 142902 1
4.14125673265152993707 2.47701184193913448439 2.66982000985922551806 -4.52234762175703330911 3.63900386719679591607 = -0.00000000007028214064 @ 398409 142575 1
4.14125673265975535742 2.47701184193913448439 2.66982000985922551806 -4.52234762175703330911 3.63900386719679591607 = -0.00000000007028214084 @ 396237 141910 1
4.14125673289734486104 2.47701185085208397396 2.66982000986416112553 -4.52234762175703330911 3.63900386653053509178 = -0.00000000007073259521 @ 397333 142246 1
4.14125673270950489524 2.47701185085208397396 2.66982000985922551806 -4.52234762175703330911 3.63900386714554624490 = -0.00000000007073259599 @ 397812 142392 1
4.14125673289734486104 2.47701185099211285134 2.66982000986183054536 -4.52234762175703330911 3.63900386719679591607 = -0.00000000007073260187 @ 397595 142326 1
4.14125667576060418895 2.47701197782979853912 2.66981990655893897113 -4.52234771620840891870 3.63900394303989616063 = -0.00000000008875369202 @ 396841 142095 1
1.75774340255395156163 1.59573706420288607966 -4.30893111048596466617 -2.48505818526934874058 0.36137095541099051310 = -0.00000000015408970774 @ 396550 142006 1
1.75774340255993122284 1.59573706420288607966 -4.30893111048596466617 -2.48505818529071342837 0.36137095541099051310 = -0.00000000015408970977 @ 398234 142521 1
1.75774340291638497824 1.59573706420288607966 -4.30893111048596466617 -2.48505818609048123591 0.36137095517773809572 = -0.00000000015408974027 @ 392582 140797 1
1.75774331813101580835 1.59573693960917717405 -4.30893133069740130736 -2.48505886420070210008 0.36137142015630313585 = -0.00000000016755574943 @ 398176 142503 1
1.75774331998931554466 1.59573693961518392470 -4.30893133069740130736 -2.48505886420070210008 0.36137142015630313585 = -0.00000000016755584499 @ 394550 141393 1
1.75774362656550553474 1.59573772895398424687 -4.30893129958194620599 -2.48505862767813479053 0.36137107157657744061 = -0.00000000018982387420 @ 399689 142966 1
1.75774362377335569008 1.59573772895398424687 -4.30893129958194620599 -2.48505862767813479053 0.36137107157657805123 = -0.00000000019000941765 @ 390442 140139 1
4.14125704754539114560 2.47701108555779114795 2.66981970616929764617 -4.52234788393925679628 3.63900394749158140328 = -0.00000000030049973558 @ 390822 140256 1
-1.56154528731134512043 4.40002005545975105605 3.28529569000391941103 -2.13274591542108105102 -3.67614095676418495273 = -0.00000000037774197721 @ 398092 142478 1
-1.56154528731591590862 4.40002005543175211955 3.28529564074904678606 -2.13274580316866924079 -3.67614095676400509660 = -0.00000000038519136832 @ 399895 143029 1
-1.56154528730623565203 4.40002005543175211955 3.28529564074904678606 -2.13274580316866924079 -3.67614095676400465251 = -0.00000000038519136897 @ 399227 142825 1
-1.56154528730623565203 4.40002005543175211955 3.28529564074904678606 -2.13274580316866924079 -3.67614095676400509660 = -0.00000000038519136897 @ 399664 142958 1
-1.56154528730623565203 4.40002005543175211955 3.28529564074904678606 -2.13274579583607248878 -3.67614095676400465251 = -0.00000000038746117070 @ 399683 142964 1
-1.56154528730608688214 4.40002005543454188796 3.28529569136789412198 -2.13274580315938866448 -3.67614095677347485491 = -0.00000000040397061269 @ 399473 142900 1
-1.56154528730608688214 4.40002005543454188796 3.28529569136789412198 -2.13274580315938866448 -3.67614095677347485491 = -0.00000000040397061269 @ 399885 143026 1
-1.56154528730608688214 4.40002005543454188796 3.28529569136789412198 -2.13274580315938866448 -3.67614095677347485491 = -0.00000000040397061269 @ 399919 143036 1
-1.56154528730608688214 4.40002005543453567071 3.28529569136789412198 -2.13274580315938866448 -3.67614095677347485491 = -0.00000000040397061270 @ 399513 142912 1
-1.56154528730608688214 4.40002005543453567071 3.28529569136789412198 -2.13274580315938866448 -3.67614095677347485491 = -0.00000000040397061270 @ 399917 143036 1
-1.56154528730608688214 4.40002005543454188796 3.28529569003409616101 -2.13274580315938866448 -3.67614095677347485491 = -0.00000000040397082565 @ 398988 142752 1
-1.56154528730608688214 4.40002005543454188796 3.28529569003407484473 -2.13274580315938866448 -3.67614095677347485491 = -0.00000000040397082567 @ 398688 142660 1
-1.56154528730608688214 4.40002005543454188796 3.28529569003383858927 -2.13274580315935846642 -3.67614095677347485491 = -0.00000000040397082589 @ 399146 142800 1
-1.56154528730608688214 4.40002005543615570815 3.28529569003407484473 -2.13274580315938866448 -3.67614095677347485491 = -0.00000000040397082610 @ 398975 142748 1
-1.56154528730608688214 4.40002005544091012723 3.28529569003407484473 -2.13274580315938866448 -3.67614095677347485491 = -0.00000000040397082744 @ 397502 142297 1
-1.56154528730623565203 4.40002005543175211955 3.28529569000787935451 -2.13274580316866924079 -3.67614095676418495273 = -0.00000000040397085046 @ 398831 142704 1
-1.56154528730623565203 4.40002005543175211955 3.28529569000787935451 -2.13274580316866524399 -3.67614095676418495273 = -0.00000000040397085046 @ 399641 142951 1
-1.56154528730623565203 4.40002005543175211955 3.28529569000787935451 -2.13274580316866524399 -3.67614095676418495273 = -0.00000000040397085046 @ 399708 142972 1
-1.56154528730623565203 4.40002005543175211955 3.28529569000787935451 -2.13274580316866924079 -3.67614095676400465251 = -0.00000000040397085047 @ 399017 142761 1
-1.56154528730608688214 4.40002005544091012723 3.28529569000787935451 -2.13274580316866924079 -3.67614095676418495273 = -0.00000000040397085242 @ 397890 142416 1
4.14125643663407494444 2.47701203959716753644 2.66981988382073076593 -4.52234762175703330911 3.63900307006382872643 = -0.00000000042980345496 @ 398605 142635 1
4.14125643663407494444 2.47701203959716753644 2.66981988382073076593 -4.52234762175703330911 3.63900307006316570124 = -0.00000000042980345506 @ 387766 139321 1
-1.56154528458879160446 4.40001963823682995525 3.28529569717355185432 -2.13274580310131023353 -3.67614086089831637594 = -0.00000000055139385568 @ 398340 142553 1
-1.56154528730823649596 4.40001960033148975526 3.28529568579357444946 -2.13274580315932116292 -3.67614084690541975675 = -0.00000000056514327636 @ 399428 142886 1
-1.56154528730823649596 4.40001960033148975526 3.28529568579357444946 -2.13274580315932116292 -3.67614084690541664813 = -0.00000000056514327636 @ 399592 142936 1
-1.56154528730823649596 4.40001960033146666262 3.28529568579357444946 -2.13274580315938866448 -3.67614084690540243727 = -0.00000000056514327638 @ 399521 142915 1
-1.56154528730823649596 4.40001960033148975526 3.28529568579357444946 -2.13274580315938866448 -3.67614084690540243727 = -0.00000000056514327640 @ 399118 142792 1
-1.56154528730823649596 4.40001960033148975526 3.28529568579357444946 -2.13274580315938866448 -3.67614084690540243727 = -0.00000000056514327640 @ 399916 143035 1
-1.56154528458879160446 4.40001960021511973054 3.28529569718274050416 -2.13274580310111305792 -3.67614086089831637594 = -0.00000000056902503641 @ 398745 142678 1
-1.56154528458879160446 4.40001960021511973054 3.28529569718274050416 -2.13274580310111305792 -3.67614086089831637594 = -0.00000000056902503641 @ 399918 143036 1
-1.56154528730823494165 4.40001960033148975526 3.28529568579356645586 -2.13274580315938866448 -3.67614095676582230965 = -0.00000000057338895971 @ 399710 142972 1
-1.56154528730823649596 4.40001960033148975526 3.28529568579356645586 -2.13274580315938866448 -3.67614095676582230965 = -0.00000000057338895971 @ 398521 142609 1
-1.56154528733772601790 4.40001960033148975526 3.28529568579607600398 -2.13274580315938866448 -3.67614095658409256728 = -0.00000000057338917572 @ 397706 142360 1
-1.56154528730608688214 4.40001960033148975526 3.28529569015038935831 -2.13274580315939710218 -3.67614095676418495273 = -0.00000000057549390802 @ 399510 142911 1
-1.56154528730608688214 4.40001960033148975526 3.28529569015038935831 -2.13274580315939710218 -3.67614095676418495273 = -0.00000000057549390802 @ 399921 143037 1
-1.56154532004630453024 4.40001960211684117752 3.28529569161956835899 -2.13274578606768860922 -3.67613987875723458032 = -0.00000000074442220487 @ 399486 142904 1
-1.56154532004630453024 4.40001960211684117752 3.28529569161956036538 -2.13274578606768860922 -3.67613987875723458032 = -0.00000000074442220487 @ 397479 142290 1
-1.56154532004630453024 4.40001960211684117752 3.28529569161912693431 -2.13274578606768860922 -3.67613987875723458032 = -0.00000000074442220507 @ 399147 142801 1
-1.56154444426326088902 4.40001892000955319162 3.28529488669861580163 -2.13274639690557954452 -3.67614139737317602297 = -0.00000000083718226720 @ 398698 142663 1
-1.56154444426803107326 4.40001892000955319162 3.28529488669976643678 -2.13274639691116707496 -3.67614139737317602297 = -0.00000000083718226887 @ 398461 142590 1
-1.56154444426326088902 4.40001892000955319162 3.28529488669976643678 -2.13274639690557954452 -3.67614139737317602297 = -0.00000000083718226996 @ 398438 142583 1
-1.56154444426370875298 4.40001892000955319162 3.28529488669975622273 -2.13274639691116707496 -3.67614139737317602297 = -0.00000000083718227033 @ 399593 142937 1
-1.56154444426370875298 4.40001892000955319162 3.28529488669976643678 -2.13274639691116707496 -3.67614139737317602297 = -0.00000000083718227036 @ 399182 142811 1
-1.56154444426370875298 4.40001892000955319162 3.28529488669976643678 -2.13274639691116707496 -3.67614139737317602297 = -0.00000000083718227036 @ 399900 143030 1
-1.56154444426326088902 4.40001892000955319162 3.28529488669986635685 -2.13274639691116707496 -3.67614139737256140350 = -0.00000000083718227136 @ 399551 142924 1
-1.56154526321673436939 4.40001889532669032690 3.28529550024783079110 -2.13274581096219595366 -3.67614043254280664641 = -0.00000000096134893493 @ 397040 142156 1
-1.56154368790474196160 4.40001892000955319162 3.28529488671870062433 -2.13274640495412981522 -3.67614139737317602297 = -0.00000000106117189240 @ 395477 141678 1
-3.39511248791484554488 -3.31730741650418003985 2.34683612915499040241 2.06294220833412778049 4.37151477494208240415 = -0.00000000111277522446 @ 399022 142762 1
-3.39511248791484554488 -3.31730741650469873605 2.34683612915499262286 2.06294220833412778049 4.37151477494208240415 = -0.00000000111277522475 @ 399454 142894 1
-3.39511248791484554488 -3.31730741650469873605 2.34683612915499262286 2.06294220833412778049 4.37151477494208240415 = -0.00000000111277522475 @ 399600 142939 1
-3.39511248791484554488 -3.31730741650469873605 2.34683612915499262286 2.06294220833412778049 4.37151477494208240415 = -0.00000000111277522475 @ 399935 143041 1
-3.39511248791484554488 -3.31730741650472182869 2.34683612915499262286 2.06294220833412778049 4.37151477494208240415 = -0.00000000111277522477 @ 399541 142921 1
-3.39511248791484554488 -3.31730741650473026638 2.34683612915499040241 2.06294220833412778049 4.37151477494208240415 = -0.00000000111277522478 @ 398979 142749 1
-3.39511248791484554488 -3.31730741650418003985 2.34683612915499040241 2.06294220833427965900 4.37151477494208240415 = -0.00000000111277522479 @ 399097 142785 1
-3.39511248791484554488 -3.31730741650477112259 2.34683612915499040241 2.06294220833412778049 4.37151477494208240415 = -0.00000000111277522480 @ 399350 142862 1
-3.39511249952390903317 -3.31730747812378234940 2.34683612906535543630 2.06294220833981123420 4.37151477360239137937 = -0.00000000112008864609 @ 399106 142788 1
-3.39511249952390903317 -3.31730747812371351557 2.34683612906535543630 2.06294220833981123420 4.37151477360239137937 = -0.00000000112008864611 @ 398862 142713 1
-3.39511248790753139559 -3.31730747813126258805 2.34683612913549444201 2.06294220833981123420 4.37151477360328488686 = -0.00000000112510259956 @ 398094 142478 1
-3.39511248790753139559 -3.31730747812736970204 2.34683612913549444201 2.06294220833981123420 4.37151477360328488686 = -0.00000000112510260295 @ 398180 142504 1
-3.39511248790760911120 -3.31730747812371351557 2.34683612913549444201 2.06294220833981123420 4.37151477360239137937 = -0.00000000112510260565 @ 399391 142875 1
-3.39511248790758646265 -3.31730747812371351557 2.34683612913549444201 2.06294220833981123420 4.37151477360239137937 = -0.00000000112510260567 @ 398793 142692 1
-3.39511248790758646265 -3.31730747812371351557 2.34683612913549444201 2.06294220833980324059 4.37151477360239137937 = -0.00000000112510260568 @ 399396 142876 1
-3.39511248790753139559 -3.31730747812371351557 2.34683612913549710655 2.06294220833981123420 4.37151477360239137937 = -0.00000000112510260573 @ 399691 142967 1
-3.39511248790753139559 -3.31730747812371351557 2.34683612913549444201 2.06294220833981123420 4.37151477360239137937 = -0.00000000112510260573 @ 396051 141853 1
-3.39511248790753139559 -3.31730747812371351557 2.34683612913549444201 2.06294220833981434282 4.37151477360243045922 = -0.00000000112510260574 @ 399669 142960 1
-3.39511248790753139559 -3.31730747812371351557 2.34683612913549444201 2.06294220833981123420 4.37151477360243045922 = -0.00000000112510260574 @ 399189 142813 1
-3.39511248790740305381 -3.31730747812371351557 2.34683612913549444201 2.06294220833981123420 4.37151477360239137937 = -0.00000000112510260586 @ 399216 142822 1
-3.39511248790753139559 -3.31730747812371351557 2.34683612911598116213 2.06294220833981123420 4.37151477360239137937 = -0.00000000112510261331 @ 397163 142194 1
-3.39511248790753139559 -3.31730747812371351557 2.34683612911598116213 2.06294220833981123420 4.37151477360239137937 = -0.00000000112510261331 @ 399872 143022 1
-3.39511248790753139559 -3.31730747812371351557 2.34683612913549444201 2.06294220838980990607 4.37151477382506037372 = -0.00000000112510277902 @ 397682 142352 1
-3.39511248790753139559 -3.31730747818822457873 2.34683612910726679956 2.06294220833981123420 4.37151477494208240415 = -0.00000000112510426178 @ 398581 142627 1
-3.39511248790753139559 -3.31730747818822457873 2.34683612910726679956 2.06294220833981123420 4.37151477494211526675 = -0.00000000112510426184 @ 398777 142688 1
-3.39511248790676045672 -3.31730747818822457873 2.34683612910726679956 2.06294220833981123420 4.37151477494211526675 = -0.00000000112510426253 @ 398893 142723 1
4.14125686132636250392 2.47701096684156718553 2.66981853514857547793 -4.52234784751988971863 3.63900400223888498275 = -0.00000000134571026738 @ 399206 142819 1
-3.39511210934215856838 -3.31730747371165612947 2.34683612913549444201 2.06294220792136595577 4.37151477497226981228 = -0.00000000134945571531 @ 398656 142651 1
1.75774274529530272204 1.59573761365751654040 -4.30892965423327645169 -2.48505910599481749657 0.36137067617418505705 = -0.00000000135531718204 @ 387969 139383 1
1.75774355250508662607 1.59573768384255965103 -4.30893141148534919438 -2.48505890372199278460 0.36137365285386918723 = -0.00000000140186068477 @ 398828 142703 1
4.14125672038579306644 2.47701203959716753644 2.66981986452803665699 -4.52234784158738456483 3.63900199611208075012 = -0.00000000144484983109 @ 391156 140358 1
-3.39511215962294432558 -3.31730498567029652435 2.34683606201067629371 2.06294387499231213212 4.37151477174294633699 = -0.00000000232267825187 @ 399755 142986 1
-3.39511215962294432558 -3.31730498513987326348 2.34683606201067629371 2.06294387499360443172 4.37151477174294633699 = -0.00000000232358897411 @ 399606 142940 1
-3.39511215962294432558 -3.31730498513987326348 2.34683606201067629371 2.06294387499360443172 4.37151477174294633699 = -0.00000000232358897411 @ 399730 142979 1
-3.39511215962294432558 -3.31730498513987326348 2.34683606201067629371 2.06294387499360754035 4.37151477174294633699 = -0.00000000232358897411 @ 398723 142671 1
-3.39511215962294432558 -3.31730498513987326348 2.34683606201067629371 2.06294387499231213212 4.37151477174294633699 = -0.00000000232358897585 @ 399676 142962 1
-3.39511215962468071439 -3.31730498514231531004 2.34683606201067629371 2.06294387499231213212 4.37151477174294633699 = -0.00000000232358898861 @ 398465 142592 1
-3.39511215962294432558 -3.31730498515019345263 2.34683606201067629371 2.06294387499368836458 4.37151477174294633699 = -0.00000000232358899826 @ 398691 142661 1
-3.39511215962294432558 -3.31730498515019345263 2.34683606201067629371 2.06294387499231213212 4.37151477174323677133 = -0.00000000232358899873 @ 399451 142893 1
-3.39511215962294432558 -3.31730498515019345263 2.34683606201067629371 2.06294387499231213212 4.37151477174323677133 = -0.00000000232358899873 @ 399672 142961 1
-3.39511215962294432558 -3.31730498515019345263 2.34683606201067629371 2.06294387499134357356 4.37151477174294633699 = -0.00000000232358900173 @ 399410 142881 1
-3.39511215962294432558 -3.31730498515019345263 2.34683606201067629371 2.06294387499134357356 4.37151477174294633699 = -0.00000000232358900173 @ 399969 143051 1
-3.39511215962294432558 -3.31730498515019345263 2.34683606201067629371 2.06294387499133735631 4.37151477174294633699 = -0.00000000232358900174 @ 399622 142945 1
-3.39511215962294432558 -3.31730498532370754461 2.34683606201067629371 2.06294387499360754035 4.37151477174294633699 = -0.00000000232358945723 @ 399707 142971 1
-3.39511219930635066433 -3.31730498528874306885 2.34683605320863630794 2.06294452133088768164 4.37151475906090247747 = -0.00000000253460709471 @ 399611 142942 1
-3.39511219930635066433 -3.31730498528873196662 2.34683605320863630794 2.06294452133088768164 4.37151475906090247747 = -0.00000000253460709471 @ 397934 142429 1
-3.39511215953536549250 -3.31730506351660858755 2.34683612912347605572 2.06294239313478877662 4.37151477494208240415 = -0.00000000293158823499 @ 396996 142143 1
-3.39511215962294432558 -3.31730506351660858755 2.34683612914750705514 2.06294239313478877662 4.37151477494208240415 = -0.00000000293158838911 @ 397105 142176 1
-1.56154461160622637372 4.40001889701491410989 3.28529318399919878502 -2.13274414483412755317 -3.67614328198495021738 = -0.00000000406984816423 @ 390293 140094 1
1.75774203844657073148 1.59573772895398424687 -4.30892989775090828886 -2.48505350800502133879 0.36137072765452155076 = -0.00000000948849159208 @ 397109 142177 1
-3.39510842162505754871 -3.31730505771396533277 2.34683614423473230204 2.06294220521984206229 4.37151477618637684941 = -0.00000001155317904450 @ 399568 142929 1
4.14125627401370532965 2.47700850934466609843 2.66981972273699508236 -4.52234344685582989598 3.63900394871755361592 = -0.00000001294347699994 @ 396947 142128 1
4.14125627401370532965 2.47700850936554584081 2.66981972273699508236 -4.52234344685582989598 3.63900394871755361592 = -0.00000001294347708925 @ 396432 141970 1
4.14125627401370532965 2.47700850936576033590 2.66981972273699508236 -4.52234344685582989598 3.63900394871755361592 = -0.00000001294347709022 @ 398854 142711 1
1.75774952623741054225 1.59573902704506198624 -4.30893130856922024208 -2.48505422929580666036 0.36137435812743495811 = -0.00000001770183661656 @ 379174 136683 1
1.75774208779305984862 1.59574161372434364381 -4.30894551439596362741 -2.48505846527067397744 0.36136910164211644148 = -0.00000006154082234433 @ 398278 142534 1
1.75774208779305984862 1.59574161372434364381 -4.30894551444158757647 -2.48505846527067397744 0.36136910164211644148 = -0.00000006154100668084 @ 396840 142095 1
1.75774203844657073148 1.59573600967648232540 -4.30893431161257467465 -2.48505805277542179965 0.36135791759503682608 = -0.00000006184805807153 @ 393220 140990 1
1.75774203844657073148 1.59573600967648232540 -4.30893431161257467465 -2.48505804852705924901 0.36135791759501656450 = -0.00000006184862206303 @ 399418 142883 1
4.14125671360229752338 2.47702464997121207801 2.66982000165003396930 -4.52234762178771987351 3.63900386655753926846 = -0.00000006697567705689 @ 395837 141788 1
-3.39511215962884982389 -3.31730498515019345263 2.34683611186190921316 2.06296943443089686454 4.37151468331102144305 = -0.00000027335629264455 @ 395413 141659 1
1.75774203844657073148 1.59574152049338646719 -4.30889520446776685958 -2.48506041196379712233 0.36135606511935958185 = -0.00000041885208583440 @ 381925 137525 1
1.75774071369922824104 1.59570654826053592856 -4.30893638017559954534 -2.48505420650704422769 0.36138943302333775831 = -0.00000045583803875241 @ 398616 142638 1
4.14125671360229752338 2.47702464997149096604 2.66982000165003396930 -4.52234762178771987351 3.63896347557375143822 = -0.00000072779234681085 @ 398864 142714 1
4.14125671360229752338 2.47702464997121207801 2.66982000165003396930 -4.52234762178771987351 3.63896347557375143822 = -0.00000072779234683527 @ 396502 141991 1
-3.39511220039861694175 -3.31730498515019345263 2.34687846923221998807 2.06294220362039082417 4.37151477174342417698 = -0.00000074142713780703 @ 398619 142639 1
-3.39513402191610635938 -3.31730310120842020183 2.34683744195548538158 2.06297509694771363797 4.37153991197642799449 = -0.00000085381425258729 @ 392181 140674 1
-1.56154399692761858276 4.39990794501682813689 3.28529238998945771755 -2.13274414483412755317 -3.67614510225930413156 = -0.00000292217734955964 @ 393844 141179 1
-1.56154399699193913165 4.39990794308910437849 3.28529238998945771755 -2.13274414483412755317 -3.67614510228181678997 = -0.00000292227755849706 @ 397695 142356 1
4.14127304193287582024 2.47700971150609250415 2.66983215604404344745 -4.52226582986682235088 3.63904550561899142735 = -0.00000360777445518840 @ 385898 138748 1
-1.56155961776400475927 4.40002163446655814028 3.28529670206131374499 -2.13259247126990958421 -3.67611863560243223858 = -0.00000570049989080801 @ 384261 138246 1
-1.56136743947276923627 4.40001408120831616344 3.28527305214961140578 -2.13277048599528207262 -3.67614777186105401441 = -0.00000747355595427360 @ 399048 142770 1
-1.56136743947276923627 4.40001408120831616344 3.28527305214819298484 -2.13277049140895780255 -3.67614777117270374873 = -0.00000747359965090549 @ 399576 142931 1
-1.56136743947276923627 4.40001408120831616344 3.28527305214819298484 -2.13277049140895780255 -3.67614777117270374873 = -0.00000747359965090549 @ 399752 142985 1
-1.56159562684215069694 4.39983560444408094980 3.28529589720319625812 -2.13283185733767410852 -3.67609857722546484737 = -0.00001041466803115003 @ 399104 142787 1
-1.56159562684215069694 4.39983560444408094980 3.28529589720329262548 -2.13283185733767410852 -3.67609857722546484737 = -0.00001041466803136713 @ 399015 142760 1
-1.56159562684215069694 4.39983560444409782519 3.28529589720319625812 -2.13283185733767410852 -3.67609857722546484737 = -0.00001041466803140848 @ 399169 142807 1
-1.56159562684215069694 4.39983560444408094980 3.28529586645506066489 -2.13283185733767410852 -3.67609857722546484737 = -0.00001041470684540182 @ 398370 142563 1
4.14125541129887242420 2.47695837823877029749 2.66998785414467532107 -4.52236802040575636141 3.63899825670802457012 = -0.00001274529807032252 @ 382775 137787 1
-1.56154205610469776211 4.39998572668958054521 3.28529257323941026314 -2.13297843314640944712 -3.67615090806421118685 = -0.00001286566859972215 @ 392063 140637 1
4.14122529779562409402 2.47683983239391869446 2.66978744927647460017 -4.52236277503780481624 3.63896525984990804048 = -0.00001353308538805649 @ 397473 142288 1
1.75775782110848255435 1.59570792724565913012 -4.30883435377102141928 -2.48487102100867973675 0.36132026025847036044 = -0.00001371552290477243 @ 398105 142482 1
1.75775782110848255435 1.59570792724565913012 -4.30883435377101964292 -2.48487102100867973675 0.36132026025847036044 = -0.00001371552290479975 @ 399783 142995 1
4.14125667566254751506 2.47701190686426198084 2.66981988382073076593 -4.52215246976439555482 3.63900395466647808007 = -0.00001550852163595181 @ 390058 140022 1
-3.39519913079891377805 -3.31730649692026657860 2.34682707996379491533 2.06309448603039458092 4.37167205313902140773 = -0.00002259483049917431 @ 390892 140277 1
-3.39519913079891377805 -3.31730649692026657860 2.34682705376325762003 2.06309448603039458092 4.37167205313902140773 = -0.00002259507121345921 @ 390879 140273 1
-1.56185926959117060697 4.40001794631923814904 3.28529650829745634155 -2.13274637739418793103 -3.67614517420106423629 = -0.00002270826207274023 @ 399598 142938 1
-1.56185926959117060697 4.40002793028679484166 3.28530268185374163536 -2.13270278071999852543 -3.67614517420106423629 = -0.00002309872797562084 @ 397328 142244 1
-1.56185926959117060697 4.40002793028679484166 3.28530268228027377830 -2.13270278071999852543 -3.67614517420181874385 = -0.00002309874090413194 @ 398175 142503 1
1.75787310696703746871 1.59573235150097514357 -4.30893064308357498504 -2.48486623158889319285 0.36156628080291053351 = -0.00002663961807951485 @ 386433 138912 1
-1.56155772300219530813 4.40001833762157623653 3.28571494271816222366 -2.13274581105212668319 -3.67614957826482502412 = -0.00004201799108236788 @ 398466 142592 1
-1.56155772300219530813 4.40001833762157623653 3.28571494271816222366 -2.13272889912678786928 -3.67614957826482502412 = -0.00004216933647400154 @ 396164 141888 1
-1.56155772300219530813 4.40001833762157623653 3.28571494331663016553 -2.13272889969160628354 -3.67614800389843887629 = -0.00004217570251951600 @ 394977 141524 1
-1.56155772300219530813 4.40001833762157623653 3.28571494331663016553 -2.13272889912678786928 -3.67614799422133531337 = -0.00004217570773540395 @ 397187 142201 1
-1.56139537735219824377 4.40042353876836411786 3.28533364641554026520 -2.13301198858321727769 -3.67626166727221281860 = -0.00006168355068327032 @ 376944 136015 1
1.75787368282821776511 1.59605611788308610066 -4.30893141512412469751 -2.48486606503530760293 0.36156696380157632431 = -0.00006555271913634258 @ 376646 135926 1
1.75773905645133199371 1.59568581814971843791 -4.30941129895731034338 -2.48508353115549729395 0.36125787431618172629 = -0.00006839174558997037 @ 377559 136200 1
1.75773905645133199371 1.59568581814971843791 -4.30941129895731034338 -2.48508353115549729395 0.36125787431618172629 = -0.00006839174558997037 @ 399982 143055 1
1.75773905645133199371 1.59568581814971843791 -4.30941130443706121866 -2.48508353115549729395 0.36125787431618172629 = -0.00006839322943879470 @ 391161 140359 1
1.75774625784656790550 1.59573235150097514357 -4.30893129958194620599 -2.48505470568464748027 0.36089728320442904241 = -0.00006955409990405591 @ 399501 142908 1
1.75772750641081820788 1.59528971507999450807 -4.30883355472559870236 -2.48487280698453583128 0.36144034746182296391 = -0.00007582606411556308 @ 382188 137606 1
-1.56087548533887310320 4.40007196117025767279 3.28524035077621912038 -2.13275628203265332772 -3.67619587590734653304 = -0.00010493400224142407 @ 388452 139530 1
1.75731086572673689261 1.59586015573155282077 -4.30936112916265301465 -2.48514020213138531190 0.36147059046716661923 = -0.00011049435348037121 @ 399338 142859 1
4.14126036640458661253 2.47725869006765631042 2.67034856501827633224 -4.52233753233772706182 3.63899942902962036939 = -0.00013806732583704307 @ 378916 136606 1
-1.56243092585752529899 4.40001794631923814904 3.28529650831655928300 -2.13274633537704794151 -3.67614031368482585549 = -0.00018001330756106833 @ 394857 141487 1
-1.56243092585752529899 4.40001794631923814904 3.28529650829745634155 -2.13274637739418793103 -3.67614031368482585549 = -0.00018001343539487946 @ 395121 141568 1
-1.56154851964240948270 4.40002793121432222989 3.28440909141621206757 -2.13274376711639579440 -3.67615296961431736733 = -0.00018682905509652466 @ 394976 141524 1
-1.56154851964240948270 4.39994711812178440624 3.28440909141621206757 -2.13274376711639579440 -3.67615296961431736733 = -0.00018889171120244874 @ 390664 140207 1
-1.56149063205016891409 4.40016160512124177018 3.28527677143350826938 -2.13184478387005604816 -3.67624066312337305362 = -0.00019530267393097470 @ 398621 142640 1
-1.56149062532938276426 4.40016160512124177018 3.28527677143350826938 -2.13184478387005604816 -3.67624066312337305362 = -0.00019530326844119456 @ 399633 142949 1
1.75856384371951590673 1.59571229146978077473 -4.30892644961116122460 -2.48508134751603471102 0.36138328423782528631 = -0.00020031221640233221 @ 386627 138972 1
4.14202774508633098094 2.47685297246165125884 2.66974634522362075373 -4.52230257680795766362 3.63877509349237104885 = -0.00027535435900852907 @ 392208 140682 1
-1.56145930381561170996 4.39992723179079803231 3.28531596256036717563 -2.13274209572342687835 -3.67744672756659873869 = -0.00039599269494397418 @ 395396 141654 1
1.75767011229522784888 1.59581214182302066895 -4.30868461580517170262 -2.48658516793497064157 0.36090155637647403086 = -0.00076788671427135535 @ 396338 141941 1
-1.56155904581647253515 4.40001648471273743013 3.28530132787572881625 -2.13555120343028415064 -3.67614736624032589773 = -0.00183004109506738682 @ 392810 140867 1
4.14125541129887242420 2.47701075362339429020 2.66981634696531022755 -4.52017764648362341262 3.63901190571425336984 = -0.00191364411347823738 @ 368941 133495 1
1.75722380083865203915 1.59572901363353780724 -4.31161529015108602181 -2.48499218003153021783 0.36136405013356048821 = -0.00197099103819281703 @ 398086 142476 1
4.14128922344298455727 2.47703392692167811973 2.66993794817804408481 -4.52521765292803745950 3.63897573994370393535 = -0.00335567896332292833 @ 394724 141447 1
-1.56160736764616903116 4.39992261091703884546 3.28911346363540157967 -2.13243345887740298750 -3.67624225661090520134 = -0.00351286683032681112 @ 389280 139784 1
-1.56109866838855393389 4.40001815446185151615 3.28529522715066013561 -2.13300372898875467698 -3.68072064737301518633 = -0.00490830707071717755 @ 398034 142460 1
-1.56109866838855393389 4.40001815446185151615 3.28529522715066013561 -2.13300372898810630673 -3.68072064737301518633 = -0.00490830707295313376 @ 398860 142713 1
4.13716950905149349893 2.47701075362339429020 2.66981667853142257130 -4.52234779507159689871 3.63900400223888498275 = -0.00677282290816623965 @ 375470 135572 1
1.76301683770489181491 1.59574747073176848033 -4.30868461579057715483 -2.48505910599481749657 0.36137074845770428277 = -0.00822409588043902968 @ 394944 141514 1
1.76301683770489181491 1.59574747040719699953 -4.30868461579057715483 -2.48505910599481749657 0.36137074845770428277 = -0.00822409632529176246 @ 397228 142214 1
1.76301683770489181491 1.59574747040719699953 -4.30868461579057715483 -2.48505910599481749657 0.36137074845770428277 = -0.00822409632529176246 @ 399892 143028 1
-1.56559287548295267278 4.40002253837062529129 3.29013938410156381309 -2.13278335359986614961 -3.67707169250335486055 = -0.00939812381106181621 @ 373410 134941 1
-1.55418016966075023255 4.40001794631923814904 3.28529650829745634155 -2.13309983256990243206 -3.67614517420106423629 = -0.01259471701445434057 @ 399812 143003 1
-1.56454437922439959507 4.40061327386179090837 3.33377191167072206568 -2.13309983844775885586 -3.68112501502013866883 = -0.56216226653523215795 @ 399951 143046 1
-1.56454437922439959507 4.40061327386179090837 3.33377191166988229298 -2.13309983844775885586 -3.68112501502013866883 = -0.56216226660951007510 @ 399327 142855 1
-1.56454437922439959507 4.40061327386179090837 3.33377191166988229298 -2.13309983844775885586 -3.68112501502013866883 = -0.56216226660951007510 @ 399871 143021 1
-1.56454437922439959507 4.40061327386179090837 3.33377191166986142079 -2.13309983844775885586 -3.68112501502013866883 = -0.56216226661069901294 @ 398398 142571 1
-1.56454437922439959507 4.40061327386179090837 3.33377191166732433913 -2.13309983844775885586 -3.68112501502013866883 = -0.56216226685947046082 @ 387383 139203 1
-1.56454437922439959507 4.40061327386179090837 3.33377191166731323690 -2.13309983844775885586 -3.68112501502013866883 = -0.56216226686012893410 @ 399129 142795 1
-1.56454437922439959507 4.40061327386179090837 3.33377191166986142079 -2.13309983844775885586 -3.68112501501925581948 = -0.56216226692313198132 @ 398932 142735 1
-1.56454434381919349484 4.40061327386179090837 3.33377191166986142079 -2.13309983844775885586 -3.68112501501925581948 = -0.56216318908970763779 @ 399127 142794 1
-1.56454434381919349484 4.40061327386179090837 3.33377191166986230897 -2.13309983844770201245 -3.68112501501925581948 = -0.56216318918233232349 @ 399476 142901 1
-1.56454434381919349484 4.40061327386179090837 3.33377191166986142079 -2.13309983844770201245 -3.68112501501925581948 = -0.56216318918240626434 @ 399221 142823 1
-1.56154281187232291117 4.40061327386179090837 3.33377191166731323690 -2.13309983844775885586 -3.68112501502013866883 = -0.56670940607845188275 @ 399912 143034 1
-1.56154309148971326415 4.40001960275242165466 3.28529569770914298132 -2.17506551184209317995 -3.61870048402279254063 = -1.19071017908691190179 @ 398411 142575 1
-1.56154309148971326415 4.40001960275242165466 3.28529569770914298132 -2.17506551184209317995 -3.61870048402279254063 = -1.19071017908691190179 @ 399047 142770 1
-1.56154309148971326415 4.40001960275196157824 3.28529569770914298132 -2.17506551184209317995 -3.61870048402279254063 = -1.19071018003321205114 @ 399241 142829 1
4.14304410488786523103 2.47735329369414358780 2.73207746094697156991 -4.52236277066572167627 3.63901773338126410806 = -1.54051805432353883241 @ 398838 142706 1
4.14304410488786523103 2.47735329369414358780 2.73207746094697156991 -4.52236277066572167627 3.63901773338126410806 = -1.54051805432353883241 @ 399981 143055 1
4.14304410488786523103 2.47735329369414358780 2.73207746094697156991 -4.52236277066553693516 3.63901773338126410806 = -1.54051805434317756749 @ 399687 142965 1
4.14304410488786523103 2.47735329369414358780 2.73207746094697156991 -4.52236277066433078886 3.63901773338126410806 = -1.54051805447618983536 @ 398219 142516 1
4.14304410488786523103 2.47735329369414358780 2.73207746094697156991 -4.52236277066433078886 3.63901773338126410806 = -1.54051805447618983536 @ 399585 142934 1
4.14304410488786523103 2.47735329369414358780 2.73207746094697156991 -4.52236277066433078886 3.63901773338126410806 = -1.54051805447618983536 @ 399698 142969 1
4.14304410488786523103 2.47735329369414358780 2.73207746094697156991 -4.52236277066433078886 3.63901773338126410806 = -1.54051805447618983536 @ 399944 143044 1
4.14304410488691576830 2.47735329369414358780 2.73207746094697156991 -4.52236277066433078886 3.63901773338126410806 = -1.54051805476742176282 @ 398040 142462 1
4.14304410450805260524 2.47735329370444823383 2.73207745796013101724 -4.52236277066433078886 3.63901855064336254841 = -1.54052137978626157988 @ 399604 142940 1
4.14304410450805260524 2.47735329370444823383 2.73207746094646930501 -4.52236277066433078886 3.63901855064336254841 = -1.54052178454780275274 @ 399010 142759 1
4.14304410450805260524 2.47735329370447132646 2.73207746094697156991 -4.52236277066433078886 3.63901855064336254841 = -1.54052178465809941343 @ 399218 142822 1
4.14304410450805260524 2.47735329370447132646 2.73207746094697156991 -4.52236277066433078886 3.63901855064336254841 = -1.54052178465809941343 @ 399889 143027 1
4.14304410488691576830 2.47735329369414358780 2.73207746094697156991 -4.52236277066433078886 3.63901855066852109033 = -1.54052184258711100107 @ 397876 142411 1
4.14304410488691576830 2.47735329369414358780 2.73207746094699865935 -4.52236277066433078886 3.63901855064336254841 = -1.54052185439140121304 @ 398667 142654 1
4.14304410488691754466 2.47735329369414358780 2.73207746094699865935 -4.52236277066433078886 3.63901855064336254841 = -1.54052185439253563892 @ 399034 142766 1
4.14304410488691576830 2.47735329686766592161 2.73207745891681863526 -4.52236277066016079118 3.63901855061844514694 = -1.54052224135192639132 @ 398921 142732 1
4.14304410488691576830 2.47735329686766592161 2.73207745891681863526 -4.52236277066016079118 3.63901855061844514694 = -1.54052224135192639132 @ 399874 143022 1
-1.56154309145558478633 4.40001892081020429259 3.24191465031676173680 -2.17506551184209317995 -3.61870048402279254063 = -1.60929384071623182706 @ 398765 142684 1
-1.56154309145558478633 4.40001892081020429259 3.24191465031676173680 -2.17506551184209317995 -3.61870048402279254063 = -1.60929384071623182706 @ 399839 143012 1
-1.56154309145558478633 4.40001892081020429259 3.24191465031676173680 -2.17506551184209317995 -3.61870048402279254063 = -1.60929384071623182706 @ 399959 143048 1
-1.56154309145558478633 4.40001892080989609468 3.24191465031676173680 -2.17506551184209317995 -3.61870048402279254063 = -1.60929384109077444620 @ 399188 142813 1
-1.56154309149140635427 4.40001892081020429259 3.24191465031841508093 -2.17506551184209317995 -3.61870048402280986011 = -1.60929392211913424582 @ 399400 142878 1
-1.56154309149140635427 4.40001892081020429259 3.24191465031841508093 -2.17506551184209317995 -3.61870048402279254063 = -1.60929392218623501520 @ 398687 142660 1
-1.56154309149140635427 4.40001892081020429259 3.24191465031676173680 -2.17506551184209317995 -3.61870048402279254063 = -1.60929392257415648793 @ 399312 142851 1
-1.56154309149140635427 4.40001892081020429259 3.24191465031676173680 -2.17506551184209317995 -3.61870048402279254063 = -1.60929392257415648793 @ 399902 143031 1
-1.56154309149140635427 4.40001892080929213336 3.24191465031676173680 -2.17506551184209317995 -3.61870048402279254063 = -1.60929392357469458474 @ 398954 142742 1
-1.56154281187232291117 4.40001892081020429259 3.24191813329232880747 -2.17506551184209317995 -3.61870048402279254063 = -1.60932237052271265298 @ 399360 142865 1
-1.56154281187232291117 4.40001892081020429259 3.24191813329232880747 -2.17506551184209317995 -3.61870048402279254063 = -1.60932237052271265298 @ 399806 143002 1
-1.56154281187232291117 4.40001892081020429259 3.24191813329232880747 -2.17506551184209317995 -3.61870048402279254063 = -1.60932237052271265298 @ 399979 143054 1
-1.56154281187232291117 4.40001892081020429259 3.24191813329233502472 -2.17506551184209317995 -3.61870048402279254063 = -1.60932237053700344376 @ 399570 142930 1
-1.56154281187240440154 4.40001892081020429259 3.24191813329232880747 -2.17506551184209317995 -3.61870048402279254063 = -1.60932237061853267157 @ 399179 142810 1
-1.56154309149140635427 4.40001892081020429259 3.24191813328673372752 -2.17506551184209317995 -3.61870048402279254063 = -1.60937938968689864261 @ 398033 142460 1
-1.56154309149036762960 4.40001892081020429259 3.24191813329454925352 -2.17506551184209317995 -3.61870048402279254063 = -1.60937943355179435834 @ 398590 142630 1
-1.56154309149036762960 4.40001892081020429259 3.24191813329454925352 -2.17506551184210961125 -3.61870048402279254063 = -1.60937943360305002471 @ 399318 142853 1
-1.56154309149036474302 4.40001892081020429259 3.24191813329454925352 -2.17506551184210961125 -3.61870048402279254063 = -1.60937943360609492238 @ 399467 142898 1
-1.56154309149036474302 4.40001892081020429259 3.24191813329454925352 -2.17506551184210961125 -3.61870048402279254063 = -1.60937943360609492238 @ 399925 143038 1
4.14125671311693999144 2.47646772841886120275 2.66981999665736635663 -4.52233558032574656238 3.70488770541723422269 = -1.74887995917083216568 @ 399731 142979 1
4.14125671311693999144 2.47646772841886120275 2.66981999665736635663 -4.52233558032574656238 3.70488770513122078754 = -1.74888010320630149508 @ 399500 142908 1
4.14125671311693999144 2.47646772841886120275 2.66981999665736635663 -4.52233558032574656238 3.70488770513123544248 = -1.74888010320797770980 @ 399389 142874 1
4.14125671311693999144 2.47646772841886120275 2.66981999665735658667 -4.52233558032574656238 3.70488770513119991534 = -1.74888010320888809268 @ 398967 142746 1
4.14125671311693999144 2.47646772841886120275 2.66981999665735658667 -4.52233558032574656238 3.70488770513119991534 = -1.74888010320888809268 @ 399864 143019 1
4.14125671311693999144 2.47646772841886164684 2.66981999665735658667 -4.52233558032574656238 3.70488770513119991534 = -1.74888010320889875082 @ 399631 142948 1
4.14125671311693999144 2.47646772841886120275 2.66981999665735658667 -4.52233558214592523683 3.70525957005657469168 = -1.76889765144482913328 @ 398832 142704 1
4.14125671311696041954 2.47646772841886120275 2.66981999665735658667 -4.52233558214592523683 3.70525957005657469168 = -1.76889765146155508724 @ 398955 142742 1
4.14125671311570986433 2.47646772841886120275 2.66981999665735658667 -4.52233558133430868509 3.70526126020695567576 = -1.76899092228345700129 @ 398257 142528 1
4.14125671311681919917 2.47646772841886120275 2.66981999665735658667 -4.52233558133430868509 3.70526126020695567576 = -1.76899092263559087890 @ 399038 142767 1
4.14125671232257985821 2.47646772841886120275 2.66981999665735658667 -4.52233558133430868509 3.70526126020695567576 = -1.76899104105113180729 @ 399746 142983 1
4.14125671311693999144 2.47646772841886120275 2.66981999665735658667 -4.52233558214587461066 3.70526126020229717994 = -1.76899115982673338365 @ 399401 142878 1
4.14125671311693999144 2.47646772841886120275 2.66981999665735658667 -4.52233558214587905155 3.70526126020229717994 = -1.76899115982819932213 @ 398724 142671 1
4.14125671311693999144 2.47646772841886120275 2.66981999665735658667 -4.52233558214587905155 3.70526126020229717994 = -1.76899115982819932213 @ 399997 143060 1
-1.66002102874339940719 4.40001848186667210427 3.24191463039509253363 -2.13274581094347093213 -3.67614041636679189651 = -2.44648857944131137288 @ 397535 142307 1
-1.66002102874339940719 4.40001848186667210427 3.24191463039509253363 -2.13274581094347093213 -3.67614041636679189651 = -2.44648857944131137288 @ 399729 142978 1
-1.66002102874339940719 4.40001848186667210427 3.24191463039509253363 -2.13274581094347093213 -3.67614041636679189651 = -2.44648857944131137288 @ 399852 143016 1
-1.66002102874339940719 4.40001848186667565699 3.24191463039509253363 -2.13274581094347093213 -3.67614041636679189651 = -2.44648857944366504569 @ 399323 142854 1
-1.66002102874339940719 4.40001848186672006591 3.24191463040068761359 -2.13274581105212668319 -3.67614041636679189651 = -2.44648860284511382446 @ 399816 143005 1
-1.66002102874339940719 4.40001848186667210427 3.24191463039509253363 -2.13274581105212668319 -3.67614041636679189651 = -2.44648860300893256081 @ 397650 142342 1
-1.66002102874339940719 4.40001848186667210427 3.24191463039340499463 -2.13274581105212668319 -3.67614041636679189651 = -2.44648860308257098950 @ 398982 142750 1
-1.66002102874339940719 4.40001848186667210427 3.24191463039340499463 -2.13274581105212668319 -3.67614041636679189651 = -2.44648860308257098950 @ 399954 143047 1
-1.66002102874351842310 4.40001848186667210427 3.24191463039340499463 -2.13274581105210669918 -3.67614041636679189651 = -2.44648860326442951774 @ 399482 142903 1
-1.66002102874339940719 4.40001848186292221499 3.24191463039509253363 -2.13274581104289140399 -3.67614041636679189651 = -2.44648861123866634415 @ 398663 142653 1
-1.66002102874339940719 4.40001848186667210427 3.24191463039509253363 -2.13274581104174876245 -3.67614041636679189651 = -2.44648861497123037978 @ 398994 142754 1
-1.56156415238089651965 4.30135047292893180071 3.28529522715066013561 -2.17506551199044873002 -3.67611862880073569926 = -2.82491252575432838512 @ 399415 142882 1
-1.56156415238090606756 4.30135047292893002435 3.28529522715066013561 -2.17506551199045006229 -3.67611862880073569926 = -2.82491252578847218402 @ 399645 142952 1
-1.56156415238090606756 4.30135047292893002435 3.28529522715066013561 -2.17506551199044873002 -3.67611862880073259063 = -2.82491252580715324072 @ 399419 142884 1
-1.56156415238090606756 4.30135047292893002435 3.28529522715066013561 -2.17506551199044873002 -3.67611862880073259063 = -2.82491252580715324072 @ 399762 142988 1
-1.56156415238090606756 4.30135047292893002435 3.28529522715066013561 -2.17506551199044873002 -3.67611862880073259063 = -2.82491252580715324072 @ 399803 143001 1
-1.56156415238090606756 4.30135047292893002435 3.28529522715066013561 -2.17506551199044873002 -3.67611862880073259063 = -2.82491252580715324072 @ 399960 143049 1
-1.56154365474648426648 4.30135047307405926631 3.28529522715066013561 -2.17506551199044873002 -3.67611862880073569926 = -2.82499306865963406565 @ 399512 142912 1
-1.56154365474906819955 4.30135047292893002435 3.28529522715066013561 -2.17506551199044873002 -3.67611862880073569926 = -2.82499312110143696586 @ 397950 142434 1
-1.66014781015292056665 4.40002144740376799348 3.28529568579381869853 -2.20183649929142788437 -3.67614095676582230965 = -3.19598065765442385100 @ 399442 142890 1
-1.66014781015292056665 4.40002144740376799348 3.28529568579381869853 -2.20183649929142788437 -3.67614095676582230965 = -3.19598065765442385100 @ 399896 143029 1
-1.66014781015292056665 4.40002144740376799348 3.28529568579381958671 -2.20183649929142788437 -3.67614095676582230965 = -3.19598065765835581686 @ 399546 142922 1
-1.56157608015839444171 4.40015036052241015341 3.28527839531908183446 -2.13273234077276363507 -3.55548084314729795352 = -3.32644096180071846547 @ 398302 142542 1
-1.56157608015839444171 4.40015036052241015341 3.28527839531908183446 -2.13273234077276363507 -3.55548084314729795352 = -3.32644096180071846547 @ 399778 142993 1
-1.56157608015839444171 4.40015036052241015341 3.28527839531908183446 -2.13273234077276363507 -3.55548084314729795352 = -3.32644096180071846547 @ 399941 143043 1
-1.56157608015839444171 4.40015036052241015341 3.28527839531908183446 -2.13273234077275652965 -3.55548084314729795352 = -3.32644096185388171705 @ 399760 142988 1
-1.56157608015839444171 4.40015036052241015341 3.28527839531908183446 -2.13273234077275652965 -3.55548084314729795352 = -3.32644096185388171705 @ 399792 142997 1
-1.66002118672150666967 4.30135046987547831066 3.24191464995175060437 -2.17506699506852907433 -3.61869790579502925709 = -5.91192563187707609274 @ 399654 142955 1
-1.66002118672150955625 4.30135046987547564612 3.24191464995175060437 -2.17506699506852907433 -3.61869790579502925709 = -5.91192563188008701758 @ 399723 142976 1
-1.66002118672150955625 4.30135046987547564612 3.24191464995175060437 -2.17506699506852907433 -3.61869790579502925709 = -5.91192563188008701758 @ 399849 143015 1
4.31177614742428971795 2.47646772170887308206 2.67234786112987343643 -4.52233558032377658265 3.70488770513119991534 = -12.80508415613492090301 @ 399655 142955 1
4.31177614742428971795 2.47646772170887308206 2.67234786112987698914 -4.52233558032377658265 3.70488770513119991534 = -12.80508415613991424209 @ 399547 142922 1
4.31180297300376480507 2.47646772170888462838 2.67234786112987698914 -4.52233558032423221817 3.70488770513119991534 = -12.80827243302099027744 @ 398287 142537 1
4.31180297300376480507 2.47646772170888462838 2.67234786112987698914 -4.52233558032423221817 3.70488770513119991534 = -12.80827243302099027744 @ 399881 143024 1
4.31180297300376480507 2.47646772170888462838 2.67234786112987698914 -4.52233558032400928539 3.70488770513119991534 = -12.80827243355789946122 @ 399270 142838 1
4.31180297300376480507 2.47646772170888462838 2.67234786112987698914 -4.52233558032400928539 3.70488770513119991534 = -12.80827243355789946122 @ 399990 143058 1
4.31180297300376480507 2.47646772169701234745 2.67234786112987698914 -4.52233558032423221817 3.70488770513198018008 = -12.80827245078045706350 @ 399156 142803 1
4.31180297306787174705 2.47646772170900719701 2.67234786113886890746 -4.52233558032740567967 3.70488770512913268007 = -12.80827248326417411306 @ 399121 142793 1
4.31180297306787174705 2.47646772170900719701 2.67234786113886890746 -4.52233558032740567967 3.70488770512913268007 = -12.80827248326417411306 @ 399772 142991 1
4.31180297306787174705 2.47646772170900719701 2.67234786113886890746 -4.52233558032740567967 3.70488770512913268007 = -12.80827248326417411306 @ 399988 143057 1
4.31180297306799165113 2.47646772170888462838 2.67234786112987698914 -4.52233558032739502153 3.70488770513119991534 = -12.80827252301575569504 @ 399679 142963 1
-1.56154309179409578334 4.40001815446185151615 3.28529522714297739228 -2.39743870931884339726 -3.67611862860703375588 = -13.67581301816980499098 @ 398586 142629 1
-1.56154309179409578334 4.40001815446185151615 3.28529522715066013561 -2.39743870931884339726 -3.67611862860703375588 = -13.67581314728032459982 @ 397910 142422 1
-1.56154309179409578334 4.40001815446118005326 3.28529522715066013561 -2.39743870931884339726 -3.67611862860703375588 = -13.67581314851752161132 @ 399663 142958 1
-1.56154309179409578334 4.40001815446118005326 3.28529522715066013561 -2.39743870931884339726 -3.67611862860703375588 = -13.67581314851752161132 @ 399898 143030 1
-1.56154309179409578334 4.40001892081020429259 3.28529522715066013561 -2.39743870924388424726 -3.67611865354011069229 = -13.67630126941172008515 @ 398943 142738 1
-1.56154309179409578334 4.40001892081020429259 3.28529522715066013561 -2.39743870924398283506 -3.67611865354011069229 = -13.67630126960365721800 @ 399137 142797 1
-1.56154309145492331545 4.40001892060809751683 3.28529522715066013561 -2.39743870910663137153 -3.67611862860703375588 = -13.67631438914414587771 @ 398681 142658 1
-1.56154309145492331545 4.40001892061565147429 3.28529522715066013561 -2.39743870910663137153 -3.67611862860703375588 = -13.67631442069189517952 @ 395126 141570 1
-1.56154309145492331545 4.40001892061565147429 3.28529522715066013561 -2.39743870910663137153 -3.67611862860771188011 = -13.67631442169810007670 @ 398450 142587 1
-1.56154309179409578334 4.40001892081020429259 3.28529522715066013561 -2.39743870924621660379 -3.67611862860703375588 = -13.67631883931751524131 @ 397922 142425 1
-1.56154365474648426648 4.40001949851889229137 3.28529522675268603749 -2.39743870287417859544 -3.67611862997208671544 = -13.67650882713882687369 @ 396825 142090 1
-1.56154365474648426648 4.40001892061565147429 3.28529522715066013561 -2.39743870304304529384 -3.67611862880073569926 = -13.67675663783226269743 @ 395631 141726 1
-1.55417870974881378032 4.40001648471273743013 3.54523353484233494370 -2.13309984703568344955 -3.71127258302537876844 = -14.46537400289182606627 @ 399779 142993 1
-1.55417870974881378032 4.40001648471273743013 3.54523353484233494370 -2.13309984703568344955 -3.71127258302537876844 = -14.46537400289182606627 @ 399802 143000 1
-1.55417870974881378032 4.40001648471273743013 3.54523353484233494370 -2.13309984703568300546 -3.71127258302537876844 = -14.46537400290900343691 @ 399481 142902 1
-1.55417870974881378032 4.40001648471273743013 3.54523353484233494370 -2.13309984703567367958 -3.71127258302537876844 = -14.46537400305232701214 @ 398146 142494 1
-1.55417870974881378032 4.40001648471273743013 3.54523353484233494370 -2.13309984703567367958 -3.71127258302537876844 = -14.46537400305232701214 @ 399842 143013 1
-1.55417870974881378032 4.40001648471273743013 3.54523353484233494370 -2.13309984703567367958 -3.71127258302537876844 = -14.46537400305232701214 @ 399994 143059 1
-1.55417870974871630274 4.40001648471273743013 3.54523353484233494370 -2.13309984703567367958 -3.71127258302537876844 = -14.46537400424320018999 @ 399044 142769 1
-1.55417870974871630274 4.40001648471273743013 3.54523353484233494370 -2.13309984703567367958 -3.71127258302537876844 = -14.46537400424320018999 @ 399794 142998 1
-1.55417870974871630274 4.40001648471273743013 3.54523353484233494370 -2.13309984703567367958 -3.71127258302537876844 = -14.46537400424320018999 @ 399878 143023 1
-1.55417870974871630274 4.40001648471273743013 3.54523353484233494370 -2.13309984703567367958 -3.71127258302537876844 = -14.46537400424320018999 @ 399952 143046 1
-1.55417870974820249153 4.40001648471273743013 3.54523353484233494370 -2.13309984703567367958 -3.71127258302537876844 = -14.46537401055113392090 @ 398276 142534 1
-1.55418016966075023255 4.40001648470792439127 3.54523353484232162103 -2.13309983256990243206 -3.71127258302537876844 = -14.46603717134739142125 @ 399412 142881 1
-1.55418016966075023255 4.40001648470791195678 3.54523353484233494370 -2.13309983256990243206 -3.71127258302537876844 = -14.46603717145975842584 @ 399573 142930 1
-1.55418016966075023255 4.40001648470792439127 3.54523353484233494370 -2.13309983256990243206 -3.71127258302537876844 = -14.46603717179734260867 @ 398884 142720 1
-1.55418016966075023255 4.40001648471273743013 3.54523353484233494370 -2.13309983256990243206 -3.71127258302537876844 = -14.46603728804835142796 @ 398057 142467 1
-1.55417974953743054378 4.40001648471273743013 3.54523353484233494370 -2.13309983255913593325 -3.71127258302593565631 = -14.46614012297930607076 @ 398916 142730 1
-1.55417974953743054378 4.40001648471273743013 3.54523353484267023106 -2.13309983255913593325 -3.71127258302537876844 = -14.46614012704278984245 @ 398850 142710 1
-1.55417974953743054378 4.40001648471031003851 3.54523353484233494370 -2.13309983255913593325 -3.71127258302537876844 = -14.46614017918847494570 @ 398528 142611 1
-1.56156415237134460483 4.40001883796220649714 3.54523353587400480436 -2.13293924104018728372 -3.71126951668496607439 = -14.52903249683446418317 @ 399284 142842 1
-1.56156415237134460483 4.40001883796220649714 3.54523353587400480436 -2.13293924104018728372 -3.71126951668495985714 = -14.52903249683752129329 @ 398779 142688 1
-1.56156415237134460483 4.40001883796220649714 3.54523353587400480436 -2.13293924104018728372 -3.71126947143206775692 = -14.52905176036233569903 @ 399265 142836 1
-1.56156415237134460483 4.40001883796063975041 3.54523353587400480436 -2.13293924104573173750 -3.71126955072448261319 = -14.52913590035537261258 @ 398709 142667 1
-1.56156415237134460483 4.40001883796220649714 3.54523353587400480436 -2.13293924101861254172 -3.71126955072448261319 = -14.52913631479952449865 @ 397762 142377 1
-1.56156321082950855228 4.40001883796220649714 3.54523353587400480436 -2.13293924104507803818 -3.71127258300362372623 = -14.52945292877445737645 @ 398842 142707 1
-1.56156321082950855228 4.40001883796220649714 3.54523353587431833134 -2.13293924104439236444 -3.71127258300362372623 = -14.52945294829027744754 @ 398874 142717 1
-1.56156415238090606756 4.40001883795935366805 3.54523353521365880425 -2.13293924074527652124 -3.71127258297130158127 = -14.52996263531029974558 @ 399567 142929 1
-1.56156415238090606756 4.40001883795935366805 3.54523353521365880425 -2.13293924074527030399 -3.71127258297130158127 = -14.52996263532837950549 @ 398948 142740 1
-1.56156415238090606756 4.40001883796220649714 3.54523353521596495952 -2.13293924074527030399 -3.71127258297130158127 = -14.52996272730670845874 @ 398504 142604 1
-1.56154348710197177219 4.40001892289495444288 3.54519822469453593783 -2.13296999830418787525 -3.71131829108978461562 = -14.53255026219311218938 @ 398038 142461 1
-1.56154348710197177219 4.40001892290812257613 3.54519822469453593783 -2.13296999830418787525 -3.71131829108978461562 = -14.53255047701647661995 @ 396581 142016 1
-1.56154348710198087602 4.40001892290812257613 3.54519822469453593783 -2.13296999830418787525 -3.71131829108978461562 = -14.53255047717597392420 @ 399386 142873 1
-1.56154348710198087602 4.40001892290812257613 3.54519822469453593783 -2.13296999830418787525 -3.71131829108978461562 = -14.53255047717597392420 @ 399958 143048 1
-1.56154348710197177219 4.40001892290812257613 3.54519822469453593783 -2.13296999830094913264 -3.71131829108978461562 = -14.53255047886140083335 @ 399773 142992 1
-1.56154348710197177219 4.40001892291313190242 3.54519822469453593783 -2.13296999830418787525 -3.71131829108978461562 = -14.53255057161679353328 @ 397899 142418 1
-1.56156415238090606756 4.40001892000955319162 3.54523353521365880425 -2.13274639691116707496 -3.67614139737317602297 = -14.95304432497247404399 @ 399927 143039 1
-1.56156415237134460483 4.40001892081020429259 3.54523353587400480436 -2.17506551184210961125 -3.61870048402279254063 = -16.09165767411532854680 @ 399877 143023 1
4.13749280246097583813 2.47172391506116628790 2.67234786115719513688 -4.73284135967261665456 3.64161214877509875620 = -16.90525838258649216073 @ 399497 142907 1
4.13749280226659887916 2.47172391506116628790 2.67234786115719513688 -4.73284135967261665456 3.64161214877509875620 = -16.90525967165647358570 @ 398573 142625 1
4.13749280226659887916 2.47172391506116628790 2.67234786115719513688 -4.73284135967261665456 3.64161214877509875620 = -16.90525967165647358570 @ 399795 142998 1
4.13749280226659887916 2.47172391506116628790 2.67234786115719513688 -4.73284135967261665456 3.64161214877509875620 = -16.90525967165647358570 @ 399836 143011 1
4.13749280226659887916 2.47172391506116628790 2.67234786115719513688 -4.73284135967261665456 3.64161214877509875620 = -16.90525967165647358570 @ 399844 143013 1
4.13749280226659887916 2.47172391506116628790 2.67234786115790523553 -4.73284135967261665456 3.64161214877194616690 = -16.90525968944773183011 @ 398855 142711 1
4.13749280226659887916 2.47172391506116628790 2.67234786115719513688 -4.73284135968634611658 3.64161214877792982492 = -16.90525975194631058685 @ 397958 142437 1
4.13749280226659887916 2.47172391506116628790 2.67234786115719513688 -4.73284135968634611658 3.64161214877792982492 = -16.90525975194631058685 @ 399767 142990 1
4.13749280226659887916 2.47172391506116628790 2.67234786115719513688 -4.73284135968634611658 3.64161214877792982492 = -16.90525975194631058685 @ 399973 143053 1
4.13749280226659887916 2.47172391506116628790 2.67234786115719513688 -4.73284135968634611658 3.64161214877792982492 = -16.90525975194631058685 @ 399995 143059 1
4.13749280226659887916 2.47172391506116628790 2.67234786115364375547 -4.73284135968634611658 3.64161214877450412075 = -16.90525975632459676490 @ 398258 142528 1
4.13749280226659887916 2.47172394470920675502 2.67234786115719513688 -4.73284135968634611658 3.64161214877509875620 = -16.90526954403212656075 @ 398762 142683 1
4.13749280226659887916 2.47172394470631306973 2.67234786115719513688 -4.73284135968634611658 3.64161214877509875620 = -16.90526954560837680219 @ 399506 142910 1
4.13749280226659887916 2.47172421653468177283 2.67234786115643263571 -4.73284462388445348324 3.64161214877450412075 = -16.90598058864416231017 @ 399210 142820 1
4.13749280226659887916 2.47172421653468177283 2.67234786115643263571 -4.73284462388445348324 3.64161214877450412075 = -16.90598058864416231017 @ 399796 142998 1
4.13749280226659887916 2.47172421653468177283 2.67234786115643263571 -4.73284462388445348324 3.64161214877447747540 = -16.90598058868829411949 @ 399564 142928 1
4.13749280226659887916 2.47172421653468177283 2.67234786994088047152 -4.73284462388445348324 3.64161214877446370863 = -16.90598248604477049639 @ 399461 142896 1
4.13749280226659887916 2.47172421653468177283 2.67234786994088047152 -4.73284462388445348324 3.64161214877450412075 = -16.90598248641444101281 @ 399230 142826 1
4.13749280226951743344 2.47172391506116628790 2.67234786115719513688 -4.73284462388445348324 3.64161214877450412075 = -16.90599712856228364899 @ 397707 142360 1
4.14122528055102367972 2.47700964211462926201 2.66981976174004387303 -4.73288429432173263223 3.64161215008780292379 = -16.91234044525200275189 @ 398402 142572 1
4.14122528055102367972 2.47700954367510117748 2.66981981909032883848 -4.73288429402493004972 3.64161267844686387107 = -16.91238251192942243506 @ 398648 142648 1
4.14122528055102367972 2.47700954367510117748 2.66981981909032883848 -4.73288429402493004972 3.64161267844686387107 = -16.91238251192942243506 @ 399782 142994 1
4.14122528055102367972 2.47700954367510117748 2.66981981909032883848 -4.73288429402493004972 3.64161267844686387107 = -16.91238251192942243506 @ 399859 143018 1
4.14122528055102367972 2.47700954367510117748 2.66981981909032883848 -4.73288429402493004972 3.64161267844686387107 = -16.91238251192942243506 @ 399913 143034 1
4.14122528055180083584 2.47700954367510117748 2.66981976166824885865 -4.73288429402842680815 3.64161267858507464723 = -16.91240855391557573739 @ 398536 142613 1
4.14122528055180261219 2.47700954367510117748 2.66981976166824885865 -4.73288429402842680815 3.64161267858523762797 = -16.91240855431069078918 @ 399616 142944 1
4.14122528055102367972 2.47700954367510117748 2.66981976167708268122 -4.73288429402842680815 3.64161267858507464723 = -16.91240855924213093431 @ 398283 142536 1
4.14122528055144201176 2.47700954369745307559 2.66981976174004387303 -4.73288429432173263223 3.64161215008819239003 = -16.91241184544247033728 @ 398568 142623 1
4.13749280697835786214 2.47172421653468177283 2.67234786001914281783 -4.73288429465280646724 3.64161214592401494272 = -16.91354589637867178453 @ 398147 142494 1
-1.66002107722722636041 4.40001648471273743013 3.54523353484233494370 -2.13309984703567367958 -3.71127258302538143298 = -16.91380896350434781539 @ 399358 142865 1
-1.66002107722722636041 4.40001648471273743013 3.54523353484233494370 -2.13309984703567367958 -3.71127258302537876844 = -16.91380896364996644365 @ 399180 142811 1
-1.66002104334654054796 4.40001648471273743013 3.54523353484142722536 -2.13309984703567367958 -3.71127258302544893454 = -16.91393725532554626056 @ 399016 142761 1
-1.66002104334654054796 4.40001648471274009466 3.54523353484233494370 -2.13309984703569632813 -3.71127258302537876844 = -16.91393725548321569363 @ 399397 142877 1
-1.66002104334654054796 4.40001648471273743013 3.54523353484267600422 -2.13309984703567367958 -3.71127258302537876844 = -16.91393725688258697915 @ 398966 142745 1
-1.66002104334654054796 4.40001648471273743013 3.54523353484267600422 -2.13309984703567367958 -3.71127258302537876844 = -16.91393725688258697915 @ 399996 143060 1
-1.66002104334654054796 4.40001648471273743013 3.54523353484267600422 -2.13309984703567367958 -3.71127258302538098889 = -16.91393725692627114654 @ 399113 142790 1
-1.56185927010931524528 4.10249310079632412140 3.28530268227472221909 -2.13270278077441188813 -3.67614517342735025451 = -19.35222203234594928745 @ 399421 142884 1
-1.56185927010931524528 4.10249310079635787218 3.28529569717261127337 -2.13270278078101238606 -3.67614517341569158049 = -19.35303009806196428144 @ 399183 142812 1
-1.56154562075686142997 4.10247968542311181039 3.28530298431493461564 -2.13270208072513955955 -3.67614609615830367773 = -19.39746901522457989131 @ 399733 142979 1
-1.56154562075686365041 4.10247968542311181039 3.28530298431493461564 -2.13270208072513955955 -3.67614609615830367773 = -19.39746901526044808861 @ 398641 142646 1
-1.56154562075686365041 4.10247968542311181039 3.28530298431501810441 -2.13270208072513955955 -3.67614609616442811202 = -19.39746918323457336442 @ 399116 142791 1
-1.56154562075686365041 4.10247968542311181039 3.28530298431548217764 -2.13270208072513955955 -3.67614609616990684060 = -19.39746931389037598592 @ 398768 142685 1
-1.56154562075686365041 4.10247876138577982630 3.28530298407629217650 -2.13269776140487676841 -3.67614584855915316197 = -19.39756944812208772078 @ 399522 142915 1
-1.56154562066286151101 4.10247968542389163105 3.28530298419816135791 -2.13270208072233868890 -3.67614584832639623713 = -19.39812402980446393030 @ 398367 142562 1
-1.56154562075686365041 4.10247968543813357201 3.28530298431493461564 -2.13270208052635723561 -3.67614584832639623713 = -19.39813186832934022163 @ 399381 142872 1
-1.56154562075686698108 4.10247968543813357201 3.28530298431493461564 -2.13270208052635723561 -3.67614584832639623713 = -19.39813186851915816078 @ 399702 142970 1
-1.56083494671399791720 4.10249446988377641787 3.28524035079246701230 -2.13275628203265332772 -3.67601405982180029497 = -19.40231972794941128768 @ 399273 142839 1
-1.55417976271386071296 4.40001648524788713246 3.14818489298056380932 -2.39482484355433600243 -3.55548084825316079716 = -21.61811454845097557609 @ 395345 141638 1
4.31180297030911763301 2.47735329686766592161 2.67234786112987698914 -4.73288429982869462975 3.64161215008819949546 = -26.88291510722313404358 @ 399764 142989 1
4.31177614742419201832 2.47172422476708364414 2.67234786112987698914 -4.73284135968634611658 3.64161376542952108792 = -26.91355871053969295303 @ 399157 142804 1
4.31177614742419201832 2.47172422476708364414 2.67234786112987698914 -4.73284135968634611658 3.64161376542952108792 = -26.91355871053969295303 @ 399619 142944 1
4.31177614742463433117 2.47172422475935560371 2.67234786112983879747 -4.73288429982869462975 3.64161376539794900964 = -26.92091408623738857386 @ 399552 142924 1
4.31177614742463433117 2.47172422475935560371 2.67234786112987121598 -4.73288429982869462975 3.64161376539799297447 = -26.92091408710883371214 @ 399562 142927 1
4.31177614742463433117 2.47172422475935560371 2.67234786112987698914 -4.73288429982869462975 3.64161376539799297447 = -26.92091408712795441716 @ 399503 142909 1
4.31177614742463433117 2.47172422475935560371 2.67234786112987698914 -4.73288429982869462975 3.64161376539804582109 = -26.92091408805310237540 @ 399499 142908 1
4.31177614742463433117 2.47172422475935560371 2.67234786112987698914 -4.73288429982869462975 3.64161376539805647923 = -26.92091408825777421043 @ 399131 142796 1
4.31177614742463433117 2.47172422475946174103 2.67234786112987698914 -4.73288429982869462975 3.64161376539804582109 = -26.92091408841857003154 @ 399989 143057 1
4.31177614742463433117 2.47172422475942443754 2.67234786112987698914 -4.73288429382202657791 3.64161376539805647923 = -26.92091926478310881521 @ 399445 142891 1
4.31177614742463433117 2.47172422475942443754 2.67234786112987698914 -4.73288429382202657791 3.64161376539805647923 = -26.92091926478310881521 @ 399850 143015 1
4.31177614742419201832 2.47172422476698816496 2.67234786112987698914 -4.73288429382197239903 3.64161376542952108792 = -26.92091965143637111169 @ 398801 142695 1
4.31177614742419201832 2.47172422476708364414 2.67234786112987698914 -4.73288429382197239903 3.64161376542952108792 = -26.92091965151586663296 @ 398727 142672 1
4.31180297315768612521 2.47172422496355892463 2.67234786111666444697 -4.73288429433723933926 3.64160195830391497651 = -26.92352113722111539573 @ 398782 142689 1
4.31180297315768612521 2.47172422496355892463 2.67234786112975086780 -4.73288429433717361405 3.64160195830391497651 = -26.92352124831114323911 @ 399139 142798 1
-1.56160736764616903116 4.40001720221559899926 3.24191510788990377989 -2.48505886445441426247 -3.61869790579502925709 = -27.14102136407127474627 @ 399109 142789 1
-1.66014858905267548295 4.40002144718895671360 3.28519726391327271386 -2.20183648850990598689 -3.26633637437437185369 = -27.58848466636794682927 @ 399074 142778 1
-1.66014858905267548295 4.40002144718895671360 3.28519726391327271386 -2.20183648850990598689 -3.26633637437437185369 = -27.58848466636794682927 @ 399948 143045 1
-1.66014858905267548295 4.40002144718895671360 3.28519726391329447424 -2.20183648850990598689 -3.26633637437422974514 = -27.58848466681599731487 @ 399171 142808 1
-1.66014858905267548295 4.40002144718895671360 3.28519726391327271386 -2.20183648850990598689 -3.26633637437422974514 = -27.58848466894291462381 @ 397744 142371 1
-1.66014858905267548295 4.40002144718895671360 3.28519726391327271386 -2.20183648850990598689 -3.26633637437418933303 = -27.58848466965824641761 @ 399228 142825 1
-1.66014858903069173479 4.40002144740387368671 3.28519726391300137536 -2.20183648850990598689 -3.26633637437422885696 = -27.58849825108469744350 @ 399661 142957 1
-1.66014858903069173479 4.40002144740387368671 3.28519726391300137536 -2.20183648850990598689 -3.26633637437422885696 = -27.58849825108469744350 @ 399880 143024 1
-1.66014858903069173479 4.40002144740387368671 3.28519726391303601432 -2.20183648850990598689 -3.26633637437422974514 = -27.58849825139704492472 @ 399332 142857 1
-1.66014858903069173479 4.40002144740387368671 3.28519726391327271386 -2.20183648850990598689 -3.26633637437422974514 = -27.58849825352187323801 @ 398937 142736 1
-1.66014858903069173479 4.40002144740387368671 3.28519726391327271386 -2.20183648850990598689 -3.26633637437422974514 = -27.58849825352187323801 @ 399936 143041 1
-1.66014858664124398402 4.40002144718895671360 3.28519726391329447424 -2.20183648850990598689 -3.26633637437422974514 = -27.58854436104697782639 @ 399463 142897 1
-1.66014781015229573313 4.40002144740376799348 3.28519726389633648367 -2.20183627277230886676 -3.26633637437609891663 = -27.59038416003415150612 @ 398766 142684 1
-1.66014781015229573313 4.40002144740376799348 3.28519726389633648367 -2.20183627277281601664 -3.26633637437609891663 = -27.59038420929921286984 @ 398950 142740 1
-1.66014781014418533189 4.40002144740377065801 3.28519726386945842833 -2.20183649929142788437 -3.26633637436179746771 = -27.59061265382907990329 @ 399374 142870 1
-1.66014781015292056665 4.40002144739044620536 3.28519726386945842833 -2.20183648816864518949 -3.26633637436179746771 = -27.59070235775096691100 @ 399056 142773 1
-1.66014781015292056665 4.40002144739045686350 3.28519726386945842833 -2.20183648816864518949 -3.26633637436179746771 = -27.59070235798280990025 @ 399251 142832 1
-1.66014781015292056665 4.40002144739045686350 3.28519726386945931651 -2.20183648816864518949 -3.26633637436179746771 = -27.59070235798510495329 @ 399448 142892 1
-1.66014781014314682928 4.40002144740376799348 3.28519726386945842833 -2.20183648816999077980 -3.26633637436179746771 = -27.59070237849999074342 @ 398382 142566 1
4.31180297030911763301 2.47735329686766592161 2.73207746094803782810 -4.73288429433717361405 3.64161215008819949546 = -28.13947623295829458812 @ 399717 142975 1
4.31180297030911763301 2.47735329686766592161 2.73207746094803782810 -4.73288429433717361405 3.64161215008819949546 = -28.13947623295829458812 @ 399747 142984 1
4.31180297030911319212 2.47735329686766592161 2.73207746094803249903 -4.73288429433717361405 3.64161215008819949546 = -28.13947623298868805364 @ 399640 142951 1
-1.66002104326030708314 4.40002147792651765457 3.24191503992864982209 -2.20183650044401346690 -3.26638003097701279387 = -29.76584716276066799878 @ 399523 142915 1
-1.66002104326030708314 4.40002147792651765457 3.24191503992864982209 -2.20183650044401346690 -3.26638003097701279387 = -29.76584716276066799878 @ 399869 143021 1
-1.66002104326030708314 4.40002147792651765457 3.24191503992864982209 -2.20183650044401346690 -3.26638003097701279387 = -29.76584716276066799878 @ 399986 143056 1
-1.66002104326029886749 4.40002147792651587821 3.24191503992864982209 -2.20183650044401346690 -3.26638003097701279387 = -29.76584716289244880727 @ 398513 142606 1
-1.66002104326029886749 4.40002147792651587821 3.24191503992864982209 -2.20183650044401346690 -3.26638003097701279387 = -29.76584716289244880727 @ 399899 143030 1
-1.66002104326030708314 4.40002147792651587821 3.24191503992864982209 -2.20183650044401346690 -3.26638003097701279387 = -29.76584716292537891036 @ 399368 142868 1
-1.66002104326029886749 4.40002147792803999238 3.24191503992878837792 -2.20183650113732642950 -3.26638003086233252859 = -29.76585149382879791347 @ 399617 142944 1
-1.66002104326029886749 4.40002147792803999238 3.24191503992878660156 -2.20183650113732642950 -3.26638003086233252859 = -29.76585149390269435798 @ 399623 142946 1
-1.66002104326054511496 4.40002147792803999238 3.24191503992864982209 -2.20183650113732642950 -3.26638003086233252859 = -29.76585149674650310203 @ 398704 142665 1
-1.66014781014212009502 4.40002144740376799348 3.28519726386945842833 -2.13296873772220019205 -3.26633637436179746771 = -30.98596138440644054413 @ 399799 142999 1
1.75774335792257518918 1.59573707632929995270 -4.30893132867733985591 -2.17506551173892903606 0.36137165661482012480 = -31.84856531519054811952 @ 398812 142698 1
1.75774335792224589703 1.59573707632929995270 -4.30893132874724926751 -2.17506551174030926532 0.36137165661522441251 = -31.84856668014948155587 @ 399151 142802 1
1.75774335792257518918 1.59573707632780381616 -4.30893132874724926751 -2.17506551173914086661 0.36137165661482012480 = -31.84856674180043256683 @ 399716 142974 1
-1.56154620374347974376 4.40001720221559899926 3.54523351878812320592 -2.48505886445710899579 -3.71131352404449676996 = -35.65187992017152396329 @ 399559 142926 1
