-1.56154479645671995236 4.40002123464019323507 = -0.00000000046899154326 @ 197393 74215 1
-1.56154555196147981633 4.40002168225547674041 = -0.00000000251398435619 @ 195494 73466 1
-1.56154345614165412925 4.40002154393461264448 = -0.00000000334780773939 @ 197777 74367 1
1.75774431695243271712 1.59573488282617415024 = -0.00000000505633491315 @ 199392 74995 1
1.75774431695216870608 1.59573488282617415024 = -0.00000000505633491409 @ 199568 75061 1
1.75774250827978240075 1.59573488282431652507 = -0.00000000532378432853 @ 193574 72713 1
4.14125265182796198360 2.47701334442105425282 = -0.00000005640046324528 @ 198265 74559 1
4.14125265179631973922 2.47701334442069542874 = -0.00000005640167419782 @ 199809 75151 1
4.14125265179632062740 2.47701334442105425282 = -0.00000005640167421998 @ 197582 74287 1
1.75774306644046829362 1.59572853040162621063 = -0.00000006017812884022 @ 198428 74625 1
4.14125268037322058490 2.47701387613710322100 = -0.00000006095809799732 @ 199304 74961 1
1.75774605871835043480 1.59572833333208508044 = -0.00000007011347475689 @ 196694 73938 1
-1.56154729645425405238 4.40002897317702501567 = -0.00000010851126540413 @ 199166 74908 1
-1.56155426895648963281 4.40002127106321516692 = -0.00000013348861415250 @ 198805 74771 1
-3.39511448481530564436 -3.31730094361733263142 = -0.00000017935076918632 @ 197914 74420 1
-3.39511448498704071497 -3.31730094361733263142 = -0.00000017935466863016 @ 197066 74084 1
-3.39511448166138940508 -3.31730094265112773755 = -0.00000017936408692470 @ 199211 74926 1
1.75772656238840951914 1.59574783175771539590 = -0.00000036335541359266 @ 199591 75070 1
1.75772656238840951914 1.59574783175765322341 = -0.00000036335541362171 @ 199789 75144 1
4.14124196326366433851 2.47702145002176132849 = -0.00000086482622656084 @ 199566 75060 1
1.75777753190954544316 1.59573477186093026781 = -0.00000105030951360767 @ 199143 74899 1
1.75774146856560475882 1.59577542016742079944 = -0.00000116421042594623 @ 198315 74579 1
1.75774147712143724576 1.59577544594056264238 = -0.00000116572334519264 @ 199600 75073 1
-1.56154435050655160389 4.39998606326772900843 = -0.00000172161134393333 @ 199766 75135 1
-1.56154435050394879703 4.39998606037335537877 = -0.00000172189949195200 @ 192635 72343 1
4.14127123233552829618 2.47703851725307355736 = -0.00000250339236386714 @ 198851 74787 1
-3.39513672520394749199 -3.31730175044042585597 = -0.00000257376817901711 @ 199002 74844 1
1.75772693701222482154 1.59568215563392046263 = -0.00000258558392035827 @ 199776 75140 1
1.75779548247734407340 1.59572281549909256171 = -0.00000264714718019570 @ 198266 74559 1
-3.39513672520377962627 -3.31730033429965320835 = -0.00000264937535084456 @ 199795 75146 1
1.75770578094637586197 1.59567683712491747983 = -0.00000401414705643985 @ 199736 75125 1
1.75780773320412464500 1.59576198044855299685 = -0.00000407834345272997 @ 195895 73625 1
1.75770578098076968310 1.59567550054495144174 = -0.00000414018851933721 @ 198764 74755 1
-1.56153200979073991661 4.40007555798804883551 = -0.00000458271575380230 @ 198279 74565 1
-1.56153200979073991661 4.40007555827917062885 = -0.00000458276228361712 @ 199274 74950 1
-1.56153185064593946763 4.40007558775375340332 = -0.00000459347534511160 @ 194769 73183 1
1.75772024595797016211 1.59581127326296279278 = -0.00000495484991078628 @ 199796 75147 1
1.75772024595797082824 1.59581127326296279278 = -0.00000495484991079795 @ 199875 75176 1
1.75772024595798437296 1.59581127326281180245 = -0.00000495484991240927 @ 198409 74617 1
4.14124394385243377315 2.47696888974883977497 = -0.00000548424924102778 @ 193692 72758 1
1.75772024595798437296 1.59584851362252710949 = -0.00001048510685158064 @ 195853 73609 1
1.75770916968558732485 1.59560799238469241956 = -0.00001400266218497778 @ 197256 74162 1
1.75770916968554979931 1.59560799238469241956 = -0.00001400266218551809 @ 199647 75091 1
1.75780145450238989291 1.59561810708158691163 = -0.00001475338581546915 @ 198302 74574 1
1.75780145451375258148 1.59561810708158691163 = -0.00001475338756246468 @ 199054 74863 1
1.75784128128591876639 1.59583121122177873374 = -0.00001491873405610874 @ 198699 74731 1
4.14126436143086351649 2.47708624735710580822 = -0.00001526275759213216 @ 198386 74607 1
4.14126436143086351649 2.47708624735710580822 = -0.00001526275759213216 @ 198607 74697 1
-1.56164841076882487947 4.40003842189371763283 = -0.00001606998117373347 @ 196876 74010 1
-1.56164841076882487947 4.40003842189374339000 = -0.00001606998117520802 @ 199529 75047 1
4.14126436143086351649 2.47709058106520041420 = -0.00001707262860780001 @ 198016 74460 1
1.75782283646985404424 1.59561514841007956456 = -0.00001815614719290898 @ 199148 74901 1
-1.56165538105165335736 4.39999697722668337008 = -0.00001868759947537782 @ 198743 74748 1
4.14133925293208537965 2.47699834661287932036 = -0.00001897682496877985 @ 199015 74849 1
4.14133925293208537965 2.47699834661287932036 = -0.00001897682496877985 @ 199874 75176 1
1.75764616452493283028 1.59584902843281550844 = -0.00001927044327697399 @ 198537 74669 1
-1.56153424221972136898 4.40013960627145106486 = -0.00002051936383575915 @ 196383 73816 1
-3.39513139294863952600 -3.31724080838795032378 = -0.00002064152586468862 @ 197775 74366 1
-3.39513116795685476745 -3.31723938238963667047 = -0.00002143773530765342 @ 199552 75055 1
1.75759652624641127261 1.59567116018658872179 = -0.00002230446310516010 @ 199422 75006 1
1.75789576831637761600 1.59580776278260394463 = -0.00002398659194238526 @ 198468 74641 1
1.75758660952999745675 1.59568215563392046263 = -0.00002405482325609020 @ 199331 74972 1
1.75758660952973611025 1.59568215563392046263 = -0.00002405482326638127 @ 198000 74453 1
-1.56167661549175473823 4.40002122873699974548 = -0.00002532200293448252 @ 198825 74777 1
1.75789408443561545603 1.59565268399218362916 = -0.00002697175754813995 @ 196729 73951 1
4.14127247495936945398 2.47690957046315851642 = -0.00002916514223211794 @ 199210 74925 1
4.14127247496240791236 2.47690957046167925526 = -0.00002916514341528011 @ 199519 75043 1
-1.56154414890651160874 4.39985999477693479065 = -0.00003706925964473576 @ 199772 75138 1
-1.56154414890649317904 4.39985999477693479065 = -0.00003706925964590571 @ 198997 74842 1
-1.56154408205804307030 4.39985951331601388148 = -0.00003729140598869058 @ 197104 74101 1
-1.56141037152274542166 4.40012527904298167414 = -0.00004212386474187481 @ 198469 74641 1
-1.56141037151949801931 4.40012527904298167414 = -0.00004212386487401635 @ 199264 74946 1
-3.39501173818563017903 -3.31729885518819633816 = -0.00004483146423243477 @ 199055 74864 1
-3.39501173817701040747 -3.31729885518819633816 = -0.00004483147195619608 @ 199649 75092 1
-1.56166298217696741801 4.39988456148424589287 = -0.00004728198894605501 @ 198743 74747 1
1.75793668615767129104 1.59591347014788031977 = -0.00005557094937329687 @ 198166 74518 1
1.75793668615767129104 1.59591347015305373702 = -0.00005557095037537989 @ 199191 74917 1
-1.56136595661406496482 4.40012827078079649112 = -0.00006320448217631661 @ 199782 75142 1
1.75772693701222482154 1.59603468024491523813 = -0.00007065325374474046 @ 197867 74402 1
1.75772693701222482154 1.59603468024626282684 = -0.00007065325381899671 @ 199227 74933 1
1.75772693683212222204 1.59603468024491523813 = -0.00007065328684430250 @ 198602 74695 1
4.14125610147268918837 2.47717545745770539867 = -0.00007302245272095482 @ 194533 73090 1
1.75757906994006862789 1.59547645632933865478 = -0.00007528615236424787 @ 199845 75165 1
1.75757906993249757299 1.59547645584087049997 = -0.00007528640963513252 @ 198486 74648 1
1.75757906801669427921 1.59547645632933865478 = -0.00007528690055366781 @ 199411 75002 1
1.75748888313653872650 1.59587599728821594169 = -0.00007658529135159221 @ 198150 74511 1
1.75748888313653872650 1.59587599728821594169 = -0.00007658529135159221 @ 199911 75189 1
1.75772301072033187985 1.59541148951940003897 = -0.00008397377960950284 @ 199663 75098 1
-1.56165788362355750785 4.39979869502902509737 = -0.00009002737370829582 @ 194629 73128 1
1.75758660952973611025 1.59603468024626282684 = -0.00009593926153015832 @ 199776 75139 1
-1.56141940006219015480 4.39978741744661050461 = -0.00010023008899229509 @ 197265 74165 1
-1.56141940006103996375 4.39978741744661050461 = -0.00010023008909322005 @ 199379 74990 1
-3.39526543553548654231 -3.31730626309879284008 = -0.00010095888803768418 @ 194016 72886 1
1.75804580852381198142 1.59593878513526599150 = -0.00010961125574724081 @ 199088 74877 1
-1.56177490097078885967 4.39985999477690370441 = -0.00011510062189344479 @ 197814 74382 1
-1.56177495142397981809 4.39985934191687988459 = -0.00011545199747853615 @ 191178 71764 1
-3.39508390928914050022 -3.31746938424018766867 = -0.00011788354890924832 @ 196499 73861 1
-3.39508390928914050022 -3.31746938424241744059 = -0.00011788355139072607 @ 198920 74812 1
1.75737203267865549350 1.59567143442675329901 = -0.00012671084026589304 @ 199152 74902 1
1.75737203267865549350 1.59567143446887116376 = -0.00012671085333408450 @ 196983 74053 1
4.14125719016838456099 2.47679320812338410462 = -0.00013027832189358099 @ 199896 75184 1
4.14125718828373656777 2.47679319222023819336 = -0.00013029724804710340 @ 198397 74612 1
4.14125718828373656777 2.47679319222023819336 = -0.00013029724804710340 @ 199984 75216 1
4.14125718870839243380 2.47679319222023819336 = -0.00013029725099003174 @ 198677 74723 1
1.75771301032852078627 1.59617638141112561101 = -0.00015416831748922086 @ 199665 75099 1
1.75787066045437168071 1.59530939684321504402 = -0.00016310927937412950 @ 199507 75039 1
1.75817325896046949829 1.59578928836781708256 = -0.00016651733951768380 @ 199830 75160 1
1.75817325896046949829 1.59578928836781708256 = -0.00016651733951768380 @ 199899 75185 1
1.75759652624641127261 1.59616428549243205559 = -0.00016880660608958219 @ 199196 74919 1
1.75801512976394502807 1.59535138056864145284 = -0.00019189643858260984 @ 198922 74813 1
1.75801512976398566224 1.59535138051452651808 = -0.00019189648047311073 @ 199660 75096 1
4.14113301240999831521 2.47725030039903826307 = -0.00019699028927032706 @ 197445 74235 1
4.14099002122297843442 2.47709048294166578330 = -0.00021131284325466411 @ 199589 75069 1
4.14099002122297843442 2.47709048294166622739 = -0.00021131284325467292 @ 199903 75186 1
4.14099002115326975115 2.47709048293788125505 = -0.00021131294710018337 @ 199000 74843 1
1.75732062108556541524 1.59597996423061960769 = -0.00021663178285263293 @ 198215 74538 1
1.75770771804798076055 1.59520115737960055391 = -0.00022640500124897689 @ 199490 75032 1
1.75770771821591176298 1.59520113403610896974 = -0.00022642611249467252 @ 197214 74144 1
1.75792896270887299970 1.59626849736946274660 = -0.00024662419169741150 @ 199351 74979 1
1.75792896271128062935 1.59626849736946274660 = -0.00024662419352000788 @ 199527 75046 1
1.75792911543505470107 1.59626850726221869436 = -0.00024667896540458371 @ 196974 74048 1
-1.56154192499813282424 4.40044457948540301828 = -0.00025770597743673555 @ 197080 74090 1
-1.56154192499813282424 4.40044458476755107057 = -0.00025771291639467304 @ 195702 73548 1
-1.56153377677392257716 4.40044436510231484760 = -0.00025777785842025892 @ 199593 75071 1
-1.56199978427961827521 4.39998595280950954844 = -0.00030383272557899584 @ 195283 73385 1
4.14159718791153164119 2.47701385998823209178 = -0.00031554841770070884 @ 199120 74890 1
4.14159718792576825308 2.47701385998823209178 = -0.00031554844226181698 @ 198877 74797 1
4.14159718792576825308 2.47701386012820012894 = -0.00031554845653366620 @ 198231 74544 1
4.14159718789191266808 2.47701385208464142096 = -0.00031554860055609191 @ 198815 74775 1
1.75707964165990149219 1.59567116018708810010 = -0.00040094640214876904 @ 199818 75155 1
1.75707893127497638552 1.59567116018708810010 = -0.00040176357507524878 @ 197795 74374 1
1.75717297135160355204 1.59608205690689586298 = -0.00040407902038216200 @ 199507 75039 1
4.14159931497810251955 2.47718972637341705578 = -0.00040531925101164827 @ 198423 74622 1
4.14154430492493741411 2.47727516744112197244 = -0.00041352713762425288 @ 199217 74928 1
1.75740277789306409417 1.59507917307830160425 = -0.00043012433091000756 @ 199453 75017 1
1.75740277789262533403 1.59507917307808488872 = -0.00043012433157853009 @ 199592 75070 1
4.14121364726106655496 2.47742794454305048646 = -0.00047693104533504306 @ 198261 74557 1
4.14121364726106655496 2.47742794524158149727 = -0.00047693265828585520 @ 199441 75012 1
1.75707893254681546402 1.59616428550828892696 = -0.00056775076504339875 @ 199268 74948 1
1.75786742516252814106 1.59490279221466657589 = -0.00057022242074899337 @ 198140 74507 1
1.75786743110690513170 1.59490279221466657589 = -0.00057022265691574815 @ 198358 74597 1
1.75770558533823284542 1.59659820305544930541 = -0.00059256371994390945 @ 198414 74619 1
1.75770558533823284542 1.59659820321043244284 = -0.00059256393518001193 @ 198970 74832 1
1.75769736427589928773 1.59659820323701762135 = -0.00059384720500292533 @ 199553 75055 1
1.75691159961497822550 1.59561493348294036743 = -0.00063289813746017455 @ 196834 73992 1
1.75691159961497822550 1.59561493346013194561 = -0.00063289815888242860 @ 199070 74870 1
-1.56087800682168409416 4.40008577647283338763 = -0.00064874759801498744 @ 197267 74166 1
4.14085061622399397407 2.47671550311892385565 = -0.00069055844379607234 @ 196556 73883 1
4.14177111532997610510 2.47701560435153078643 = -0.00072035331661678744 @ 199500 75036 1
4.14177111532993702525 2.47701560435207790434 = -0.00072035331679722026 @ 199426 75007 1
1.75759652624641127261 1.59473974077056634968 = -0.00078620535384853391 @ 199480 75028 1
1.75827140830240513658 1.59660187534791320196 = -0.00080603492485785487 @ 198791 74766 1
1.75868998413968258276 1.59587019502317883912 = -0.00081053938186954107 @ 197010 74063 1
1.75868998413970056838 1.59587019318713485561 = -0.00081053950419062099 @ 199645 75091 1
1.75869221490487159798 1.59587014703273943894 = -0.00081431064459517991 @ 198465 74640 1
1.75811630720251432791 1.59669006641980515404 = -0.00081588225103264344 @ 197427 74228 1
-1.56150029711575122349 4.40077506872353207967 = -0.00081774505931267991 @ 198348 74593 1
-3.39519854074522742238 -3.31688075916356384099 = -0.00082724866137885667 @ 196021 73674 1
-3.39519854074552585033 -3.31688075916356384099 = -0.00082724866167304507 @ 199474 75025 1
-1.56221709547350706693 4.40037004429206657363 = -0.00082988460268095747 @ 199383 74992 1
-1.56221709547350706693 4.40037004429447087261 = -0.00082988461067732622 @ 199318 74967 1
-1.56221795354728953953 4.40037004429447087261 = -0.00083160158914572142 @ 198493 74651 1
1.75765407512749538554 1.59469899663436431858 = -0.00084439713317988182 @ 198369 74601 1
-3.39526545019081282817 -3.31688074405234090136 = -0.00089660222036004025 @ 198391 74609 1
1.75872675264677402751 1.59616428550209499271 = -0.00098130076459598229 @ 199406 75000 1
1.75806131960261846636 1.59466748485153342330 = -0.00101349890152362837 @ 199023 74851 1
-1.56241772378923671205 4.39980964975331012567 = -0.00117977494689785849 @ 197190 74135 1
-1.56243689788928574735 4.39980430338199646201 = -0.00123234936164297402 @ 196798 73978 1
-1.56243689782134742572 4.39980316442952634759 = -0.00123309721428430563 @ 198927 74815 1
1.75776800651737419301 1.59702533336257213037 = -0.00131629346884544517 @ 198187 74527 1
1.75776800647217834594 1.59702533727921425211 = -0.00131630465076837248 @ 199534 75049 1
1.75776800647217834594 1.59702533727921425211 = -0.00131630465076837248 @ 199914 75190 1
1.75878474217181790529 1.59646101660536188227 = -0.00133154752620609084 @ 198541 74671 1
4.14125741921354606490 2.47630339906823948581 = -0.00136906253889743177 @ 199884 75179 1
1.75663656583566507585 1.59507883973680208989 = -0.00139564543308637735 @ 199139 74897 1
1.75901121144674865704 1.59587126715406668609 = -0.00144846931163515429 @ 198034 74466 1
1.75901121144674865704 1.59587126715404914457 = -0.00144846931169931997 @ 199767 75136 1
1.75872675264677402751 1.59473974381023730906 = -0.00172645375844709395 @ 196795 73977 1
1.75872675264677402751 1.59473974172110444236 = -0.00172645425244894292 @ 198610 74699 1
1.75872675264677402751 1.59473974076957136781 = -0.00172645429976524224 @ 197817 74383 1
-1.56156106063287092311 4.39892302020056913392 = -0.00174325649809484173 @ 199909 75188 1
1.75845000818210861482 1.59709639596770647252 = -0.00182670908879101375 @ 199546 75053 1
1.75775315242328633580 1.59413532496005561079 = -0.00201215834023855174 @ 199353 74980 1
-3.39579297677336056083 -3.31730376845855845502 = -0.00202349128895197832 @ 197696 74333 1
-3.39579304632482426030 -3.31730389157221550178 = -0.00202398223912757594 @ 192737 72385 1
-3.39579304667605397228 -3.31730389157221550178 = -0.00202398348920210507 @ 197580 74286 1
-3.39520295809751093685 -3.31801962036625841534 = -0.00222848321648484943 @ 194676 73146 1
1.75661863620217939541 1.59434022605371339409 = -0.00255918999379219515 @ 197089 74094 1
-1.56018849787256153050 4.39996336128408405131 = -0.00265494186487918440 @ 196270 73772 1
-1.56018849787256153050 4.39996336128408405131 = -0.00265494186487918440 @ 199904 75187 1
-3.39432836242204194477 -3.31729723741813309346 = -0.00267765148987692859 @ 199187 74916 1
-3.39432836190567988055 -3.31729722764355550169 = -0.00267765389072328842 @ 197834 74389 1
-3.39432836152567141141 -3.31729726754748055484 = -0.00267768114269861411 @ 199326 74970 1
4.14123884470668013336 2.47803045438800495504 = -0.00282772213719289850 @ 199455 75018 1
1.75774146856560475882 1.59771988471279113853 = -0.00310654313822960161 @ 199310 74964 1
1.75764657835148674359 1.59771988471279113853 = -0.00313038136861571153 @ 198647 74713 1
1.75764657835148674359 1.59771990825471488229 = -0.00313047149571683402 @ 198916 74811 1
1.75951062165275162741 1.59668974851420597538 = -0.00338624134592081967 @ 198118 74498 1
-1.56173666645286379762 4.40156128105697863617 = -0.00345590257953667327 @ 199773 75138 1
-1.56173666645316755464 4.40156128106784994003 = -0.00345590265006130931 @ 197931 74427 1
4.14230864633913498096 2.47657754993895018458 = -0.00352945200345861727 @ 194476 73068 1
1.75945704953061654585 1.59448976698631139648 = -0.00402621302709113213 @ 198255 74555 1
-3.39414506291459172616 -3.31729691972514251219 = -0.00407091571617511448 @ 199393 74995 1
1.75673613240202675101 1.59771987689955863310 = -0.00422217565762710457 @ 198961 74828 1
1.75972134889338294172 1.59483611397077740257 = -0.00429352380144100172 @ 199800 75148 1
-1.55979848548080091142 4.39996340436608512903 = -0.00438103726199442524 @ 199127 74893 1
1.75905280571317601535 1.59385835920236429430 = -0.00448228278965887884 @ 199956 75206 1
1.75661389271127599265 1.59771988461626435196 = -0.00448551360874595382 @ 199599 75073 1
1.75528036825299982304 1.59547661582456390406 = -0.00553060040416362888 @ 199554 75056 1
1.75528036767309347788 1.59547661582465605257 = -0.00553060455973551461 @ 199702 75112 1
1.75528036677825927114 1.59541149467078535729 = -0.00554338723873729847 @ 199801 75149 1
1.75951067842365849181 1.59391419885761886910 = -0.00563622888248071791 @ 199842 75164 1
1.75772693701222482154 1.59845082643350222540 = -0.00586708889768201933 @ 198913 74810 1
1.76000366748818071194 1.59718625667561808790 = -0.00597190462575545363 @ 198242 74549 1
1.75748888311126338913 1.59845082643350222540 = -0.00599288165259948512 @ 199372 74987 1
1.75742465860953567258 1.59845082643350222540 = -0.00604812676045545644 @ 198640 74710 1
1.75671148737181126442 1.59302699749403831042 = -0.00643452745073982198 @ 198470 74642 1
1.75671148782250696740 1.59302699749403831042 = -0.00643452867032566662 @ 198296 74572 1
1.75671148854744174628 1.59302699749403831042 = -0.00643453843126976822 @ 197432 74230 1
1.75661756926728696016 1.59302672821947965964 = -0.00661458268097922953 @ 197060 74082 1
1.75837121096733528525 1.59281886895976909635 = -0.00707383056227125790 @ 198520 74662 1
1.75837121096733528525 1.59281886895976909635 = -0.00707383056227125790 @ 199728 75122 1
1.75837121088771008992 1.59281886895976909635 = -0.00707383094297506579 @ 198159 74515 1
1.75837121088801451307 1.59281886859076604601 = -0.00707383119371484802 @ 199605 75075 1
1.75837121088771008992 1.59281886859076604601 = -0.00707383119630258621 @ 196296 73783 1
1.75945967905664613085 1.59824009079237439046 = -0.00725976923186249807 @ 198323 74583 1
-1.56157971741304302249 4.40238294355507786548 = -0.00801792959471447388 @ 199752 75130 1
1.75973716973163130106 1.59822167354659083749 = -0.00806646997822138383 @ 199851 75168 1
1.75517436923782454983 1.59320126673137130169 = -0.01047179311750494508 @ 198250 74553 1
1.75517436954149164130 1.59320126479853763080 = -0.01047182394659662563 @ 195822 73596 1
-1.55905568640385205903 4.40118177333837401477 = -0.01093298950984146652 @ 198993 74840 1
1.75526428447137328170 1.59286246145875787228 = -0.01137657363856930254 @ 198943 74822 1
1.75479621722111422955 1.59286219837969911239 = -0.01361207878402519340 @ 198523 74664 1
1.75661389271474677187 1.59135241567775831406 = -0.01554669589266096871 @ 198321 74582 1
1.75661389271474677187 1.59135241518378478531 = -0.01554672772602396294 @ 195518 73477 1
1.75965475137197646660 1.59181744856235751762 = -0.01558701968235484507 @ 197913 74420 1
1.75683420892684649672 1.60004188151277393359 = -0.01590081358862522817 @ 199511 75040 1
1.75792517069095355353 1.60045645958670390563 = -0.01782013786007020928 @ 198834 74781 1
1.75792517060076103341 1.60045645958670390563 = -0.01782014175279678439 @ 199432 75009 1
1.75553183072147711563 1.59135241513630854016 = -0.01838266246753375577 @ 199069 74869 1
1.75553183072147711563 1.59135241518378478531 = -0.01838266249448403458 @ 195000 73275 1
-1.56511234786967534660 4.40000850662259690438 = -0.01873266244486273407 @ 196534 73874 1
1.76262760262024276159 1.59575726264785489050 = -0.02104406286029049736 @ 198761 74753 1
1.76262760527598061344 1.59575726230786996140 = -0.02104412821174753839 @ 198155 74514 1
1.75773407974153639266 1.59014353418887233182 = -0.02382056988455311455 @ 199368 74986 1
1.75773407973893891487 1.59014353418887233182 = -0.02382056989911929615 @ 196996 74057 1
1.75661389292434644283 1.59014357369120462593 = -0.02435828868259455604 @ 199601 75074 1
1.75420111863356886772 1.59983673814350924047 = -0.02601396291243706499 @ 196007 73668 1
1.75809508437807604508 1.60260808979305857669 = -0.03766859703908918833 @ 199517 75042 1
1.76051784230030450296 1.60227299143419998906 = -0.03920804941663830201 @ 199505 75038 1
1.76051784230302765799 1.60236161753034078714 = -0.04008737101445488532 @ 199756 75131 1
1.76535738830298516433 1.59983673814350924047 = -0.06232265821776517001 @ 199724 75120 1
1.75849431535538225368 1.58634793637097515351 = -0.06642269711848286518 @ 198838 74782 1
1.75849431429540370431 1.58634791774796224395 = -0.06642328909986877639 @ 198295 74571 1
1.76535738830298516433 1.60343558972343713798 = -0.09323228979817155260 @ 199819 75155 1
4.14823868991260091832 2.47708574118838109612 = -0.13244621226713637618 @ 196431 73836 1
1.75671148854744174628 1.57642911586323064554 = -0.26912270141820776592 @ 199202 74922 1
1.77711292622857008894 1.59575726270246698313 = -0.34270781447222165017 @ 199472 75025 1
1.77437343860913343541 1.61554847521847855241 = -0.55048276081757596678 @ 199516 75042 1
1.77437343860913343541 1.61554847521847855241 = -0.55048276081757596678 @ 199933 75197 1
1.75663656583516281096 1.56804261555889867807 = -0.56743495922834752410 @ 197706 74338 1
1.75663656572554227608 1.56804261555889867807 = -0.56743504121981402921 @ 198526 74665 1
1.75663656583516281096 1.56804261600856498227 = -0.56743534498785541675 @ 197734 74349 1
1.80070292783765562028 1.57682341049120489096 = -2.06277093929204013989 @ 196733 73953 1
-0.49968372706836439168 -4.01257375311808672791 = -2.28529529145241738775 @ 199032 74855 1
-0.49968372706836439168 -4.01257375314864273008 = -2.28537281741638453880 @ 198367 74600 1
-0.49968372706836439168 -4.01257375314880881945 = -2.28537340349247264371 @ 199394 74996 1
-0.49968473348740916062 -4.01257379056631524605 = -2.56716563153021004595 @ 199292 74957 1
1.75671148737181126442 1.66283336525381386650 = -3.85443790883671555392 @ 199753 75130 1
1.75772024595798437296 1.66703366148940723690 = -4.31513555793001124528 @ 199759 75133 1
1.75772024595798437296 1.66703366148940723690 = -4.31513555793001124528 @ 199962 75207 1
1.82555080899358523894 1.59318672623056745152 = -4.48457364795223334397 @ 199710 75115 1
-2.18490483273137092723 1.68701970617560181864 = -6.99850239111973415618 @ 199506 75038 1
-2.18490483273137092723 1.68701970617560181864 = -6.99850239111973415618 @ 199846 75166 1
-2.18490483273137092723 1.68701970617016772103 = -6.99854877290513321952 @ 199359 74982 1
-2.18490271239228572853 1.68701979043603023101 = -7.13086622248644896871 @ 198585 74689 1
-2.18490055823883189134 1.68701970371709464303 = -7.25817660169768519296 @ 198384 74607 1
1.85484754533869722337 1.60312417847981381058 = -8.92668482398785023690 @ 198297 74572 1
-0.49948517136609171807 -4.01270183516391654166 = -9.57425851475394829038 @ 199010 74847 1
4.10529408404490325779 2.53649591559260656481 = -12.65869892988435907455 @ 196348 73802 1
4.10529408404490414597 2.53649591559260656481 = -12.65869892990340339622 @ 199798 75147 1
-1.46092294631965913254 4.39997842086592427790 = -12.95060374007965009469 @ 199106 74884 1
-1.46092294631965913254 4.39997842086585322363 = -12.95060374238777534117 @ 199755 75131 1
1.63853154946496659683 1.59520115737960055391 = -13.83069975094147707750 @ 199717 75118 1
4.13718914971189821728 2.40128547401291481123 = -15.36419634859062455234 @ 197917 74421 1
1.89210039703677690426 1.58688587962682081667 = -16.42720625296594860743 @ 199473 75025 1
1.75780773038134352504 1.42834154740759644575 = -20.10925561537592187733 @ 199466 75022 1
1.75780773038134352504 1.42834154741060759264 = -20.10925578123897139449 @ 197727 74346 1
1.90307359249594343353 1.67304099456749133523 = -20.75740009083818904401 @ 198586 74690 1
1.90307359249594343353 1.67304099456749133523 = -20.75740009083818904401 @ 199991 75218 1
1.60983527309639007363 1.59025091911018456869 = -23.01256731821529655235 @ 199124 74892 1
1.60983527309644269820 1.59025239441157184572 = -23.01740262356956634449 @ 198868 74794 1
-1.41731370616882235147 4.39999077978614128170 = -25.65491341209107289956 @ 194552 73097 1
-1.41731370616882235147 4.39999077980767427931 = -25.65491407662388212430 @ 197754 74357 1
1.78811863248268343440 1.78303273895281999550 = -26.77062759707156303080 @ 199165 74907 1
-2.18456863810796564351 1.68802358358915394199 = -28.55744544039087529086 @ 191091 71730 1
1.91473179937158066721 1.47271190069137292156 = -30.03972632861541569582 @ 199514 75041 1
1.91473179937142679030 1.47271190069137292156 = -30.03972633498016975295 @ 198467 74640 1
4.12091266050909155183 2.37102310140140293271 = -30.06976952576096806524 @ 199881 75178 1
4.12091266050909155183 2.37102310140140293271 = -30.06976952576096806524 @ 199926 75195 1
1.57850360364382358291 1.59481699359300410634 = -35.07351229384284607704 @ 199559 75057 1
4.14125747231371033052 2.35909306544635199998 = -35.14013583314719824102 @ 199921 75193 1
-0.50059525077769762014 -4.01436868253991541167 = -40.92511149490738375789 @ 195082 73308 1
4.01394848143771465487 2.47701385998823209178 = -41.25565713213369178902 @ 199440 75012 1
4.01394848114554481100 2.47701385998823209178 = -41.25566313046363831063 @ 199228 74933 1
-2.18388786085490238520 1.68962381883263867977 = -48.45897002672433018233 @ 199462 75021 1
1.64809904870468204585 1.35401629244625021364 = -49.40900479803578804194 @ 197813 74381 1
1.64809904870468204585 1.35401629244624466253 = -49.40900479895110208872 @ 199831 75160 1
1.64809904984946764550 1.35401629244625021364 = -49.40900541544907298430 @ 197958 74437 1
-3.31322168589766619107 -3.24057738934641337281 = -52.99414908635829846162 @ 198366 74600 1
4.10906733307848170966 2.62397532412500833487 = -54.84873684976245300504 @ 199861 75172 1
4.10906733307848170966 2.62397532412500744670 = -54.84873684976666652346 @ 198953 74826 1
1.84601270251343430040 1.86883247983126010716 = -55.07414255009999237700 @ 199982 75216 1
-1.56141940006219015480 4.64821221657441263631 = -59.07733133561860228156 @ 199215 74928 1
1.98321512825291579318 1.79905772071436009796 = -59.65909027427911581754 @ 199580 75066 1
-1.56203923982437453688 4.65005270872825526851 = -59.84604416923087910618 @ 199730 75122 1
-1.56154435050394879703 4.65176260926732698664 = -60.10165422579270000369 @ 198290 74569 1
-0.49726809132343802178 -4.00760067446005496805 = -62.31212302798533642090 @ 199751 75129 1
-1.64555115772035698285 4.66252085238143632040 = -65.81149827972804189358 @ 199240 74938 1
2.05058141748117073178 1.49719202745468971116 = -67.89369161659233498085 @ 198788 74764 1
2.08988795337352151193 1.68539546621977365248 = -68.44964959196374820749 @ 199618 75080 1
1.88914157151521000522 1.26224108953538993738 = -73.16229569500630702805 @ 199671 75100 1
1.88914157151528572243 1.26224108953538993738 = -73.16229570523130121273 @ 199629 75084 1
2.04288774863111699531 1.35403518512874887492 = -76.52691655614293608778 @ 199635 75087 1
2.02138721554643385758 1.31716769969458469269 = -76.56747864329837227615 @ 199371 74987 1
1.57626121518773221197 1.85421859478902817386 = -84.46895027658953836180 @ 198795 74767 1
1.43453137084475379481 1.59302699749348941616 = -84.50502275925998674211 @ 199375 74989 1
-1.76770128752398592020 4.26873294359820310007 = -85.93671501363580489397 @ 199781 75141 1
-1.76770128752398347771 4.26873294359820310007 = -85.93671501373479770791 @ 199628 75084 1
-1.76770125124129107164 4.26873294359820310007 = -85.93730959183069728624 @ 198362 74598 1
-1.76770125129841737532 4.26873294382787449308 = -85.93740319250272818863 @ 197253 74160 1
4.01394848114554481100 2.62927342140795605729 = -86.96068627645817628036 @ 199839 75163 1
4.01394848114554569918 2.62927342561000942922 = -86.96072682467554670893 @ 199836 75162 1
4.01394848114554481100 2.62927342561000942922 = -86.96072682468731329664 @ 197735 74350 1
1.43451737739018847506 1.57642911567641519355 = -88.85690000623017681392 @ 198274 74563 1
-1.84160715654562290311 4.39998235491324507507 = -90.51316746867931328779 @ 199775 75139 1
-1.84160715654562756605 4.39998235491324507507 = -90.51316746943545865633 @ 198657 74718 1
-0.50596041764426857856 -4.00853790103275731127 = -91.60623098035271993922 @ 199890 75181 1
-0.50596041764426924470 -4.00853790103275731127 = -91.60623098328204605423 @ 199367 74985 1
-3.23982393097270593429 -3.31729722764355550169 = -95.14924304409652222603 @ 199954 75205 1
-2.18165910912170835090 1.69458547662968039837 = -96.52619452130490174113 @ 198812 74773 1
1.75770771804798076055 1.19705924253134909918 = -98.98423058368032911858 @ 199717 75117 1
-1.24861923693900545018 4.39978741744661050461 = -108.53692037837043926629 @ 198801 74769 1
1.75774146856560475882 1.97098133706916534003 = -109.43203377973296142045 @ 199814 75153 1
1.75774146856558455276 1.97098134840022276570 = -109.43226377646716684922 @ 199778 75140 1
1.75774146856560475882 1.97098134840022276570 = -109.43226378040576207695 @ 198688 74727 1
4.35433483752968086833 2.55185488165245466519 = -116.15140225546797125844 @ 199588 75069 1
4.35433483755199457477 2.55185488129753634823 = -116.15141882971610698405 @ 199448 75015 1
4.35433483755149985939 2.55185488129753634823 = -116.15141886604008902850 @ 198759 74753 1
4.35433483750452943184 2.55185488129753634823 = -116.15142060370754961696 @ 198473 74643 1
-1.23343925291345479778 4.38997533421329677594 = -116.68975669667088368442 @ 199093 74879 1
-1.23343925291320566373 4.38997533421330121683 = -116.68975677643085475665 @ 199674 75101 1
2.27103800168074654309 1.97098134315662987248 = -120.42559658461043170519 @ 197589 74290 1
2.27103800168672842474 1.97098134840022276570 = -120.42594067411135938528 @ 199033 74855 1
2.27103800168074654309 1.97098134840022276570 = -120.42594359832939687749 @ 198718 74738 1
2.27101421704127659495 1.97098134972786942498 = -120.53839450303010494281 @ 199305 74962 1
1.75930577537419274847 1.07636968546092681720 = -126.53266778367294875807 @ 199719 75118 1
-1.20573326342714715054 4.56947130651768151921 = -127.00215347309871560810 @ 199306 74962 1
-1.38112944477833732293 4.14119134626008733591 = -128.32833422748748830600 @ 199442 75013 1
-1.38112944477827981338 4.14119134626008733591 = -128.32833424421090739997 @ 198795 74767 1
-1.84160715669802188543 4.65176260959392173788 = -133.65029294464355302807 @ 197715 74341 1
-1.84160715669804786465 4.65176260958490583874 = -133.65029853631165224215 @ 199737 75125 1
-1.84160715669802188543 4.65176260982498490648 = -133.65032248441977458242 @ 198888 74801 1
1.75951062165275162741 1.05629979069144974702 = -134.74181667023350428281 @ 199044 74859 1
3.89889458418909740089 2.35764295693696146472 = -139.24415021528940883400 @ 199661 75097 1
3.89889458418909740089 2.35764295693782521823 = -139.24415028909763236697 @ 199595 75072 1
-3.17250742179555045297 -4.93790844058557709673 = -140.20122008940467139837 @ 199556 75057 1
-3.17250737022277906618 -4.93790849179194069052 = -140.20228244836545172802 @ 197843 74393 1
-3.17250742723316436766 -4.93790844058636579916 = -140.20418698280229818920 @ 195717 73554 1
-3.17250419006098161034 -4.93790849179194069052 = -140.30138081515346470951 @ 196960 74043 1
-3.54059472467874991608 -3.39418685576984380248 = -140.72454387736854641844 @ 198586 74690 1
1.40936793285238315399 1.34631376004298086713 = -141.58063206721476490202 @ 198933 74817 1
-1.24861923693900545018 4.64821221657529992655 = -141.92824604046413128344 @ 197481 74247 1
-3.17239908434066997245 -4.93776411925725522423 = -143.97782489634897729047 @ 196693 73937 1
-3.17239907974264800927 -4.93776411918083546482 = -143.98008945298809635460 @ 199727 75121 1
1.73436961072753415003 1.05629979069144974702 = -145.44411495050729854484 @ 198507 74657 1
-1.13049502876790874950 4.37933988789012929033 = -150.24283727897105222837 @ 199675 75102 1
1.32612070366525847120 1.61677114219379114424 = -150.36500188101351227488 @ 199675 75102 1
-3.21937337804809242670 -3.21901933958390928936 = -156.38498985377810868158 @ 199204 74923 1
-3.17366446716778138892 -4.94038670468276652770 = -159.13609268319368084121 @ 181123 67963 1
4.14124196326366256216 2.74609841601801907274 = -159.16147969382959104223 @ 198458 74637 1
1.30122066422914439698 1.62060687618543330935 = -163.89730300497183179687 @ 199794 75146 1
-3.17583094727799686297 -4.94483058685602028248 = -184.98893669655089411208 @ 198095 74490 1
3.82589272811478009473 2.40778801912529338836 = -185.13076535699542546354 @ 199216 74928 1
-4.97146014143821712850 -4.06412547905691301509 = -189.16647645619494255698 @ 199397 74997 1
-4.97146014143822334574 -4.06412547905689525152 = -189.16647648029535844216 @ 199471 75024 1
-4.97146015600257840106 -4.06412530972310293009 = -189.17822319819850918066 @ 199667 75099 1
-4.97146015599912516336 -4.06412530972431351728 = -189.17823122912031408305 @ 197816 74383 1
-4.97146032063630993747 -4.06412553845924584550 = -189.22499230715121143476 @ 196184 73739 1
1.27595040874585263779 1.60376688740109196729 = -189.95884318825724790258 @ 198392 74610 1
-4.97162692913106152304 -4.06416779304762521008 = -190.38352227705831865023 @ 198568 74682 1
-4.97162691048334881572 -4.06416779304762521008 = -190.38575202300560818003 @ 196282 73777 1
-0.98566444031033639828 4.45467598473567694128 = -197.96157831129210080690 @ 199567 75060 1
-4.97055720376015486295 -4.06219099175872155882 = -198.97821400665611690783 @ 199584 75067 1
2.37705016517078204785 1.66217374302219145221 = -205.38726309318320772945 @ 199549 75054 1
2.37705016517122125208 1.66217374302219145221 = -205.38726325618159762598 @ 199447 75015 1
-1.05942742394028832642 4.59472442535625358317 = -215.03981419436735222916 @ 199833 75161 1
4.46464349684798289530 2.49618041075032870424 = -215.75010627424828157928 @ 199748 75128 1
1.19196812373378913108 1.32950889530267590821 = -221.05941083442218086930 @ 199458 75019 1
1.19196812369424809397 1.32950889530269256156 = -221.05946558746160235387 @ 199721 75119 1
2.33828566894114109331 1.43130701128333193139 = -223.89826106472477817988 @ 199912 75190 1
1.35937069214252326255 2.36476011865650326271 = -225.47323483566830759628 @ 199596 75072 1
1.35937069214262140626 2.36476011865650326271 = -225.47323493541236416604 @ 198832 74780 1
-2.07785131889821705897 4.41807444945725880103 = -236.67160429579840297265 @ 199929 75196 1
2.45532216558304305920 1.54538854085872556787 = -237.64712721718200327814 @ 199977 75214 1
2.45532216558305949050 1.54538854085872556787 = -237.64712722759560392660 @ 199994 75219 1
-1.72704254354412101158 4.01443422029176932853 = -242.85455932748314467062 @ 198682 74725 1
-2.02979529239232725502 4.36003000786701111480 = -244.49700521879060488573 @ 199287 74955 1
2.36830119319122944788 1.27877390131332724366 = -259.68839892559134341354 @ 199889 75181 1
-2.14174015753308033538 4.56540684257546569569 = -266.35532824762873360669 @ 199912 75190 1
-1.52806574756099333712 5.00000000000000000000 = -267.07390856707723969521 @ 199578 75065 1
4.14099002122296067085 2.86564807828800338640 = -267.43990048333751019527 @ 199682 75105 1
4.14099002122296067085 2.86564807828800338640 = -267.43990048333751019527 @ 199965 75209 1
3.67790562183035785182 2.45625721061044455240 = -267.49093114723524422516 @ 198652 74716 1
1.07039265821293572145 1.41571941627729147584 = -273.54668912806647540492 @ 199111 74886 1
1.29945192563373645989 -4.88636845785499307482 = -287.53609495736583312464 @ 198963 74829 1
1.29945192563373645989 -4.88636845786557838522 = -287.53610896731794355219 @ 199198 74920 1
1.29945193452562479663 -4.88636850951525580911 = -287.54824438384554241566 @ 196264 73770 1
1.29942266118374982753 -4.88635145279220495240 = -287.55798869357727198803 @ 194421 73046 1
1.29942267853566728597 -4.88635145277981042256 = -287.55932891917433380513 @ 199279 74952 1
2.66624000931089844002 2.86564807828795897748 = -290.21264590540647532180 @ 198436 74628 1
2.66624000931089844002 2.86564807828799894551 = -290.21264593683980592687 @ 199750 75129 1
2.66624000931105165080 2.86564807828800338640 = -290.21264598365553410986 @ 199565 75060 1
2.66626496801454315744 2.86443200979532353045 = -291.78193062196856999435 @ 199064 74867 1
2.66626531428442214988 2.86443171007309249632 = -291.78756776022186159025 @ 199644 75090 1
2.66626531428441460037 2.86443171007309249632 = -291.78756776402906325529 @ 198530 74667 1
1.29900750146561705378 -4.88637854022398876452 = -298.45579153042336884027 @ 193566 72710 1
3.72881823487603547562 2.28565998869107778191 = -299.74479463554075664433 @ 199977 75214 1
1.68861915628227188257 0.78932541619468388205 = -302.53300173654406535206 @ 199824 75157 1
1.68861915628227188257 0.78932541619468343796 = -302.53300173676842632631 @ 199563 75059 1
2.52736771501912471649 2.61644595042558325559 = -322.70378172595775367881 @ 199058 74865 1
2.52736771501875789880 2.61644595042558325559 = -322.70378185195227160875 @ 199609 75076 1
1.29930669075736204832 -4.88426511142329999871 = -328.23901331220838528679 @ 199014 74848 1
2.60856557599534077951 1.66395369290050876288 = -330.98064584183521219529 @ 199650 75093 1
2.45404249520550266084 1.31909686103344792052 = -336.34510620875204267577 @ 199929 75196 1
1.30432155511811331827 -4.88906396352166439101 = -351.32475219958053003211 @ 199698 75111 1
1.75327719894355493757 3.27909384087551369902 = -351.71596428121858934901 @ 199049 74861 1
1.75327719924284064490 3.27909384091686151308 = -351.71606500789823712694 @ 195141 73330 1
1.75327719894355493757 3.27909384096579836765 = -351.71610903527948721603 @ 198485 74648 1
2.95167495565474746755 1.66703366148937592861 = -372.99527644541012705304 @ 199813 75153 1
2.22700101620754153942 2.47708624735710580822 = -377.56254663959691697528 @ 199102 74883 1
2.22700101620754153942 2.47708624735730431610 = -377.56254667774209110576 @ 199347 74978 1
-4.15943670317649072388 4.70387904194711303774 = -378.45731090028021981198 @ 194710 73159 1
-4.15943644542856016955 4.70387947287689645037 = -378.49398205561845998091 @ 199309 74963 1
-4.15943644542856016955 4.70387947287689645037 = -378.49398205561845998091 @ 199985 75216 1
-4.15943644542856016955 4.70387947287686358777 = -378.49398216694805796578 @ 198179 74523 1
2.66624000931105165080 2.47709048294166578330 = -380.26076809684371937692 @ 199682 75104 1
-4.15942951134412552960 4.70376606104698247179 = -381.53229717920703478740 @ 199654 75094 1
-4.15929665930854675082 4.70382276978771507459 = -381.93184194494659777774 @ 197957 74437 1
-3.23982393097270593429 4.31118265855367877037 = -382.19788736071564017038 @ 199443 75013 1
-3.23982384379841104050 4.31118265855367877037 = -382.19938043532454230444 @ 199267 74947 1
-2.29875037534683279716 -3.13887254566815832035 = -384.30375712243034058702 @ 199431 75009 1
-2.29875037534653348104 -3.13887299298384059298 = -384.31641995205086459464 @ 198979 74836 1
-2.29875037534653348104 -3.13887299306110456598 = -384.31657017554044841745 @ 198709 74735 1
-2.29877997811198886424 -3.13893157823921864491 = -386.23441386843273903651 @ 193730 72773 1
-2.29851490166221239519 -3.13830638720613119830 = -387.55001524035134252699 @ 187574 70317 1
-1.79255884129090770074 2.60683774172553572868 = -394.30894186215164154419 @ 195697 73546 1
-1.79255884129090770074 2.60683774172553572868 = -394.30894186215164154419 @ 198803 74770 1
-1.79255884129090770074 2.60683774172553572868 = -394.30894186215164154419 @ 199948 75203 1
-1.79255884129090770074 2.60683777907929403739 = -394.33000826708280328603 @ 195738 73562 1
-1.79255991856850016575 2.60683818792235610928 = -394.44056449445054113312 @ 198346 74592 1
0.44096834252435962442 2.74608454556127457025 = -400.79277885326484920370 @ 199689 75107 1
0.44096833191369794180 2.74609841601717041826 = -400.91728989909677238757 @ 199467 75023 1
-2.30610413020150994967 -3.13519747506812507254 = -405.48359079741072719116 @ 199726 75121 1
-2.30610413020150994967 -3.13519747506813573068 = -405.48359081032879203121 @ 199317 74966 1
-3.72656973692771487094 -3.40497280915053801564 = -413.91581411155522118861 @ 199618 75080 1
-3.03823138239924661619 -4.99999931141857256733 = -415.27188646343557820728 @ 197496 74253 1
-3.03823138239924661619 -4.99999931141857167916 = -415.27188646557391393799 @ 195428 73441 1
-4.36640653181221782830 -2.81821556895311919888 = -417.29473199443884823268 @ 199343 74977 1
-4.36640653181221782830 -2.81821556895312408386 = -417.29473200140830613236 @ 199714 75116 1
-4.36640653181221782830 -2.81821556938267336889 = -417.29502238757766008348 @ 197354 74200 1
-4.36649084448737490050 -2.81821166901895070467 = -417.31610748336152028060 @ 198989 74839 1
-4.36649095492060634882 -2.81821158741737054498 = -417.32326059484620373041 @ 198143 74508 1
-1.07264984606459545802 4.94743573937346070579 = -417.69952253503083738906 @ 199695 75110 1
-2.57742563885325237649 0.76727755462661273445 = -423.96427899265154337627 @ 198966 74830 1
-2.57742563885325237649 0.76727755465660996137 = -423.96447696674346161672 @ 197748 74355 1
-2.57742568354210144221 0.76727755525232510525 = -423.99967248777193162823 @ 195162 73338 1
-2.57741917029715539300 0.76727849681478754729 = -424.24204307307036287966 @ 199791 75145 1
-3.10436079667101472168 2.07930618831133617874 = -424.69297151102500720299 @ 199238 74937 1
-3.10436079667101472168 2.07930618831024505155 = -424.69297505161631534065 @ 199430 75008 1
-3.10436069030004890834 2.07930615444890509735 = -424.69960697324501097683 @ 199385 74992 1
-2.57745513220494615325 0.76725581823402921877 = -427.49683251704169606455 @ 199634 75086 1
-4.37491543774240732034 -2.81667968207891661336 = -430.79436061048943429341 @ 198762 74754 1
-2.57756237295646384311 0.76699950622147405888 = -432.86928637427854482667 @ 199832 75160 1
-4.37216725545457851609 -4.35400584426565995244 = -445.79519469851601343180 @ 197557 74277 1
-4.37216725933890515421 -4.35400584798435019707 = -445.79527537937889292152 @ 199126 74892 1
-4.37216726042066916591 -4.35400584801137569002 = -445.79528943055333911616 @ 199826 75158 1
-4.37216726042066916591 -4.35400584801137569002 = -445.79528943055333911616 @ 199894 75183 1
-3.10637599246203777170 2.07571086225431722383 = -452.03707932142322079017 @ 199293 74957 1
-4.55191391173348502974 3.78411608022476420032 = -454.04999857147356578935 @ 198021 74461 1
-4.55191391166678904767 3.78411607981971531700 = -454.05101220468839073874 @ 194353 73019 1
-4.55191366623818094439 3.78410493894306476648 = -454.10399267798402433982 @ 198892 74803 1
-4.55191366219403814597 3.78410494015055798300 = -454.11003246939338851007 @ 197547 74273 1
-3.88214903134750333180 -2.29069396302040217961 = -457.85451495937093113753 @ 194887 73230 1
-3.88214903121084686788 -2.29069396302009353761 = -457.85454269713039820999 @ 199571 75062 1
-3.88214903121084686788 -2.29069396302040217961 = -457.85454348897781073902 @ 198733 74744 1
-3.88214904381382597265 -2.29069385208699971557 = -457.88803923779857996124 @ 195610 73512 1
-3.88214180856775170625 -2.29069794962432782270 = -458.07142349649819834667 @ 196995 74057 1
-3.04411986843557924587 -3.05868959291238784459 = -476.20612174969090801824 @ 199760 75133 1
-3.04411986843559789762 -3.05868959291238784459 = -476.20612176466732989866 @ 199062 74866 1
