2.19328004154385736157 1.17008878597300935986 = 0.99999999999999955591 @ 193653 37897 1
0.33301843424447996611 2.19328004423807865209 = 0.99999999999999944489 @ 198235 39002 1
0.33301843424447996611 2.19328004423807865209 = 0.99999999999999944489 @ 199972 39439 1
2.19328003267931803677 2.19328005178723728363 = 0.99999999999999822364 @ 192276 37580 1
4.11120710985461901288 4.11120713369821189076 = 0.99999999999999822364 @ 197669 38856 1
4.11120710968561997589 4.11120713369821189076 = 0.99999999999999822364 @ 198195 38992 1
2.19328003267861548764 2.19328005178723728363 = 0.99999999999999822364 @ 199357 39286 1
2.19328005404423764801 7.70627732487537464579 = 0.99999999999999800160 @ 199715 39374 1
2.19328005404423764801 7.70627732487537464579 = 0.99999999999999800160 @ 199843 39405 1
2.19328006139443276723 7.70627731848938868353 = 0.99999999999999777955 @ 197084 38709 1
4.11120709168331099903 2.19328004985852054176 = 0.99999999999999611422 @ 198136 38976 1
4.11120709126777317266 2.19328004983085955715 = 0.99999999999999600320 @ 198067 38958 1
4.11120708634345444210 2.19328004985852054176 = 0.99999999999999533706 @ 197758 38879 1
4.11120708634345444210 2.19328005149788607397 = 0.99999999999999533706 @ 198169 38985 1
0.62422842919340770784 4.11120721012270440298 = 0.99999999999999200639 @ 198909 39173 1
4.11120707254921313734 7.70627718689368279570 = 0.99999999999999067413 @ 197237 38748 1
4.11120707245696959120 7.70627718689368279570 = 0.99999999999999067413 @ 197746 38876 1
4.11120706836675697815 7.70627719581662073978 = 0.99999999999999023004 @ 196663 38604 1
7.70627709738363897429 7.70627724685536108495 = 0.99999999999998934186 @ 197259 38753 1
7.70627709685656725469 7.70627724350197684799 = 0.99999999999998923084 @ 196193 38491 1
1.17008877927091536897 1.17008876450044496664 = 0.99999999999998911981 @ 198337 39028 1
1.17008877927088983384 1.17008876450044496664 = 0.99999999999998911981 @ 199633 39353 1
7.70627730203225613792 1.17008876354108015683 = 0.99999999999998867573 @ 196631 38597 1
7.70627730157455292925 1.17008876354108015683 = 0.99999999999998867573 @ 198149 38979 1
7.70627726174112925861 0.62422844772011409908 = 0.99999999999998734346 @ 199724 39375 1
7.70627726174112925861 0.62422844824544665432 = 0.99999999999998634426 @ 197610 38843 1
7.70627726174112925861 0.62422844824566525723 = 0.99999999999998634426 @ 199237 39255 1
0.62422842919340770784 7.70627743325666081375 = 0.99999999999998556710 @ 197434 38797 1
7.70627739993358407133 4.11120707729979617540 = 0.99999999999998490097 @ 195483 38324 1
7.70627737651849464839 4.11120722110289893436 = 0.99999999999998490097 @ 196747 38626 1
7.70627739993358407133 4.11120707730411716341 = 0.99999999999998490097 @ 198458 39059 1
7.70627737651849464839 4.11120722110289893436 = 0.99999999999998490097 @ 199924 39426 1
0.62422842746816975534 7.70627743325666081375 = 0.99999999999998445688 @ 199725 39376 1
2.19328008623111259112 0.62422844576463354382 = 0.99999999999998401279 @ 197339 38773 1
0.33301843329264196880 2.19328010458375466385 = 0.99999999999998390177 @ 193650 37897 1
0.33301843329208696831 2.19328010458375466385 = 0.99999999999998390177 @ 198114 38970 1
4.11120705118748830387 7.70627716199599177571 = 0.99999999999998379074 @ 195710 38380 1
2.19328011096244157585 2.19328005178723728363 = 0.99999999999998112621 @ 195239 38266 1
7.70627730203225613792 2.19327999133738993365 = 0.99999999999998079314 @ 199713 39373 1
2.19328008997103607314 0.62422844824544665432 = 0.99999999999997835065 @ 196427 38548 1
2.19328011061130290216 4.11120719121792088657 = 0.99999999999997790656 @ 199464 39312 1
2.19328011061130290216 4.11120719121792088657 = 0.99999999999997790656 @ 199654 39359 1
4.11120710985461901288 4.11120702356617151452 = 0.99999999999997735145 @ 197953 38928 1
2.19328009279155988764 0.62422844824544665432 = 0.99999999999997712941 @ 195734 38385 1
7.70627726174112925861 4.11120726744657538632 = 0.99999999999997712941 @ 199694 39368 1
7.70627702002582815055 7.70627724081758369579 = 0.99999999999997646327 @ 196129 38478 1
0.62422841478703783302 7.70627732447534974369 = 0.99999999999997524203 @ 198405 39045 1
2.19328001957361662377 4.11120702366209567202 = 0.99999999999997390976 @ 198058 38957 1
2.19328001957361662377 4.11120702366209567202 = 0.99999999999997390976 @ 199436 39306 1
1.17008874886652658454 2.19328006860222224361 = 0.99999999999997113420 @ 197255 38752 1
1.17008874884322211507 2.19328006860222224361 = 0.99999999999997113420 @ 198251 39006 1
1.17008874884167490826 2.19328006860222224361 = 0.99999999999997102318 @ 198860 39162 1
2.19328012554240903142 1.17008878952197448164 = 0.99999999999997091216 @ 197866 38906 1
2.19328012554240903142 1.17008878972942920171 = 0.99999999999997080113 @ 196090 38469 1
7.70627747628974191230 7.70627741916587805093 = 0.99999999999996846967 @ 197804 38890 1
1.17008874886652658454 4.11120721012270440298 = 0.99999999999996602718 @ 198144 38978 1
1.17008874886652658454 4.11120721012229672908 = 0.99999999999996602718 @ 199528 39329 1
0.62422842919340770784 4.11120730116076060767 = 0.99999999999996169731 @ 196694 38611 1
7.70627730203225613792 2.19327995384181484440 = 0.99999999999995026201 @ 198056 38956 1
7.70627730206867767038 2.19327995384181484440 = 0.99999999999995026201 @ 198773 39140 1
4.11120693287798921745 1.17008879062990223119 = 0.99999999999993460786 @ 198416 39048 1
4.11120693259613023685 1.17008879064085835608 = 0.99999999999993449684 @ 197833 38898 1
4.11120693287798921745 1.17008879084901784573 = 0.99999999999993449684 @ 198576 39091 1
1.17008873096960375193 1.17008876354108015683 = 0.99999999999993116617 @ 196343 38527 1
4.11120693259613023685 1.17008876642860215611 = 0.99999999999992650324 @ 197614 38843 1
7.70627736901597870656 1.17008884929462975144 = 0.99999999999992494892 @ 198059 38957 1
1.17008874188809097738 7.70627694337868263119 = 0.99999999999992073008 @ 198480 39064 1
1.17008872098381799809 4.11120709140265905290 = 0.99999999999991528998 @ 197970 38933 1
7.70627692518942364330 2.19327995345219628476 = 0.99999999999990474286 @ 195469 38320 1
0.33301843271299136351 4.11120740120791161587 = 0.99999999999989963584 @ 197035 38696 1
0.33301843375171225059 4.11120740248422666951 = 0.99999999999989963584 @ 198213 38997 1
0.33301843375171225059 4.11120740248422666951 = 0.99999999999989963584 @ 198432 39052 1
0.33301843436200856408 4.11120740757538705168 = 0.99999999999989608312 @ 198002 38942 1
0.33301843359166910519 4.11120741012499291145 = 0.99999999999989364063 @ 197420 38793 1
0.33301843359166910519 4.11120741011256551900 = 0.99999999999989364063 @ 198800 39147 1
0.62422841478703783302 1.17008885519514627127 = 0.99999999999989341859 @ 195274 38275 1
4.11120693259613023685 0.62422846088127581510 = 0.99999999999988697930 @ 197880 38910 1
4.11120735769910350399 2.19327992213072242578 = 0.99999999999984579002 @ 197385 38785 1
7.70627654991280675034 1.17008879092524975540 = 0.99999999999978972376 @ 196550 38577 1
0.33301844574821470868 1.17008889013496530929 = 0.99999999999978383958 @ 196707 38615 1
7.70627702389775404157 1.17008867676090444476 = 0.99999999999975330844 @ 198878 39166 1
4.11120705933743124660 4.11120674083186532499 = 0.99999999999975064391 @ 196742 38625 1
1.17008881562761746231 4.11120760250874983655 = 0.99999999999967315034 @ 197677 38858 1
2.19328012554240903142 1.17008865530438277425 = 0.99999999999965183406 @ 196261 38507 1
0.33301843431138883345 7.70627818001832842754 = 0.99999999999964050978 @ 198393 39043 1
0.33301843431138883345 7.70627817999862863019 = 0.99999999999964050978 @ 198651 39110 1
0.33301843431172156729 7.70627818001832842754 = 0.99999999999964050978 @ 199444 39306 1
0.62422843772994374145 7.70627818035557687892 = 0.99999999999963951058 @ 199051 39209 1
0.62422843791079107856 7.70627818039064749200 = 0.99999999999963939956 @ 198647 39109 1
7.70627654989124533103 0.62422848413538745138 = 0.99999999999962640995 @ 198812 39150 1
0.33301843375171225059 1.17008863940571927742 = 0.99999999999959887642 @ 199478 39316 1
4.11120727254193329969 0.62422851513756050235 = 0.99999999999954902741 @ 193528 37869 1
4.11120727254193329969 0.62422851514209265478 = 0.99999999999954902741 @ 199155 39235 1
1.17008874292531661609 0.62422851441987947663 = 0.99999999999954525265 @ 197612 38843 1
1.17008874292531661609 0.62422851449191940620 = 0.99999999999954436447 @ 198991 39193 1
1.17008873148886705096 0.62422851446642491080 = 0.99999999999952371432 @ 198761 39137 1
1.17008880837702688993 7.70627838635987316707 = 0.99999999999945443641 @ 197457 38803 1
1.17008880837702688993 7.70627838635987316707 = 0.99999999999945443641 @ 199531 39330 1
1.17008880837702622379 7.70627838635987316707 = 0.99999999999945443641 @ 199815 39398 1
0.33301843431140409901 7.70627839863015839938 = 0.99999999999945043960 @ 198203 38994 1
7.70627610575327182119 2.19328005256017855018 = 0.99999999999944266804 @ 199570 39339 1
7.70627610282685981957 2.19328005256017855018 = 0.99999999999943989248 @ 196264 38508 1
0.62422848617139103933 2.19328037424071897732 = 0.99999999999927913219 @ 196444 38552 1
0.62422848617139103933 2.19328037424071897732 = 0.99999999999927913219 @ 198649 39109 1
0.62422848617139103933 2.19328037429889155518 = 0.99999999999927902117 @ 198906 39173 1
4.11120647096061198056 7.70627689174577135134 = 0.99999999999927624561 @ 196513 38567 1
0.33301844266543823014 1.17008858005027005511 = 0.99999999999920252680 @ 198082 38962 1
4.11120727021705523185 4.11120797091754131003 = 0.99999999999896194147 @ 197423 38793 1
4.11120782772664039584 1.17008895301718407467 = 0.99999999999880606616 @ 197392 38786 1
2.19328003267931803677 7.70627539591114096851 = 0.99999999999854127797 @ 192255 37576 1
7.70627747992718337144 7.70627911621440198076 = 0.99999999999852273724 @ 198148 38979 1
7.70627583220623257887 0.62422855117900177824 = 0.99999999999826005848 @ 193899 37957 1
4.11120616883066425373 0.62422851513756050235 = 0.99999999999817057450 @ 196200 38493 1
2.19328012174265296608 2.19328069062163599767 = 0.99999999999784594529 @ 196430 38548 1
1.17008881562761746231 7.70627497963603058651 = 0.99999999999780353477 @ 196905 38665 1
1.17008881341051851344 7.70627489138786359035 = 0.99999999999763333758 @ 196768 38631 1
1.17008881341051851344 7.70627488903693347311 = 0.99999999999762856362 @ 196782 38634 1
7.70627655082549001264 7.70627465783945631017 = 0.99999999999694810793 @ 198604 39098 1
7.70627747628974191230 7.70628041001816566080 = 0.99999999999579269883 @ 198191 38991 1
1.17008874188809097738 7.70628041001816566080 = 0.99999999999577515730 @ 195231 38264 1
7.70628011800854384461 1.17008923752518478878 = 0.99999999999285438257 @ 197158 38728 1
4.11120705933743124660 7.70628218713015300523 = 0.99999999998975463988 @ 199936 39429 1
2.19328012554240903142 4.11120981064613122413 = 0.99999999998944422153 @ 198492 39067 1
0.62422853658672527999 7.70628250878401033219 = 0.99999999998770627840 @ 197668 38856 1
0.62422831886561680470 7.70627203659240400668 = 0.99999999998768518417 @ 197687 38860 1
0.33301855150083553569 7.70628218713015300523 = 0.99999999998673017032 @ 195134 38243 1
2.19328069310401385650 7.70627157410529850523 = 0.99999999998426347680 @ 199958 39435 1
7.70627052602392925706 7.70627743325666081375 = 0.99999999998091837483 @ 198445 39055 1
7.70627052290650915722 7.70627694365410675914 = 0.99999999998087263364 @ 194084 38003 1
7.70628234899761199728 7.70627235010355704503 = 0.99999999997894883919 @ 197039 38698 1
7.70628235562843588724 7.70627234836732633028 = 0.99999999997891320103 @ 197837 38899 1
2.19327999133053408443 1.17008767573614136381 = 0.99999999997741206847 @ 198568 39088 1
7.70628523843054047404 2.19328004849265356668 = 0.99999999997317823297 @ 197701 38863 1
4.11120712132419008356 4.11121181545612479624 = 0.99999999996770605470 @ 194146 38017 1
0.62422771985170177889 4.11120805720690274399 = 0.99999999996607447095 @ 193274 37813 1
7.70627501495354394478 7.70626829787999589882 = 0.99999999996410093850 @ 199286 39268 1
1.17008872098381799809 4.11121212894758780720 = 0.99999999996314725692 @ 198313 39021 1
4.11120210478386738373 2.19328001593827126570 = 0.99999999996245014788 @ 198499 39069 1
4.11120210397084839826 0.62422851513756050235 = 0.99999999996201827113 @ 199112 39223 1
0.62422782775838681069 4.11120390010539082937 = 0.99999999996089350418 @ 197455 38803 1
1.17008870505108308890 4.11120200618607434251 = 0.99999999996084842913 @ 196892 38662 1
2.19328004397118281332 0.33301885252362800616 = 0.99999999996079114162 @ 195550 38340 1
4.11120693259613023685 0.33301885252362800616 = 0.99999999996072586050 @ 199171 39239 1
4.11120693259605118897 0.33301885252362800616 = 0.99999999996072586050 @ 199591 39343 1
4.11120613938661083608 0.33301885252256535619 = 0.99999999995930199947 @ 198680 39117 1
4.11120612670236340591 0.33301885251910418040 = 0.99999999995926480700 @ 198813 39150 1
4.11120612670235363595 0.33301885251910418040 = 0.99999999995926480700 @ 199479 39316 1
4.11120116071308849826 4.11120779488086540709 = 0.99999999994643906653 @ 195983 38444 1
2.19328277581007879959 2.19327821964236013841 = 0.99999999994398203196 @ 196906 38665 1
7.70628899908398867780 7.70627724081758369579 = 0.99999999994195132302 @ 195921 38431 1
4.11120719559662362030 7.70626530813361299010 = 0.99999999993989874270 @ 194825 38172 1
2.19328012554240903142 7.70626530813361299010 = 0.99999999993987365166 @ 196827 38646 1
2.19328012554225804109 7.70626530813361299010 = 0.99999999993987365166 @ 199450 39308 1
0.62422842919340770784 0.33301895616071575112 = 0.99999999993888211147 @ 197336 38773 1
0.62422842919340770784 0.33301895617500820723 = 0.99999999993887878080 @ 199141 39231 1
2.19328011082981300106 0.33301895618520865883 = 0.99999999993885890781 @ 198765 39137 1
2.19328011082981300106 0.33301895618612076255 = 0.99999999993885868577 @ 198446 39055 1
2.19328011082981300106 0.33301895618821536482 = 0.99999999993885824168 @ 198863 39162 1
7.70627501577541096367 0.33301791056947860348 = 0.99999999993577670665 @ 199625 39352 1
7.70627501577541096367 0.33301791056948287784 = 0.99999999993577670665 @ 199864 39411 1
7.70626681149088721412 1.17008767575823968699 = 0.99999999993150590072 @ 198555 39085 1
2.19328004639974460943 4.11121402575824657077 = 0.99999999992992860687 @ 196723 38620 1
7.70627500305236345923 7.70629010150489524023 = 0.99999999992840316043 @ 198836 39155 1
7.70627500305236345923 7.70629010150424864634 = 0.99999999992840316043 @ 199500 39322 1
2.19328030355401182305 4.11121443928148089242 = 0.99999999992092392098 @ 199306 39273 1
7.70629239661529652494 4.11120666251800148672 = 0.99999999990316046361 @ 198665 39114 1
7.70629239661529652494 4.11120666243125398864 = 0.99999999990316035259 @ 198565 39088 1
7.70629239661529652494 4.11120666238396204051 = 0.99999999990316024157 @ 198702 39123 1
7.70626680927706342317 0.33301791825324356111 = 0.99999999989375021325 @ 198993 39194 1
7.70626680926153717621 0.33301791015330528545 = 0.99999999989184651383 @ 197568 38832 1
2.19328009379662303147 7.70629347486195737105 = 0.99999999988925813987 @ 197605 38841 1
2.19328009379662303147 7.70629347553854415764 = 0.99999999988924881400 @ 195502 38328 1
0.33301844574821470868 7.70629347553854415764 = 0.99999999988923460315 @ 198026 38948 1
4.11120613762467890240 7.70629344282683526046 = 0.99999999988821008934 @ 194792 38165 1
4.11120613762467890240 7.70629344468261923140 = 0.99999999988818477625 @ 197376 38782 1
4.11120702610991184400 4.11121598436055801784 = 0.99999999988435539500 @ 198923 39177 1
7.70627580809489032276 7.70629445250938616141 = 0.99999999987463272788 @ 192103 37538 1
7.70625958764755214503 2.19328004985852054176 = 0.99999999986858079115 @ 194950 38202 1
7.70625958764755214503 2.19328004985852054176 = 0.99999999986858079115 @ 195595 38351 1
7.70629466795524198375 0.33301878921021155211 = 0.99999999984416909626 @ 196928 38672 1
7.70625958764755214503 0.33301895618821536482 = 0.99999999980745779560 @ 199964 39437 1
7.70629402715422617831 7.70629434104927479865 = 0.99999999975872189140 @ 196302 38517 1
7.70625172522258328200 7.70628130731261151709 = 0.99999999971868747117 @ 198537 39080 1
7.70625172521551071725 7.70628130731261151709 = 0.99999999971868736015 @ 198887 39168 1
7.70624982995439911093 4.11120716221943105495 = 0.99999999968334296607 @ 195825 38408 1
7.70624982995439911093 4.11120716221943105495 = 0.99999999968334296607 @ 199424 39302 1
7.70624977007754807801 4.11120254518386651910 = 0.99999999965069252816 @ 198559 39086 1
4.11122266219561449674 1.17008883340312719312 = 0.99999999964372010552 @ 193213 37797 1
7.70630703994108223753 2.19328109413981309217 = 0.99999999962091612460 @ 197050 38701 1
4.11122423782757273614 4.11120730054126415354 = 0.99999999956771357112 @ 199607 39348 1
4.11122444166668099541 4.11120730055391891966 = 0.99999999955734386603 @ 198391 39043 1
4.11120598619213062364 4.11118979110825044643 = 0.99999999955268170648 @ 196602 38590 1
7.70631101754776537405 7.70627602428396674128 = 0.99999999951953288946 @ 198086 38963 1
7.70631200723937226371 7.70627625327448217973 = 0.99999999949120432774 @ 195116 38240 1
0.62422887967524498531 4.11122586886749008528 = 0.99999999946856954480 @ 198010 38943 1
7.70627739993358407133 7.70624154083250623160 = 0.99999999946300210940 @ 199645 39356 1
7.70627739993358407133 7.70624154083250623160 = 0.99999999946300210940 @ 199788 39391 1
4.11120706836675697815 7.70631298073827686324 = 0.99999999946273809837 @ 199642 39355 1
4.11120706836676053086 7.70631298073827686324 = 0.99999999946273809837 @ 199689 39367 1
1.17008867459662990740 7.70631298073827686324 = 0.99999999946251350025 @ 199355 39285 1
4.11121036482925195088 7.70624163639691595051 = 0.99999999945052597816 @ 196973 38682 1
4.11121039464275117581 7.70624154083250623160 = 0.99999999944737072433 @ 196123 38476 1
4.11121039464233994920 7.70624154083250623160 = 0.99999999944737072433 @ 199205 39246 1
7.70627598816531644843 7.70631680785830042169 = 0.99999999934079286668 @ 198686 39119 1
4.11120713269076709651 7.70631780248027364877 = 0.99999999930793270764 @ 199129 39228 1
4.11120742377309156268 7.70623670436210339574 = 0.99999999930761185318 @ 196262 38507 1
2.19328001871110611631 7.70631833155856504902 = 0.99999999928974847574 @ 199295 39271 1
2.19328001871110611631 7.70631833155832168814 = 0.99999999928974847574 @ 199516 39326 1
7.70631934073948698938 4.11121181541187219466 = 0.99999999922213222980 @ 198545 39082 1
7.70628101010563515416 4.11123204385842377917 = 0.99999999907693726264 @ 194057 37996 1
1.17008893636638910962 4.11118182601589765568 = 0.99999999905156122804 @ 199640 39355 1
4.11120057496360580274 4.11123204385842377917 = 0.99999999901906377886 @ 199462 39311 1
7.70632881816904280470 7.70627723624928950841 = 0.99999999888080659538 @ 195913 38429 1
7.70622532223370093618 7.70627456710534719520 = 0.99999999886153068118 @ 196520 38569 1
7.70622532223398071238 7.70627456710534719520 = 0.99999999886153068118 @ 199190 39243 1
7.70622532223370093618 7.70627456710534719520 = 0.99999999886153068118 @ 199787 39391 1
7.70622532615025068736 7.70627442170489640461 = 0.99999999886136392568 @ 195245 38268 1
7.70622345749911552559 4.11120698340789036962 = 0.99999999878153666977 @ 199245 39257 1
7.70622345749757364786 4.11120740717450328106 = 0.99999999878147094456 @ 199173 39240 1
1.17008877445963332953 4.11123613204213178562 = 0.99999999875700185115 @ 194178 38023 1
4.11117814714092855155 2.19328002943526012558 = 0.99999999875642009428 @ 198091 38964 1
4.11117814714092855155 2.19328002932054433316 = 0.99999999875642009428 @ 198276 39012 1
4.11117814714092855155 7.70627652944705676674 = 0.99999999875620004808 @ 199318 39276 1
4.11117814033061446111 2.19328002534950661229 = 0.99999999875583478470 @ 195673 38371 1
4.11117814033061446111 4.11120709140265905290 = 0.99999999875583422959 @ 199095 39220 1
4.11117814714092855155 4.11120981064613122413 = 0.99999999874589562410 @ 199485 39318 1
7.70622243875577783712 2.19327995392340602265 = 0.99999999873494382907 @ 197738 38874 1
7.70622243875577783712 2.19327995392318753076 = 0.99999999873494382907 @ 199126 39227 1
7.70622243875577783712 2.19327995392340602265 = 0.99999999873494382907 @ 199970 39438 1
0.62422831886561680470 7.70621895026424574837 = 0.99999999856801791154 @ 188511 36702 1
4.11117348164367069074 0.62422857704191347938 = 0.99999999832271513345 @ 197162 38729 1
4.11123212362253731555 4.11118357972040548987 = 0.99999999825574237278 @ 197322 38769 1
4.11123211935433907627 4.11118357262108702344 = 0.99999999825556284971 @ 197100 38714 1
4.11124187660232909280 4.11120753510952230414 = 0.99999999821533980260 @ 197325 38769 1
4.11124304700676379554 7.70628106993325445728 = 0.99999999808716111271 @ 198006 38943 1
4.11124304785939553852 2.19327757090686326080 = 0.99999999806123374135 @ 196880 38658 1
4.11124304785939553852 2.19327757090686326080 = 0.99999999806123374135 @ 199610 39349 1
4.11124394992386932302 1.17008887966702301853 = 0.99999999799602279360 @ 191396 37378 1
2.19327917216909051845 7.70620750641779306278 = 0.99999999794793303920 @ 196921 38670 1
2.19327917216933387934 7.70620750641779306278 = 0.99999999794793303920 @ 199606 39348 1
2.19327917208043032815 7.70620750641779306278 = 0.99999999794793226204 @ 198603 39098 1
7.70620604618367011085 7.70627725538174424003 = 0.99999999786529325529 @ 198128 38974 1
2.19328012511738235091 4.11116817687525237801 = 0.99999999775413916936 @ 197748 38877 1
7.70625958764755214503 7.70634890996848209710 = 0.99999999770723868586 @ 197559 38829 1
7.70623531234904834974 7.70634016976827140866 = 0.99999999759315816306 @ 192904 37725 1
7.70623507703891519327 7.70634016432611712588 = 0.99999999758511326498 @ 196710 38616 1
7.70622287587434851019 4.11117664167575735945 = 0.99999999737902267594 @ 198540 39080 1
7.70619767366735342051 1.17008923737035441803 = 0.99999999733010946912 @ 198905 39172 1
7.70635822828955063812 4.11120810685360726922 = 0.99999999723858312706 @ 196790 38637 1
7.70635822829325700667 4.11120810685360726922 = 0.99999999723858290501 @ 199163 39237 1
4.11120706389010326376 7.70619383318108486236 = 0.99999999707025566398 @ 197915 38919 1
4.11120706389010326376 7.70619383318081307976 = 0.99999999707025566398 @ 199582 39342 1
7.70619856633027211501 7.70624163639691595051 = 0.99999999685916285408 @ 199299 39271 1
2.19328375737955472147 4.11125530610777811802 = 0.99999999649754589548 @ 199836 39403 1
2.19328375649356299704 4.11125530661867966131 = 0.99999999649750725972 @ 198599 39097 1
4.11115846544017227160 1.17008894974252353194 = 0.99999999649472948171 @ 196434 38549 1
4.11115846544017227160 1.17008894974252353194 = 0.99999999649472948171 @ 198432 39052 1
7.70619540877086084407 7.70631780254058540436 = 0.99999999648781745520 @ 198581 39092 1
0.33301844227311683255 7.70637210744795186912 = 0.99999999621268242933 @ 199282 39267 1
4.11120724133572501557 7.70637210745727951888 = 0.99999999621267776639 @ 196494 38563 1
4.11120724133554027446 7.70637210745727951888 = 0.99999999621267776639 @ 199492 39320 1
4.11120732092262830548 7.70637214294029604389 = 0.99999999620981105952 @ 197960 38930 1
2.19327879760070576509 7.70637319126629449784 = 0.99999999611748624506 @ 199059 39211 1
2.19327879760070576509 7.70637319126629449784 = 0.99999999611748624506 @ 199905 39421 1
2.19327879760070576509 7.70637319126629449784 = 0.99999999611748624506 @ 199944 39431 1
7.70617631467824004687 2.19328077931389353594 = 0.99999999570783648650 @ 195308 38282 1
7.70617631467824004687 2.19328077931389353594 = 0.99999999570783648650 @ 199436 39305 1
7.70637956183174921421 2.19328002948225808666 = 0.99999999559401109295 @ 199090 39218 1
7.70638001786462645271 2.19328002948225808666 = 0.99999999555464391676 @ 197588 38837 1
7.70638001786462645271 2.19328002948225808666 = 0.99999999555464391676 @ 199902 39420 1
7.70638045385300074486 7.70627859441650819861 = 0.99999999551609197734 @ 198204 38994 1
7.70638045385300074486 7.70627859441943652286 = 0.99999999551609197734 @ 199180 39242 1
7.70617338177212207739 0.62422833211172379375 = 0.99999999545704931769 @ 196820 38644 1
7.70619856633027211501 7.70634890996848209710 = 0.99999999523194027518 @ 196440 38551 1
7.70638463390775463324 7.70627859441650819861 = 0.99999999514555548696 @ 195986 38444 1
4.11126477881146534799 4.11120528274822127912 = 0.99999999508148618155 @ 198881 39167 1
7.70635822815942361785 7.70636008890718127162 = 0.99999999435162401085 @ 197723 38870 1
7.70627526563716447328 7.70615445109397434464 = 0.99999999364953739978 @ 199174 39240 1
7.70627526512406380022 7.70615445108568319910 = 0.99999999364953562342 @ 198302 39018 1
7.70626687879796001823 7.70615447501691708254 = 0.99999999360834346263 @ 198315 39022 1
7.70617542323162663109 7.70620706550466305629 = 0.99999999356046753718 @ 197977 38935 1
7.70617542286134060703 7.70620706550466305629 = 0.99999999356043589582 @ 198167 38984 1
4.11120719559662362030 7.70615152456482199739 = 0.99999999334500155879 @ 198674 39115 1
7.70626689970730005541 7.70615152456482199739 = 0.99999999329985278518 @ 196139 38479 1
4.11125302579312545959 4.11115034557564040796 = 0.99999999211455881110 @ 196941 38675 1
4.11125245805404215815 4.11114955787297553513 = 0.99999999205787137857 @ 197081 38708 1
0.33301886328934476866 7.70641605694701059548 = 0.99999999184864729607 @ 198597 39096 1
7.70613583655793998872 4.11120698291759101295 = 0.99999999158060681737 @ 198590 39095 1
7.70613583651257449958 4.11120698340789036962 = 0.99999999158060171034 @ 199433 39304 1
7.70627708751869455739 7.70641929246592738423 = 0.99999999150738960729 @ 198538 39080 1
7.70627655082549001264 7.70641929246592738423 = 0.99999999150719209862 @ 199564 39338 1
7.70627709685656725469 7.70641935966725188933 = 0.99999999149935292486 @ 196476 38560 1
2.19327917225924684530 7.70612842997202296402 = 0.99999999067163647393 @ 199089 39218 1
2.19327917225536062062 7.70612842997202296402 = 0.99999999067163636290 @ 199054 39210 1
7.70619549313912433064 7.70641246065565166390 = 0.99999998949041701835 @ 197608 38842 1
7.70619549253199931371 7.70641246065565166390 = 0.99999998949037527396 @ 197104 38715 1
0.33301850804240440418 7.70611864152242098669 = 0.99999998940756784638 @ 198005 38943 1
7.70611822348016328732 4.11120716221943105495 = 0.99999998935285216994 @ 195654 38366 1
7.70619540860407159499 7.70641661529696087030 = 0.99999998900440223437 @ 196686 38609 1
4.11111701469038681722 4.11120753722892384729 = 0.99999998798453804127 @ 192543 37639 1
4.11129676418661649251 7.70623670463014498466 = 0.99999998742779605543 @ 197926 38922 1
7.70626687910162377904 7.70610444693950480399 = 0.99999998738293738310 @ 198789 39144 1
4.11120648166540814117 7.70645103798492758784 = 0.99999998728632744083 @ 198154 38981 1
4.11130122459321700745 1.17008917205352713786 = 0.99999998690542812874 @ 195688 38374 1
4.11130125192808737467 1.17008917205352713786 = 0.99999998689781954830 @ 198869 39164 1
7.70645659526843385123 2.19328016675350401243 = 0.99999998646082532971 @ 198730 39130 1
7.70645659529726323456 2.19328016675350401243 = 0.99999998646082099985 @ 198807 39149 1
7.70645661438250328956 1.17008863940571927742 = 0.99999998645760868055 @ 197930 38923 1
7.70643357158123265549 7.70636924644983878352 = 0.99999998615176033390 @ 199979 39441 1
0.62422843294376573198 4.11130881413879567532 = 0.99999998471072459871 @ 196447 38553 1
2.19328011357551222460 7.70646955475523576240 = 0.99999998443346160837 @ 198838 39156 1
2.19328011357551222460 7.70646955475523576240 = 0.99999998443346160837 @ 199990 39443 1
1.17008874188809097738 4.11131081587168889513 = 0.99999998410272850080 @ 198750 39134 1
2.19328011349881712988 4.11131081948865162445 = 0.99999998410163670748 @ 198928 39178 1
4.11131089434916763281 4.11119996030062395675 = 0.99999998400238332419 @ 198984 39191 1
4.11131089434916763281 4.11119996029291634443 = 0.99999998400238321317 @ 197453 38802 1
4.11119686639365955472 4.11131081587168889513 = 0.99999998394656253176 @ 197234 38747 1
4.11119686639365955472 4.11131081587168889513 = 0.99999998394656253176 @ 199106 39222 1
4.11120605854246701227 7.70607914187819353913 = 0.99999998347506235952 @ 198460 39059 1
4.11120989198917374807 7.70648824153663714043 = 0.99999998124997013793 @ 197358 38778 1
7.70606060941252568597 7.70627728889183938321 = 0.99999998024086644843 @ 196762 38629 1
7.70606060941252568597 7.70627728889067764584 = 0.99999998024086644843 @ 199309 39274 1
7.70606060932486691684 7.70627728889183938321 = 0.99999998024085046122 @ 197809 38891 1
7.70648166188155414602 7.70637106258102022593 = 0.99999997870733969840 @ 198793 39145 1
7.70648166311556437336 7.70637189053507576375 = 0.99999997864144873905 @ 197921 38920 1
7.70648166357878139365 7.70637189186594984136 = 0.99999997864126299874 @ 197391 38786 1
7.70650533632003487128 4.11121849228067315352 = 0.99999997791107930745 @ 198578 39091 1
7.70650741110272186063 7.70627719581662073978 = 0.99999997770138615572 @ 199002 39196 1
7.70650741109570436294 4.11120698291759101295 = 0.99999997770135118369 @ 199343 39282 1
7.70650741110272186063 4.11120698420334029777 = 0.99999997770135040653 @ 198051 38955 1
7.70650741110272186063 4.11121849228067315352 = 0.99999997751086544540 @ 198053 38956 1
7.70604400442838866070 2.19327904723363875661 = 0.99999997709061605455 @ 196222 38498 1
2.19328011349881712988 7.70652009159313244879 = 0.99999997517661465274 @ 196865 38654 1
7.70627758984870947501 7.70602656470037405967 = 0.99999997354271807914 @ 195875 38421 1
7.70627758984872457404 7.70602656470037405967 = 0.99999997354271807914 @ 199600 39346 1
2.19328645765402452383 4.11107258761980087769 = 0.99999997300628173935 @ 197881 38910 1
2.19328645765402452383 4.11107258298398825502 = 0.99999997300443632664 @ 198223 38999 1
2.19328645765402452383 4.11107258298398825502 = 0.99999997300443632664 @ 199945 39431 1
7.70632837138971193980 7.70602660115114979078 = 0.99999997245057647977 @ 198894 39170 1
1.17008903086500692936 7.70601651700824685776 = 0.99999997137833906979 @ 198799 39146 1
1.17008902991691710049 7.70601651648639407455 = 0.99999997137823304350 @ 198400 39045 1
4.11120705933743124660 7.70654370649835485096 = 0.99999997011398877866 @ 199334 39280 1
4.11120072669004521515 7.70654369980579456723 = 0.99999997005460872224 @ 196870 38656 1
4.11106461590957739105 2.19328002534950661229 = 0.99999996995234874397 @ 198660 39113 1
1.17008883097142768470 7.70654445298269585862 = 0.99999996994627626812 @ 199277 39266 1
1.17008883103093297429 7.70654445305742008543 = 0.99999996994625939273 @ 199477 39316 1
1.17008885424107211826 7.70654476086706541338 = 0.99999996987693040573 @ 197194 38736 1
7.70628101010563515416 4.11106355419033775433 = 0.99999996949708003235 @ 199303 39273 1
7.70655115998809581157 4.11120713369821189076 = 0.99999996841862381913 @ 195026 38219 1
1.17008859652589958245 4.11135816640339601946 = 0.99999996626481690853 @ 198389 39042 1
4.11107091152159220826 7.70640716199463415848 = 0.99999996544431157819 @ 199396 39296 1
7.70598975847205469591 0.33301800175934997972 = 0.99999996516105293942 @ 198541 39081 1
7.70643327060873684076 7.70653632688658696281 = 0.99999996150010661555 @ 197971 38933 1
7.70643327140807965492 7.70653632688658696281 = 0.99999996150000169948 @ 199449 39308 1
1.17008910213182626414 7.70658371498296190794 = 0.99999996046359518331 @ 197359 38778 1
4.11120705933743124660 7.70594285916584365026 = 0.99999995292451626661 @ 199719 39374 1
2.19328005126646718992 7.70594285260052647146 = 0.99999995292267807034 @ 196879 38658 1
4.11121033497088195219 7.70594285632749365078 = 0.99999995290865617559 @ 198892 39169 1
4.11121029962879092068 7.70594285263338107939 = 0.99999995290794796432 @ 199046 39208 1
7.70650737387622442043 7.70603116478969418779 = 0.99999995221343129792 @ 199472 39314 1
7.70650737387638429254 7.70603116478988692251 = 0.99999995221343129792 @ 199502 39322 1
4.11138755841401959401 2.19328989315685030093 = 0.99999995135389618817 @ 198273 39012 1
7.70650737391681861510 7.70602014311212535347 = 0.99999994987854412543 @ 198309 39020 1
4.11102500305604046105 7.70620789333038924696 = 0.99999994890298571359 @ 199016 39200 1
1.17008903086500692936 7.70592770324472819965 = 0.99999994855942775374 @ 196295 38515 1
7.70663356664480225788 7.70631298050534851996 = 0.99999994602016173406 @ 198351 39032 1
7.70663356664480225788 7.70631298073827686324 = 0.99999994602015473966 @ 195950 38435 1
7.70663356664480225788 7.70631298321473678925 = 0.99999994602008024369 @ 193864 37948 1
4.11109205883676320781 4.11136624849640153201 = 0.99999994296788952131 @ 198953 39184 1
4.11109202451146860113 4.11136624686265861328 = 0.99999994295697036684 @ 198485 39065 1
7.70664882668569362068 4.11120754933184073820 = 0.99999994188157992347 @ 199362 39287 1
7.70664882668655160103 4.11120754932870724474 = 0.99999994188157970143 @ 198968 39188 1
7.70664883444653625588 4.11120761400247758388 = 0.99999994187906826593 @ 199028 39203 1
4.11131097561453096034 7.70661386811650039874 = 0.99999993635680439752 @ 196692 38611 1
7.70599365333065478012 4.11106410527092691609 = 0.99999993587655178207 @ 198904 39172 1
7.70599365332150298968 4.11106410527092691609 = 0.99999993587654967264 @ 196508 38566 1
7.70630654557811123340 7.70588241023221964809 = 0.99999993400490305717 @ 199702 39370 1
2.19328004313991797858 7.70585395559695651713 = 0.99999992456505348848 @ 198275 39012 1
7.70585181447422673529 4.11120698340789036962 = 0.99999992379994084857 @ 198619 39102 1
7.70585181449897049788 2.19328435370180008235 = 0.99999992370376278306 @ 195991 38446 1
1.17008847480037236899 4.11098001972319337938 = 0.99999992369407064707 @ 192756 37690 1
4.11120705933743124660 4.11097065619526969016 = 0.99999991727443915401 @ 196032 38456 1
4.11120705933743124660 4.11097065189126187335 = 0.99999991727142778508 @ 198542 39081 1
4.11106460529543316085 7.70663323382215548207 = 0.99999991660507525637 @ 197578 38835 1
7.70582582076916544622 4.11120710352322049630 = 0.99999991420387446261 @ 199226 39252 1
7.70582581043593695114 4.11120698403767015350 = 0.99999991419991152153 @ 196195 38491 1
2.19328001871110611631 4.11145577246360893753 = 0.99999990857170417691 @ 197957 38929 1
2.19328001871110611631 4.11145577246384341663 = 0.99999990857170395486 @ 199641 39355 1
7.70628899908398867780 7.70674900554132236152 = 0.99999990626202084343 @ 196274 38510 1
7.70628899908398867780 7.70674900554132236152 = 0.99999990626202084343 @ 199881 39414 1
7.70628899907207376430 7.70674900581162969360 = 0.99999990626191359588 @ 198947 39183 1
7.70630500619633185266 7.70675585159448939265 = 0.99999990325727949880 @ 198287 39015 1
7.70587728372952529554 7.70600931153750767777 = 0.99999990242629221981 @ 199144 39232 1
7.70629820579041524553 7.70578513087011529592 = 0.99999989785518239582 @ 197786 38885 1
2.19328001892597024280 4.11147039665197500113 = 0.99999989750028062119 @ 198087 38963 1
4.11120611528329327200 7.70678279535770460740 = 0.99999989241840758769 @ 199452 39309 1
4.11120611528322754680 7.70678279535770460740 = 0.99999989241840758769 @ 199696 39369 1
4.11121118972551791160 7.70576012321747327860 = 0.99999988738974032731 @ 198866 39163 1
1.17008896359427283507 4.11150284867157811419 = 0.99999987067229167970 @ 199476 39315 1
7.70676037700290716970 7.70600036154475631633 = 0.99999986947229613232 @ 195626 38359 1
7.70676037700290716970 7.70600036154475631633 = 0.99999986947229613232 @ 197512 38818 1
7.70676037700290716970 7.70600035983976816567 = 0.99999986947189867248 @ 197886 38911 1
7.70684221131900937252 4.11120713369821189076 = 0.99999986564722975757 @ 199062 39211 1
7.70684221131900937252 4.11120713369821277894 = 0.99999986564722975757 @ 199845 39406 1
7.70684221131900937252 7.70627694365410675914 = 0.99999986564718867932 @ 196708 38615 1
7.70684221131900937252 7.70627694337868263119 = 0.99999986564718867932 @ 197706 38865 1
7.70684224000885809147 2.19328073191489547611 = 0.99999986563117304605 @ 198484 39065 1
7.70672858139402627842 7.70588339240396003049 = 0.99999984894806248636 @ 198918 39176 1
7.70684202447685873238 4.11133284004425370028 = 0.99999984236714278829 @ 199242 39256 1
7.70663422785888663213 7.70678279535770460740 = 0.99999983877884890404 @ 199232 39254 1
7.70663422786048712965 7.70678279535770460740 = 0.99999983877884845995 @ 198742 39132 1
4.11120707254921313734 7.70697295106229685047 = 0.99999979627281243566 @ 197637 38848 1
2.19328012528329496789 7.70697295106200375159 = 0.99999979627279111938 @ 199501 39322 1
1.17008867459662990740 7.70697295106229685047 = 0.99999979627258694936 @ 197506 38816 1
7.70557924945294381303 7.70627741916587805093 = 0.99999979487931711652 @ 198543 39081 1
2.19328009371705068276 4.11082567432992806999 = 0.99999978474211614898 @ 198406 39046 1
2.19328011061130290216 4.11082567432992806999 = 0.99999978474210715618 @ 198244 39004 1
7.70655115879394880807 7.70697488912916828241 = 0.99999976355510300507 @ 198057 38956 1
7.70703158900078744153 4.11120782527705319609 = 0.99999976048356609137 @ 194598 38121 1
7.70704246466279840888 7.70627652531485551890 = 0.99999975352810965834 @ 198822 39152 1
7.70704246467688580680 7.70627652944705676674 = 0.99999975352810310802 @ 197254 38752 1
7.70687365709932681312 7.70675842151768719646 = 0.99999975281848829667 @ 196814 38642 1
7.70687366003191520747 7.70675841975973696663 = 0.99999975281772801594 @ 197691 38861 1
7.70548481662726381103 4.11121038716898201670 = 0.99999973560491939306 @ 198321 39023 1
7.70548393275689758042 4.11121038716898201670 = 0.99999973501479355598 @ 197954 38929 1
2.19328011096244157585 7.70709156874696788009 = 0.99999972088255018043 @ 199520 39328 1
7.70638741403408822350 7.70709156874696788009 = 0.99999971577429158653 @ 193191 37792 1
7.70715461990580497087 1.17008879064085835608 = 0.99999967598845529437 @ 199032 39204 1
0.33301844227311683255 4.11168190587208037812 = 0.99999966664665895788 @ 198376 39039 1
2.19328009379662303147 7.70718780202666398083 = 0.99999965101809129564 @ 199432 39304 1
4.11117814033061446111 4.11170452874493097539 = 0.99999963287845328175 @ 193573 37880 1
7.70533972140516620897 4.11120804143693074906 = 0.99999962993345770101 @ 197099 38714 1
7.70722884186673606877 7.70652006623679142194 = 0.99999959403459914853 @ 198481 39064 1
7.70722884186830814457 7.70652006623679142194 = 0.99999959403459792728 @ 199329 39278 1
7.70722884193490109794 7.70652006684787149737 = 0.99999959403441973649 @ 199386 39293 1
7.70738312722881602213 4.11120714798749808949 = 0.99999948524895865276 @ 199385 39293 1
7.70738312722881602213 7.70631833155856504902 = 0.99999948453871245757 @ 199735 39378 1
7.70738312722881602213 4.11106355419033775433 = 0.99999945475197049571 @ 199822 39399 1
7.70747870524825362537 4.11121038716898201670 = 0.99999939241824575831 @ 199041 39207 1
2.19328004397118281332 7.70506293609697490155 = 0.99999937915163339408 @ 199537 39331 1
2.19328004503204976317 7.70506293172614142861 = 0.99999937914716374721 @ 197728 38871 1
2.19328004503204976317 7.70506293172484113541 = 0.99999937914716241494 @ 199027 39203 1
4.11120708505623966289 7.70506293109397599750 = 0.99999937914651249038 @ 197826 38896 1
4.11121118975289334685 7.70506293126635011248 = 0.99999937912247005567 @ 198605 39098 1
7.70746387365222762611 7.70675208428494329382 = 0.99999931243396034120 @ 198982 39191 1
7.70746387365222762611 7.70675208428494418200 = 0.99999931243396034120 @ 199772 39387 1
7.70747870525118994323 7.70675132612032953716 = 0.99999929783000129913 @ 198951 39184 1
4.11120057496360580274 7.70760925365459304004 = 0.99999925317403859371 @ 192493 37627 1
4.11120057515357917310 7.70760925657437656611 = 0.99999925317076865383 @ 198208 38995 1
7.70490994480217050722 7.70627741916587805093 = 0.99999921284068693517 @ 195343 38290 1
7.70489383215623568901 2.19327988060610357124 = 0.99999919417750215977 @ 197558 38829 1
1.17008884280782954335 4.11046728272739247956 = 0.99999919019836935874 @ 197171 38731 1
7.70767608269065096493 2.19327757090686326080 = 0.99999917640009661213 @ 194168 38021 1
1.17008891433688089201 7.70483091559304167362 = 0.99999911920770934159 @ 198375 39038 1
1.17008891208121501570 7.70482633708556008401 = 0.99999911362193283360 @ 196586 38586 1
4.11042544902854611877 4.11120674178398992638 = 0.99999909602326464420 @ 197889 38912 1
7.70479374049070564467 4.11120810685360726922 = 0.99999907334252946534 @ 199660 39360 1
7.70479374049065235397 4.11120810685360726922 = 0.99999907334252935431 @ 195032 38220 1
7.70479373437537962133 4.11120796585296588432 = 0.99999907333526172337 @ 198729 39129 1
4.11039657311650508120 2.19328005149788607397 = 0.99999902799704143419 @ 199671 39363 1
4.11039657310534600754 2.19328157086883468452 = 0.99999902798500550638 @ 198466 39061 1
7.70469883063553240277 2.19327979394441419103 = 0.99999895096984947607 @ 195611 38355 1
2.19328012554240903142 4.11206202103390161540 = 0.99999891926484374416 @ 197733 38872 1
4.11125002220065738356 7.70800111939147569728 = 0.99999874656372744752 @ 199842 39405 1
4.11125002220065738356 7.70800112292099104394 = 0.99999874655860643280 @ 199588 39343 1
4.11107161802243759041 7.70800108458017518842 = 0.99999872216601315422 @ 196994 38686 1
2.19328004448626989742 7.70416955302068995337 = 0.99999812936860921209 @ 197716 38868 1
2.19328004448626989742 7.70416955142525061717 = 0.99999812936577681111 @ 199140 39231 1
2.19328004448626989742 7.70416955142525061717 = 0.99999812936577681111 @ 199893 39417 1
7.70841263086930794657 4.11120649941549753947 = 0.99999808098480924556 @ 198248 39005 1
4.11098394394778310357 7.70416955142326465023 = 0.99999805567568067488 @ 198821 39152 1
4.11098270225388340293 7.70416955142326465023 = 0.99999805485347637024 @ 196433 38549 1
4.11120713989429109603 7.70873638636202684893 = 0.99999745507605530825 @ 198305 39019 1
7.70830847074345193448 7.70821777419850295843 = 0.99999667880141018816 @ 199188 39243 1
7.70336369861706149464 4.11121055027824677808 = 0.99999642510094777226 @ 199110 39223 1
7.70336369860937608678 4.11121055018473846587 = 0.99999642510092989767 @ 198248 39005 1
7.70932629067845809345 4.11116015698500358866 = 0.99999608469696410484 @ 198329 39026 1
7.70932628972749611762 4.11116008652452880057 = 0.99999608468960277108 @ 196563 38580 1
7.70939865041910099563 2.19328089644151447146 = 0.99999590011303296500 @ 197439 38798 1
7.70299100462009711521 4.11120537393993945585 = 0.99999545182246540875 @ 195281 38276 1
4.11120857716095589041 7.71017697015095748725 = 0.99999360124055103327 @ 198722 39127 1
4.11120857716095589041 7.71017700148483786649 = 0.99999360113774982128 @ 199053 39210 1
4.11118387116893835298 7.71018181537575042483 = 0.99999358453637676725 @ 199434 39305 1
7.71047013474167020064 4.11214387691807559122 = 0.99999130571858763084 @ 197478 38809 1
7.71085904296440816097 4.11168308601271093039 = 0.99999083294698487556 @ 198760 39136 1
7.71108455709638018760 4.11163098136530003046 = 0.99999001175085000526 @ 196523 38570 1
4.11084972020442585006 7.71147626404002561884 = 0.99998844006587506161 @ 198529 39077 1
4.11084971733006288019 7.71147627993693518533 = 0.99998843999332154286 @ 199533 39330 1
7.71236430255249949539 4.11121984398370265978 = 0.99998441433218743235 @ 199260 39261 1
7.70598975847205469591 7.71254059469705932628 = 0.99998346431778428745 @ 199940 39430 1
7.70598975847205469591 7.71254059469705932628 = 0.99998346431778428745 @ 199942 39430 1
7.71285714979432057703 4.11116160518523710010 = 0.99998178671431658948 @ 199097 39220 1
7.71285714998037974510 4.11116160488705251197 = 0.99998178671324700062 @ 197759 38880 1
4.10758189717391442031 0.33301800175934997972 = 0.99998054382719225863 @ 199940 39430 1
4.10758189717391442031 7.71254059469705932628 = 0.99996404298392360666 @ 199416 39301 1
7.71681884160711462073 4.11120774156651158648 = 0.99995328438153074924 @ 196804 38640 1
7.71683818196127724320 4.11114313967022404483 = 0.99995310687018679197 @ 188521 36705 1
4.11120611528329327200 7.72153286681421313631 = 0.99990222299081077395 @ 197156 38728 1
4.11120611528329327200 7.72153286681421313631 = 0.99990222299081077395 @ 199707 39372 1
7.73289647024945558940 4.11122080172136072918 = 0.99970276457001316928 @ 184085 35656 1
