3.58441702532806871773 -1.84822709114830541210 = 199.99999983710017659178 @ 49954 13261 1
-2.80489964005223013643 3.13144837856100544116 = 199.99999766928638678110 @ 48819 12981 1
-2.80489960734396870379 3.13145555099742800564 = 199.99999758631037138912 @ 49119 13055 1
3.58404469700259609155 -1.84823188207934463456 = 199.99999184613213287776 @ 49784 13218 1
3.58492413441015012054 -1.84829543735186563325 = 199.99998728287627614009 @ 47672 12702 1
3.58492413441015012054 -1.84829543737991008889 = 199.99998728287624771838 @ 49445 13136 1
-3.78008637542505931961 -3.28357796960427528177 = 199.99996679151030321009 @ 48867 12993 1
-3.78008324180704669004 -3.28360428421345851291 = 199.99996667294342955756 @ 47107 12566 1
-3.78008640960098940553 -3.28360394623494533661 = 199.99996643007645502621 @ 48963 13016 1
2.99933810952121504556 2.00147420017865806940 = 199.99996633942254220528 @ 49532 13157 1
2.99933810952121504556 2.00147420091842409562 = 199.99996633939522894252 @ 48407 12882 1
2.99917717153551732778 2.00238605154294768695 = 199.99991733449735420436 @ 49193 13073 1
-2.80499556140734984666 3.12952137367282912095 = 199.99987083479760485716 @ 49187 13072 1
-2.80499556140847428054 3.12952137264833263330 = 199.99987083465032355889 @ 49644 13184 1
3.00057011185984157109 2.00437899261125274109 = 199.99961135981180859744 @ 47818 12735 1
3.58317193428793023813 -1.84140616457745398549 = 199.99931610294245842852 @ 47117 12568 1
3.58317193428793023813 -1.84140603679695358252 = 199.99931607900703056657 @ 49718 13202 1
-2.81091310787534665039 3.12924007280437299627 = 199.99871912161938780628 @ 49327 13107 1
-2.81091310787534665039 3.12924006972512547264 = 199.99871912108361016180 @ 49840 13232 1
-2.81094421448858033941 3.12924006912465335617 = 199.99870726380675023393 @ 49894 13246 1
2.99346530709978342344 2.00455529227821571681 = 199.99866507746153843073 @ 49203 13075 1
2.99341081622216353963 2.00532012921472357903 = 199.99861563704388345286 @ 43130 11596 1
-3.78561378463044784226 -3.28642792816736806216 = 199.99779990650020522480 @ 44704 11984 1
-2.80368143043507567214 3.13902051929660297347 = 199.99752298490170687728 @ 49621 13178 1
-3.77299578850207639746 -3.28397336111982873774 = 199.99751815282482425573 @ 47957 12772 1
-2.80252534949658516084 3.13901870299422558475 = 199.99736117010564839802 @ 49684 13193 1
-2.80252534945570408453 3.13901870339668276344 = 199.99736116984655609485 @ 49750 13210 1
3.00656016791692248802 1.98693530683554953065 = 199.99723344726822915618 @ 49323 13106 1
3.00656016779406032313 1.98693530308926957773 = 199.99723344613772724188 @ 49728 13204 1
3.00654971674163595807 1.98687703282686745077 = 199.99721771692870220249 @ 49858 13237 1
3.58761642087523080491 -1.86129078046037466088 = 199.99719983584054716630 @ 48731 12960 1
3.58768477954668263408 -1.86129777083724401443 = 199.99718039305281536144 @ 49326 13107 1
2.99083474635796786600 2.01427183340289017721 = 199.99603265170065924394 @ 48643 12937 1
3.58265709519140207462 -1.83028209400034103105 = 199.99542932309657317091 @ 43051 11576 1
-2.79805863428651013791 3.12224761754466539898 = 199.99517308721436847918 @ 49529 13156 1
-2.79805646663273943631 3.12224728867337386617 = 199.99517188682631285701 @ 45677 12226 1
-3.77836303634567682863 -3.27198960346000866650 = 199.99473511941144465709 @ 49761 13213 1
-3.79306378600850191418 -3.28669599400905765307 = 199.98978560023925865607 @ 49820 13227 1
-3.79306378683589695555 -3.28669599400905765307 = 199.98978559899128981669 @ 49182 13070 1
-2.82317485320352368205 3.13033837523874991504 = 199.98928510910218392382 @ 46471 12417 1
3.00505321708127803859 1.97177606918918146839 = 199.98853667364579678178 @ 46526 12430 1
2.99083372294989313644 2.02953370941830746332 = 199.98729085755934420376 @ 47720 12713 1
2.99432339356065435609 2.02953313609638819059 = 199.98713653321991046141 @ 48053 12795 1
-2.78518453572343283042 3.12705101095124016197 = 199.98656903394817163644 @ 48423 12886 1
-2.78518425909693023712 3.12705100806295233085 = 199.98656868020611909742 @ 48653 12940 1
-2.78518425909693023712 3.12705100806274760572 = 199.98656868020603383229 @ 49895 13246 1
-3.77769451960374880173 -3.30263166479601411041 = 199.98218064763256052174 @ 47257 12602 1
-2.80946506901178372217 3.10958083326041334615 = 199.98040065370753382012 @ 49715 13201 1
-3.77150723360283635088 -3.26107719000776263840 = 199.97990809674672618712 @ 49746 13209 1
-3.77150723360082107405 -3.26107719000776263840 = 199.97990809674615775293 @ 48208 12833 1
-3.75956623324112815254 -3.27870124878427349202 = 199.97906554136201862093 @ 47461 12650 1
-3.75956507580168830529 -3.27870124878427349202 = 199.97906305093846413001 @ 45829 12263 1
-3.75950269084232857608 -3.28100014619776514380 = 199.97832011573976274121 @ 48013 12785 1
3.56288271978907111759 -1.84862483214231754225 = 199.97574413044884522606 @ 49332 13108 1
3.56288271978907111759 -1.84862483214231754225 = 199.97574413044884522606 @ 49975 13266 1
-2.78518301279211621946 3.15011758955392551229 = 199.97235824140793170045 @ 49905 13249 1
-2.78518301279194391284 3.15011758955392551229 = 199.97235824140773274848 @ 49472 13143 1
-2.78518301279194391284 3.15011759068597552158 = 199.97235823964817313936 @ 48259 12846 1
3.58221381988493847714 -1.80277886918849317155 = 199.97098281496602112384 @ 48519 12910 1
3.58221381988493847714 -1.80277886461803316109 = 199.97098280916702606191 @ 49483 13145 1
3.58221381988493847714 -1.80277886457708103052 = 199.97098280911507117708 @ 49436 13134 1
3.02011699923476673035 2.02080053092341227483 = 199.96909790802084216921 @ 47224 12594 1
3.58739867577564730539 -1.89449986908197232083 = 199.96820917800599204384 @ 48149 12818 1
3.58739867577564730539 -1.89449986908199963231 = 199.96820917800596362213 @ 49879 13242 1
3.58739867577564730539 -1.89450010722594508472 = 199.96820884749135416314 @ 48474 12899 1
3.58739867581247073858 -1.89450032179891159068 = 199.96820854968913749872 @ 49585 13170 1
-2.82530073003289095013 3.10893342853219944999 = 199.96612524137145783243 @ 48236 12840 1
-3.77225551597557462458 -3.30801298415737754510 = 199.96476361206413230320 @ 49519 13154 1
2.97512003405897340613 2.04574064827901080932 = 199.96375146840861702913 @ 48335 12865 1
2.97512003405874825290 2.04574064827901080932 = 199.96375146840838965545 @ 49874 13240 1
3.58679502586795573293 -1.89873146780839441305 = 199.96201396110240011694 @ 47417 12639 1
-2.84367887631518190261 3.13034043054681410112 = 199.95098267123469781836 @ 49500 13150 1
-2.84368747493232465473 3.13034043054681410112 = 199.95096069151279039033 @ 48581 12923 1
-2.80482971572095740598 3.09381081526118384417 = 199.94410405210251724384 @ 49570 13166 1
-2.80482971572095740598 3.09381065382251829732 = 199.94410357364500896438 @ 46474 12417 1
2.98264922156083178706 2.06231322473081979396 = 199.94268395321404341303 @ 49356 13114 1
-2.79429372539123788144 3.09381463721837324243 = 199.94082197274923373698 @ 49109 13053 1
-2.75708038579598202489 3.13034048942026643658 = 199.92632641968924644971 @ 49114 13054 1
-2.75707382886814844625 3.13033569769667030513 = 199.92630642271507213081 @ 49826 13229 1
-2.75707382886808538558 3.13033569769667030513 = 199.92630642271487317885 @ 49664 13188 1
2.94981033384781321516 2.02591779003368399614 = 199.92270148131123619351 @ 49439 13135 1
2.94981024435183103449 2.02591779003368399614 = 199.92270120303564340247 @ 49882 13243 1
2.94977187029385445882 2.02590468979118654147 = 199.92258042304629839236 @ 46342 12386 1
3.61747536947762871051 -1.89488551458644272074 = 199.92013463182354371384 @ 49301 13100 1
3.61748094852844959135 -1.89488551527600401769 = 199.92011686901292932816 @ 49371 13118 1
3.02137100015017345811 1.92342874936176455591 = 199.91941502006250175327 @ 49396 13124 1
3.02139949806751051398 1.92342874936176455591 = 199.91941294647665472439 @ 45219 12115 1
3.02162517781410855378 1.92342609845853140804 = 199.91938896546417936406 @ 49824 13228 1
3.02804622273652856990 1.92346525474501039987 = 199.91732635127303296940 @ 48304 12856 1
3.58406280330418525182 -1.92393172463462347466 = 199.91229573368130445488 @ 49375 13119 1
3.58404791151635260249 -1.92399074481652765378 = 199.91214845447967718428 @ 45724 12237 1
3.54631931725677551626 -1.80594230373935293876 = 199.91034022394615021767 @ 49537 13158 1
3.00524981529353363285 1.92271324752663952395 = 199.90914731346157395819 @ 46155 12343 1
-3.76309677654926977297 -3.32175094652458691158 = 199.90072166062472547310 @ 48721 12957 1
-3.77164280129815088216 -3.23096279607358249919 = 199.88939679154566420038 @ 46555 12435 1
-3.77164294384532361448 -3.23096279607358249919 = 199.88939670894512801169 @ 48879 12996 1
-3.77164300877216884800 -3.23096103368578013715 = 199.88938911737375292432 @ 48093 12804 1
-2.79583303856477538574 3.18451507611775408435 = 199.88076424444568601757 @ 49431 13132 1
-3.79184082066559957624 -3.33766631604496488706 = 199.87714234806566082625 @ 47321 12617 1
-3.79183883223358453307 -3.33766631604496488706 = 199.87714218133473309535 @ 47691 12706 1
-3.79183883223358453307 -3.33766631604497954200 = 199.87714218133467625194 @ 49903 13249 1
3.00063386660562114727 2.08386782025795724849 = 199.87456937669747958353 @ 48561 12919 1
3.00063387971958572820 2.08386782025795724849 = 199.87456935389806744752 @ 48780 12972 1
3.05185347015962271655 1.91520993960125607281 = 199.86908428159890149800 @ 49686 13194 1
3.05185347015962271655 1.91520993960109886523 = 199.86908428159861728091 @ 49899 13248 1
-3.78612707715574936529 -3.22994089524502658861 = 199.86397407596658126749 @ 48466 12897 1
-3.78613825899950029452 -3.22993243170729815716 = 199.86390796455231111395 @ 48828 12984 1
-3.76576638577236133543 -3.22478635315166162201 = 199.86374600338717755221 @ 48815 12980 1
3.54321222921240641668 -1.77654407573186667868 = 199.86022327038699586410 @ 49632 13180 1
3.54321222921240686077 -1.77654407573186667868 = 199.86022327038699586410 @ 49951 13261 1
3.57876809555624886272 -1.94227490259236157399 = 199.85851620993238952906 @ 48666 12943 1
3.57876808508589405733 -1.94227652088535207575 = 199.85851134558245689732 @ 48556 12917 1
-3.75552486160359100253 -3.22436286237561198220 = 199.85661737568477747118 @ 44524 11940 1
-3.79547649701817446655 -3.34233623611333063863 = 199.85481559667499595889 @ 46016 12309 1
3.61645273121390076199 -1.93426093630301743076 = 199.85109479310605706814 @ 49318 13105 1
3.06395587879177000445 1.92204876900892007718 = 199.84552384392961243975 @ 46907 12519 1
2.94977017695933430019 2.09954775445007602031 = 199.83220464489360779226 @ 49780 13217 1
2.94976843094495366771 2.09954771001341944370 = 199.83220190429966578449 @ 48575 12921 1
-2.84273397509721936771 3.07355023440334118590 = 199.81923786625756633839 @ 46627 12453 1
-2.84273397520839354868 3.07355023440334118590 = 199.81923786597397452169 @ 49573 13167 1
-2.73541326591960487491 3.10375920978302533015 = 199.81838397126176687379 @ 46874 12511 1
-2.73541352308529450710 3.10375739885290791165 = 199.81838128897820183738 @ 48848 12988 1
-2.73541326591960487491 3.10375778534207258375 = 199.81838098699745387421 @ 47392 12633 1
3.52523554293508967206 -1.85480130098098872082 = 199.81604171845543760355 @ 49867 13239 1
-3.73142892263014713805 -3.22664189614759733260 = 199.80560737575333973837 @ 48414 12884 1
-3.73143001667072704564 -3.22663789412986012906 = 199.80559750956675202360 @ 47752 12719 1
-3.72011600736148118074 -3.28384154510939163529 = 199.79831785413364286796 @ 48823 12982 1
-3.72011600736148118074 -3.28384154846033560204 = 199.79831784835914731957 @ 49657 13186 1
-3.72011494041752399653 -3.28393148692492120588 = 199.79815530778793686295 @ 49776 13216 1
-2.72910612205436642341 3.15248790734163097937 = 199.79669435910105335097 @ 48916 13004 1
-2.72910611269814085134 3.15248790734163097937 = 199.79669431438605897711 @ 48788 12974 1
3.01892606418664888324 1.87718096255636046621 = 199.79082890948745898640 @ 49469 13142 1
3.01892606321546441706 1.87649950870071879905 = 199.78847043089029966723 @ 47204 12589 1
3.01891859308282217711 1.87648939580212625877 = 199.78842759337985057755 @ 49822 13228 1
3.08237221545089878916 1.96251073205927650811 = 199.78076096013523965667 @ 48985 13020 1
3.07179967973531908854 1.89581949485899614594 = 199.77832489235993307375 @ 49374 13119 1
3.57330275209440939577 -1.71830459468997087669 = 199.77268516605806780717 @ 49896 13246 1
3.57330275211080339304 -1.71830459362466414497 = 199.77268516248332730356 @ 49493 13149 1
3.57330275209430814343 -1.71830459342815267121 = 199.77268516181939617127 @ 49659 13187 1
3.57330275209430814343 -1.71830459321490214286 = 199.77268516110305540678 @ 46454 12413 1
3.58304993643193814279 -1.71834117718437529021 = 199.77009116733916016528 @ 49778 13217 1
3.58304993647827885184 -1.71829416902608289597 = 199.76992986564110310610 @ 47358 12624 1
-3.84285042933483778071 -3.28766890372229081407 = 199.76860098110898888990 @ 46900 12517 1
-3.84285042933483778071 -3.28766597952044525854 = 199.76859686379575009596 @ 46453 12413 1
-3.75845455546925455437 -3.20510887776441899533 = 199.75780349953953418662 @ 49406 13126 1
-2.86845089545169917855 3.18676446352351794289 = 199.74558302428417277952 @ 48328 12863 1
-2.74075730238999959454 3.07400235334616533933 = 199.74356300795861329789 @ 48548 12915 1
2.99545624921260422724 2.12299169889101158049 = 199.73827546288413259390 @ 47852 12745 1
2.99545624921260422724 2.12299204508142036474 = 199.73827391917106410801 @ 47301 12612 1
2.99545624921260422724 2.12308047816910194783 = 199.73787942596067068735 @ 47979 12778 1
3.65732425841442321257 -1.86503227245669456202 = 199.72048454498857950057 @ 47839 12741 1
3.65732425841442321257 -1.86503227245131397716 = 199.72048454498855107886 @ 49809 13224 1
-3.83224684400157222797 -3.35339153729675754079 = 199.71873546239800134572 @ 46525 12429 1
-3.83225500394994300635 -3.35339153729675754079 = 199.71870057989028168777 @ 45058 12075 1
-3.83225500403892604950 -3.35339153729675754079 = 199.71870057950982868533 @ 49376 13119 1
3.07677227612169446047 1.87441722067075922098 = 199.71583055604276069062 @ 49947 13259 1
3.05051852275518609048 2.08027463509566201694 = 199.70812176258064596368 @ 47996 12781 1
-3.81482209773640068562 -3.21977857362897301741 = 199.68848381357290122651 @ 49052 13036 1
-3.74049910823463438447 -3.34351094501569123807 = 199.68363067579113590000 @ 49173 13068 1
-3.74049910823463438447 -3.34351094501569123807 = 199.68363067579113590000 @ 49977 13267 1
-2.86930841983389095518 3.19873006998051323535 = 199.68221504244681341333 @ 47217 12592 1
-2.86931452747201021225 3.19872819002084929352 = 199.68219955505728080425 @ 49880 13242 1
3.05512825233748674947 1.84465872995039137372 = 199.67427057251049404840 @ 45030 12068 1
3.05512825233779405920 1.84465872995039137372 = 199.67427057251015298789 @ 49854 13236 1
2.89364385088858533379 2.07626069269122126570 = 199.65505745578241203475 @ 49614 13176 1
2.89364385088857156703 2.07626069269122126570 = 199.65505745578232676962 @ 49956 13262 1
2.89364385087673081642 2.07626080720699501825 = 199.65505738731448559520 @ 48290 12853 1
2.92484962498288192378 2.14034042894391651757 = 199.65108563808018971031 @ 49947 13260 1
2.93926369358497163731 2.14758610478244316155 = 199.65053945237022503534 @ 44344 11896 1
-2.90670943412559124042 3.15335931411867198548 = 199.63584531335536098595 @ 49581 13169 1
-2.90670943432497264070 3.15335931411867198548 = 199.63584531197383853396 @ 48410 12883 1
3.49932417592419531260 -1.79041602809207534008 = 199.61573956111612915265 @ 48532 12912 1
-2.90665681026966415956 3.10158022447406622746 = 199.61495561098223561203 @ 49891 13245 1
-2.90665681026967792633 3.10158022447406622746 = 199.61495561098215034690 @ 49319 13105 1
3.56256924089057980254 -2.00007536053206447235 = 199.58820428604576591169 @ 48875 12995 1
3.56256354309419753790 -2.00007535081194642856 = 199.58818572600705465447 @ 49168 13067 1
3.56256354309419753790 -2.00007537265363577461 = 199.58818561418803483321 @ 48595 12926 1
3.56265557373005581354 -2.00019405798679272834 = 199.58787799337076762640 @ 45461 12175 1
3.49214488504381925793 -1.82333661559835924493 = 199.57169005704358255571 @ 49970 13265 1
3.49214488504381925793 -1.82333661559835924493 = 199.57169005704358255571 @ 49978 13267 1
-2.78957652105420761401 3.02683531124063165407 = 199.56916676294943613357 @ 49509 13152 1
-2.78372491267747923516 3.02344597470875564582 = 199.53547034510287971898 @ 47498 12659 1
-2.78372491267747923516 3.02238535779108996593 = 199.52670585972524008866 @ 46107 12331 1
2.90294360641759219277 1.94949311128468694143 = 199.52340906534547571027 @ 49748 13209 1
2.90294360664237194314 1.94949311075496689583 = 199.52340906522059071904 @ 49605 13174 1
2.90882003350076079329 1.93597907737998076172 = 199.51888570816993251356 @ 49524 13155 1
3.57905751786338743869 -1.65173743427422770047 = 199.49522125779506609433 @ 49449 13137 1
3.57934902844471602990 -1.65173948156664218700 = 199.49497164162090712125 @ 49081 13042 1
-3.84294190889035558456 -3.38258936085903982871 = 199.49253878168599385390 @ 49502 13150 1
-3.84294190888906372905 -3.38258936405433896510 = 199.49253875826084936307 @ 49800 13222 1
3.51137769786472730971 -1.67478492872058382090 = 199.41349704725035962838 @ 47965 12774 1
3.51137716086680029548 -1.67478492872058382090 = 199.41349371070708684783 @ 47743 12717 1
-2.67068651831740044855 3.09939422827468558097 = 199.40596288189539109226 @ 49797 13221 1
-2.67068651831714198863 3.09939422827468558097 = 199.40596288189328788576 @ 48936 13009 1
-2.68366093192017851621 3.19166376040563726235 = 199.37933404591555586194 @ 48964 13016 1
-2.68366335749246465170 3.19169615218065771955 = 199.37918347503733684789 @ 48340 12866 1
3.03321466736122280494 2.16358971270085254091 = 199.35724322925486262648 @ 49009 13026 1
3.12988521258074881004 2.00760924529070550193 = 199.32819875325336056449 @ 49017 13028 1
3.12988521258074881004 2.00760926764296909752 = 199.32819868853226807914 @ 48937 13009 1
3.12988525413141305265 2.00760926764296909752 = 199.32819825707630911893 @ 48890 12998 1
3.07297864987193003472 1.77025730283486382177 = 199.32525413725954877009 @ 49651 13185 1
3.07297865006977533042 1.77025730283486382177 = 199.32525413705431560629 @ 49607 13174 1
-3.66979237828454118997 -3.21168327919563356687 = 199.32006495524186107104 @ 49549 13161 1
-3.66979157201271632971 -3.21168327919565621542 = 199.32005671829762150082 @ 49919 13253 1
-3.66977916339299259363 -3.21168339598463692397 = 199.31993030054107407523 @ 48478 12900 1
3.66647472202707103150 -2.00913208767658701959 = 199.31739604374996588376 @ 47820 12736 1
3.66647472202707103150 -2.00913208767658701959 = 199.31739604374996588376 @ 49989 13269 1
3.66647472214933545231 -2.00913208767658701959 = 199.31739604279999866776 @ 49574 13167 1
-3.66892728989833427633 -3.21166932703564089735 = 199.31114471778951724446 @ 49930 13255 1
-2.88360628169889121608 3.02031970444148445409 = 199.30789659091601606633 @ 47802 12731 1
-2.88360628169889121608 3.02031916028910218941 = 199.30789195137089109267 @ 47788 12727 1
-2.88365142349904424179 3.02031832758087714907 = 199.30764135735344666500 @ 46254 12366 1
3.01843301582871159638 1.77669228824309799464 = 199.30686104404219349817 @ 49741 13207 1
3.01843301582871159638 1.77669228824303582215 = 199.30686104404179559424 @ 49907 13250 1
-2.67804216203343736780 3.05481912351767048719 = 199.28225123981212618673 @ 49786 13219 1
-2.67804216202289691040 3.05481912351784901105 = 199.28225123973317067794 @ 49917 13252 1
-3.77588542409781569020 -3.15033601158901088723 = 199.26389845450856341813 @ 47388 12632 1
-2.95851280242604808279 3.15011860102999019517 = 199.18349794508290528938 @ 46463 12415 1
-3.89928588691779509645 -3.34822215837628833768 = 199.16999613857464623834 @ 49231 13082 1
-3.89930965710704757754 -3.34821408144690524367 = 199.16971330091769232240 @ 48975 13018 1
-3.68783769092088764552 -3.15676847337344934630 = 199.16794861122352244820 @ 49804 13223 1
-3.68783769091867297263 -3.15676847337344934630 = 199.16794861120854420733 @ 48851 12989 1
-3.68783377994124084154 -3.15677156974602413086 = 199.16794695674514059647 @ 49308 13102 1
2.98667036607582891961 2.21945154341568517964 = 199.14759388944844431535 @ 45279 12130 1
-3.89044349043712722747 -3.38424402518656597394 = 199.11894757738011207948 @ 49857 13236 1
-3.89044349043973847202 -3.38424402518656597394 = 199.11894757735251459962 @ 48077 12801 1
-3.74044459498808867792 -3.12934459456511460118 = 199.08280538534523884664 @ 48398 12880 1
-3.74044433040285406733 -3.12934458936011905550 = 199.08280527855325203745 @ 49291 13098 1
-3.74044432736145493479 -3.12934458936011905550 = 199.08280527801881021333 @ 49588 13170 1
-2.62564544724642434659 3.12858608917374336755 = 199.01831390622004391844 @ 49743 13208 1
-2.62564535539348797855 3.12858637727819122176 = 199.01831291113438737739 @ 47653 12697 1
3.50115175575443426936 -2.03065717983885640763 = 199.01282368594260674399 @ 49888 13244 1
-2.80482044842974742593 2.97051421357607248197 = 199.01150650640579442552 @ 49523 13155 1
-2.80482044857999390786 2.97051421357607248197 = 199.01150650638493289080 @ 48524 12911 1
-2.80483103781990861236 2.97051421357607248197 = 199.01150503133357005936 @ 47412 12638 1
2.81680504742364767878 2.07626174495481663484 = 199.00489227840176909012 @ 47248 12599 1
-2.70475695141911165464 2.99276806016960073009 = 198.96214957837864290013 @ 47634 12692 1
3.55958050392557323605 -2.09168220072628185946 = 198.94900902915065898924 @ 49398 13124 1
3.55958043240652166617 -2.09168232820521415860 = 198.94900762976610053556 @ 48320 12861 1
-2.80848422000814812449 3.29152986042550121937 = 198.91588946035440699234 @ 46951 12529 1
-2.80848422000814812449 3.29152986290449112161 = 198.91588942598937705952 @ 49123 13056 1
2.81323790326860745381 2.16652712922065537882 = 198.89800722304718760824 @ 49334 13109 1
2.81323790309198873416 2.16652712922065537882 = 198.89800722139946742573 @ 49215 13079 1
2.81323790309198873416 2.16652712978882444617 = 198.89800721994720333896 @ 47835 12740 1
3.66181056062652077188 -2.08369347034550544961 = 198.88707799169895906743 @ 49382 13121 1
3.44496004515467824092 -1.92994033126157948921 = 198.84297684545288120717 @ 47673 12702 1
-2.82317485320352368205 3.29734567707084469390 = 198.82729793291485975715 @ 46776 12488 1
3.62122380621965556102 -2.11265672354595146487 = 198.82376776832305154130 @ 48106 12807 1
3.62122380621965556102 -2.11265672356370792784 = 198.82376776816030883310 @ 49762 13213 1
-2.80842062863390040661 3.29804224334807738472 = 198.82363702745882960699 @ 49350 13113 1
-2.62406681237920125227 3.04967439996688050030 = 198.76194258795453606581 @ 49844 13233 1
-2.89087289064645913683 3.28768403942770515158 = 198.74148215137549300380 @ 46219 12358 1
-2.96967653583333301981 3.03935268525217106017 = 198.72742592451157861433 @ 37041 9855 1
-2.96967654459463670236 3.03935268525217106017 = 198.72742582235574104743 @ 49156 13064 1
3.62158666795552708351 -2.12485618085307947922 = 198.70805900802946553085 @ 49855 13236 1
3.62158666795660266757 -2.12485618085307947922 = 198.70805900802713495068 @ 49007 13025 1
3.54381146898134957723 -1.51588978993343270751 = 198.65659416896195921254 @ 49485 13147 1
3.54380587447756179031 -1.51588978934716989144 = 198.65658459037973671002 @ 43156 11603 1
3.57978054179693927495 -1.51559880227558463339 = 198.64892874883213380599 @ 47806 12732 1
-2.63642575568095560712 3.24213390405942414318 = 198.58291233216496607383 @ 48464 12897 1
3.19957303912971724458 1.75027546541938328062 = 198.48164452554343029078 @ 49595 13172 1
3.15957289141411790112 1.67086776499494482628 = 198.47296586464469214661 @ 49625 13179 1
3.15957289150773545927 1.67086776499494482628 = 198.47296586406753249321 @ 48578 12922 1
3.15957304607092659410 1.67086776635404832270 = 198.47296491889204617109 @ 49920 13253 1
3.20177705867542350404 1.75027487292687045084 = 198.45682141205929838179 @ 49261 13090 1
3.21047247007459279899 1.93793481869226602576 = 198.44865326530788252057 @ 49670 13190 1
2.95766253393313194309 2.29960404856902034254 = 198.44563534079983924130 @ 47311 12614 1
-3.77565018980683175798 -3.46504808691860111125 = 198.44096935696975947394 @ 47942 12768 1
-3.77565018980683175798 -3.46504813330856542564 = 198.44096854608932289921 @ 48924 13006 1
-3.77565010164731429398 -3.46504896963712916147 = 198.44095343132909192718 @ 49061 13038 1
-3.60417942784004452506 -3.23060233178129552201 = 198.43315841422867151778 @ 48982 13020 1
-3.60417940744151543697 -3.23060233662481666173 = 198.43315805471371504609 @ 48308 12857 1
-3.60417506322692782206 -3.23096279607358249919 = 198.43296166165129079673 @ 49902 13249 1
3.50574418663340781066 -1.50271114482490886211 = 198.42687662698187978094 @ 49133 13059 1
2.91680254634241231670 2.31068336377123051406 = 198.38934175962617700861 @ 48852 12989 1
2.91680254634241231670 2.31068336377123051406 = 198.38934175962617700861 @ 49995 13271 1
2.91725187067970104238 2.31081432893026272879 = 198.38768338155037440629 @ 47714 12711 1
-3.64573339906009730171 -3.36557659217773430527 = 198.38181618493049995777 @ 49018 13028 1
-2.67927109553518727481 3.29191184900297706406 = 198.37992585961796976335 @ 49509 13152 1
3.66819795757460020980 -2.13876470630858017685 = 198.35572993962995269612 @ 49887 13244 1
3.66819795757460020980 -2.13876470630946213802 = 198.35572993962111354449 @ 48656 12941 1
3.12890586390874725353 2.17330295181869415089 = 198.34578509684121172540 @ 49616 13177 1
3.66907927958671864488 -2.13959544918994204465 = 198.34108400299305685621 @ 49866 13239 1
-3.78825799338378654824 -3.47525125053669059483 = 198.32272342476534277012 @ 47887 12754 1
3.72422641450488978165 -1.65304860559551158872 = 198.22429375320365352309 @ 49387 13122 1
3.19073256155491336017 2.06868387676654297280 = 198.21777987070964854865 @ 49652 13185 1
-3.61466698547378317841 -3.12790602675087248130 = 198.18162137456528171242 @ 49640 13182 1
-3.61466698547378317841 -3.12790305084406172753 = 198.18159675940771080604 @ 49717 13201 1
-3.61466698547378317841 -3.12790227599326131624 = 198.18159035013195534702 @ 49100 13050 1
3.55947008812532361688 -1.45125482489634549665 = 198.17163114522767841663 @ 49577 13168 1
-3.03409127779111065237 3.12054138097254485373 = 198.15325633140687955347 @ 49421 13130 1
-3.03409127873151707178 3.12054138097254485373 = 198.15325631571292319677 @ 47017 12545 1
-3.03109423833587321440 3.17667054304086748928 = 198.13533365293793053752 @ 49719 13202 1
-3.03111331111360549073 3.17660484309133073211 = 198.13524975066454203443 @ 47696 12707 1
-2.78699835196775236312 2.90450837726506438941 = 198.06758934445866771057 @ 49464 13141 1
2.75215700105186567015 2.23166227413921092193 = 198.03791923380654793618 @ 49278 13094 1
2.75215700041050004288 2.23166227413921092193 = 198.03791922631603483751 @ 49082 13042 1
2.75215700041050004288 2.23167794866292856781 = 198.03785416221896298339 @ 47998 12782 1
-2.57830789528177017900 3.02227105820326835683 = 198.03364667587248959535 @ 49612 13176 1
3.56525034994339096173 -2.18382752988480888234 = 197.99594562879059367333 @ 48374 12874 1
3.56523642045443001081 -2.18382886875220671996 = 197.99587199611761434426 @ 49727 13204 1
3.56523069684179194638 -2.18382752988480888234 = 197.99586553955427348228 @ 48084 12803 1
3.52506204597233985254 -1.42553844364906456832 = 197.91839108044842987510 @ 49849 13234 1
3.52506204597187267069 -1.42553844364906456832 = 197.91839108044709405476 @ 47968 12775 1
2.81063608150923016638 2.32531052128763260356 = 197.91654712570539231820 @ 49859 13237 1
2.81063605226667601045 2.32531052128877302465 = 197.91654694211760556755 @ 48917 13004 1
2.72895421763248169356 2.23222690311381111172 = 197.74941658540404887390 @ 49853 13235 1
3.12966914746322499852 1.55083845387626473311 = 197.73361231538018500942 @ 49105 13052 1
3.12991436601520112148 1.55083917200109699941 = 197.73327335476940902481 @ 49685 13193 1
3.12991436605891548695 1.55083917200109699941 = 197.73327335470750654167 @ 48829 12984 1
3.12991448095802970997 1.55083845387626473311 = 197.73326716438893413397 @ 45497 12184 1
-3.98304569835660737809 -3.31255016209066255328 = 197.59087552559208234015 @ 48860 12991 1
-3.98304569835660737809 -3.31255016161258586394 = 197.59087552404434973141 @ 49604 13173 1
-3.98304569836952548911 -3.31255016161258586394 = 197.59087552372466234374 @ 49716 13201 1
-3.71052083205764837714 -3.02869023234243961440 = 197.56794287043797453407 @ 48678 12947 1
-3.71052083189435188970 -3.02869023234243961440 = 197.56794287030820100881 @ 49363 13116 1
-3.71048338845845382394 -3.02866080255828507006 = 197.56738019362504132914 @ 49843 13233 1
-3.98336302517061380257 -3.38862157376923134322 = 197.56446853848228784045 @ 49423 13130 1
2.88269756230267004682 2.37913294197297320309 = 197.52256774978130238196 @ 43913 11788 1
-3.05201400083557317089 3.03861389731249431634 = 197.49780108475300721693 @ 49842 13232 1
-3.05201400083607987668 3.03861389731249431634 = 197.49780108474382700479 @ 48830 12984 1
-2.51209331754794407132 3.12238406218341246756 = 197.48824269808039844065 @ 49592 13171 1
-2.51209287517943868906 3.12238406214733066335 = 197.48823552275968040703 @ 49409 13127 1
-2.51209331754794407132 3.12130590030941856838 = 197.48801062699305930437 @ 47039 12550 1
-3.05633169051652275883 3.22206876888811866166 = 197.45042297248372165086 @ 49687 13194 1
-3.05633180028915774074 3.22206876893013172136 = 197.45042094574722568723 @ 48793 12975 1
-3.05633180028915774074 3.22206876893013438590 = 197.45042094574722568723 @ 49961 13263 1
3.00110342088494830293 2.35921848477837059477 = 197.41062404070873981254 @ 49812 13225 1
3.00112357702094811884 2.35921866073597641389 = 197.41046960493727624453 @ 48919 13004 1
-2.80620213008949459521 3.37656644381364001717 = 197.39280855961243332786 @ 49313 13103 1
2.75115557854027459328 2.33075058647440247483 = 197.38833679963249778666 @ 48371 12874 1
2.75115557854027459328 2.33075060632442410125 = 197.38833662428751836160 @ 48760 12967 1
3.34977343248784320551 -1.79283628265735828222 = 197.33920910856809882716 @ 49253 13088 1
3.34977343248784320551 -1.79302467695786282853 = 197.33920539678405248196 @ 49201 13075 1
3.34969934465763730103 -1.79302490248302204279 = 197.33758007575093529340 @ 49714 13201 1
3.67686096559525665839 -2.22056617652385401840 = 197.32581337902178120203 @ 49908 13250 1
-2.76522340358707197083 2.86417352628696741945 = 197.32150965689092458888 @ 48668 12944 1
-3.83212953195027639097 -3.53313081321259803147 = 197.25145250945416819377 @ 49660 13187 1
-3.83212953164869185585 -3.53313081321259803147 = 197.25145250916145300835 @ 49569 13166 1
-3.83216389545863833632 -3.53313324973210329816 = 197.25142968532387044434 @ 49277 13094 1
3.40600732972806152787 -2.08746604995953166650 = 197.20711394808563454717 @ 47832 12739 1
3.40600732972794473241 -2.08746604995953166650 = 197.20711394808344607554 @ 49927 13254 1
3.40600720050183980447 -2.08746629580090470313 = 197.20710922993242775192 @ 49400 13125 1
3.35344986644516263041 -1.94865742817229481432 = 197.07696877390230838500 @ 48092 12804 1
3.35344986644516263041 -1.94865742817275666710 = 197.07696877390020517851 @ 49753 13211 1
3.59535989333212757657 -2.25867296449225651855 = 197.01005105856910404327 @ 47370 12628 1
-3.92043879115237947630 -3.53380055585377528260 = 196.84458447866290953243 @ 46715 12474 1
-3.92044283850054942064 -3.53380055585377528260 = 196.84454410144613234479 @ 47198 12587 1
-2.88743861685159242114 2.84744620806832227089 = 196.79928812055567277639 @ 45909 12283 1
-2.56371470532424083899 3.31373868651357206261 = 196.75151982329293787188 @ 49558 13163 1
-2.56371239024916075522 3.31373868651357206261 = 196.75148682315477799420 @ 48626 12933 1
-2.56198468297182557762 3.31373879760725875698 = 196.72678259378500342791 @ 49227 13081 1
3.78295152089762209968 -2.14612831168082784927 = 196.71490491867541550164 @ 47539 12670 1
3.49729570350290686065 -1.26935504911015883955 = 196.42098175872425258603 @ 46771 12487 1
3.49725776342519534268 -1.26935504911015883955 = 196.42081784807999156328 @ 48152 12819 1
3.49729570350290686065 -1.26890431621691712749 = 196.41668684213072992861 @ 49139 13060 1
3.49733246839395972572 -1.26757052461795471920 = 196.40412691073186124413 @ 49870 13239 1
3.31667441818299391088 -1.64279484198803849004 = 196.33296654338221287617 @ 49616 13177 1
3.18862342741595705675 1.40327979180699791151 = 196.28078061652087171751 @ 49090 13044 1
3.18862342742385029837 1.40327979180699791151 = 196.28078061649250685150 @ 49722 13203 1
-2.47446960531170567776 3.00152696552050013423 = 196.26609106007629179658 @ 48733 12960 1
2.73139943751323199805 2.41728369514235952309 = 196.26117301915147095315 @ 48448 12892 1
3.07990659184298287698 1.39899871341652404233 = 196.13377359591783033466 @ 49575 13167 1
2.64324179000794057259 2.31196135222220755523 = 196.12859065901594135539 @ 49031 13031 1
2.64324108191413209568 2.31196137765775455719 = 196.12857917569579058181 @ 47143 12573 1
2.64324108237449406644 2.31724254757334113819 = 196.09759511795652997534 @ 49330 13108 1
3.61882899560716975174 -1.26042323735839234544 = 196.08886809860683797524 @ 48921 13005 1
-3.50803866062630609335 -3.11566780554801159298 = 196.08527079945980631237 @ 49146 13062 1
-3.50803673729912457446 -3.11490133704729776909 = 196.08032819597619322849 @ 49085 13043 1
3.37879164587778735296 -1.34627138376560817612 = 195.86340963614304655493 @ 49708 13199 1
-2.76925423982512297627 2.79314119233142310605 = 195.83894463917098960337 @ 49841 13232 1
3.30664881036575586393 -1.56621447846340999810 = 195.79723335294625030656 @ 49354 13114 1
2.85108839866029128984 2.48780296602755290891 = 195.69030569461861546188 @ 49677 13191 1
2.85108839866029128984 2.48780296608281714654 = 195.69030569353898840745 @ 49302 13100 1
2.85109629604276459958 2.48780771913690790242 = 195.69021514810413009400 @ 49689 13194 1
3.34031940761612089474 -2.09809052330659495667 = 195.68400145513615484560 @ 49862 13238 1
2.85207769257141396935 2.49396612279722784677 = 195.56889408874059199661 @ 49381 13120 1
2.85207769257141396935 2.49396612279722784677 = 195.56889408874059199661 @ 49987 13269 1
2.85207769257141396935 2.49396612279722784677 = 195.56889408874059199661 @ 49999 13272 1
3.61599524697271901275 -2.34367737848106116871 = 195.48092169252709027205 @ 49760 13212 1
3.61599524697271901275 -2.34367737862991454278 = 195.48092168950444147413 @ 49152 13063 1
-3.73125010030290837904 -2.93308317495097448102 = 195.47033538268078700639 @ 49885 13243 1
-3.73125010030309756104 -2.93308317495097448102 = 195.47033538268001962024 @ 48539 12913 1
2.60674097918663871809 2.07626133171425220070 = 195.46210175816534615478 @ 48265 12847 1
-3.02275713078436014669 2.85227317534229918294 = 195.45933663537360303053 @ 48988 13021 1
-3.02275764156725434972 2.85225780194292255487 = 195.45902798418222801047 @ 49275 13093 1
3.22726876319653488423 2.26088192237336471635 = 195.39800101966605438975 @ 49959 13263 1
-3.76498344693352260393 -2.93309027399184651941 = 195.26733892807365577937 @ 49589 13171 1
3.53408511030511585105 -1.13247043590367546528 = 195.10499854875709502267 @ 49856 13236 1
-3.58514471277650548231 -2.94134858272661237066 = 195.07720880511200789442 @ 48415 12884 1
3.13549940158549400593 1.28290741756858261979 = 195.06453967872320731658 @ 49418 13129 1
3.27121982648313247566 -1.59387078806938609077 = 195.00439248676147485639 @ 49931 13256 1
-2.94251217106175078086 3.44840922404140037827 = 194.97636672009366520797 @ 47049 12552 1
-2.94251217106175078086 3.44840922404150207470 = 194.97636672009070935019 @ 49897 13247 1
-2.94251217106175078086 3.44840922404153893410 = 194.97636672008962932523 @ 49900 13248 1
-2.47636771025812718605 2.89217311940972132689 = 194.86179479877600329019 @ 46931 12524 1
-3.75737402674205345221 -3.60232543052170761655 = 194.83966975129030174685 @ 49729 13205 1
-3.75737402674205345221 -3.60232543052173159737 = 194.83966975128950593898 @ 49934 13256 1
3.63326119699458960355 -2.37510676848521695703 = 194.79667767434105485336 @ 49860 13237 1
-3.99630401299835735784 -3.57979212636710375506 = 194.75874865645491240684 @ 49164 13066 1
3.49570895390439151384 -2.35206308673089958816 = 194.60597252978274696034 @ 48791 12975 1
3.49553387397190817865 -2.35207379690732309996 = 194.60368109548502957296 @ 49682 13193 1
3.49553387395027392870 -2.35207379690732309996 = 194.60368109522991630911 @ 48669 12945 1
-4.07150784179191660428 -3.27287446419886585147 = 194.56073748483285612565 @ 49877 13241 1
-4.07150784179191660428 -3.27287446419848659929 = 194.56073748482936025539 @ 49104 13051 1
-3.19209440452225079454 3.15027768810829211787 = 194.45385537101341810740 @ 47189 12585 1
-3.44079492297749389706 -3.21090247814203211263 = 194.35727441990397323934 @ 48334 12864 1
3.38987538683710987186 1.53321889738242478352 = 194.31550612175962555739 @ 49734 13206 1
3.38987538683710987186 1.53321889737550032251 = 194.31550612173418812745 @ 49538 13158 1
3.38987538683710987186 1.53321889735544614197 = 194.31550612166049063489 @ 49539 13158 1
3.40300584566615116344 1.68265199248974628432 = 194.29211447793346678736 @ 49862 13238 1
3.40300584566615116344 1.68265195336989092922 = 194.29211445339487340789 @ 49906 13250 1
3.21087649506375738540 1.20087460638398590973 = 194.23076493818959420423 @ 48755 12966 1
3.42177777887775391719 -1.09283112608815380362 = 194.16915700363045971244 @ 49662 13188 1
3.07664587969777958421 2.47911954544217216778 = 194.16691718398524812983 @ 48880 12996 1
3.62413372136598521678 -2.40734437689521785231 = 194.07177830871012247371 @ 49694 13196 1
-3.44108075875620933459 -3.02312634613726771704 = 193.54383354455575272368 @ 49395 13123 1
-3.44108075875620933459 -3.02311652993574586645 = 193.54372185541603812453 @ 49798 13221 1
-3.44108075875620933459 -3.02311652991708790239 = 193.54372185520375637680 @ 49733 13206 1
-3.44108075875620933459 -3.02311652991680368530 = 193.54372185520048788021 @ 48972 13017 1
2.51568098039242027397 2.35170703720491891531 = 193.52471119142006727998 @ 49176 13069 1
2.51568103859215863594 2.35173433456532388064 = 193.52457040285580092132 @ 48497 12904 1
2.51568097679062496752 2.35173433456532388064 = 193.52456908963674209190 @ 49115 13054 1
2.65246970056779973746 2.54606875171994762042 = 193.43037291703382152264 @ 47449 12648 1
-2.68376498122910112087 2.70429007515120023442 = 193.18544826658327906443 @ 49628 13179 1
-2.68372310938722513640 2.70418534141677824323 = 193.18224045438475400260 @ 49470 13142 1
-2.68365655792378143829 2.70418534354453887758 = 193.18177481026111763640 @ 49353 13113 1
3.22551934446897003994 1.09864961374721548104 = 193.15557058760583686308 @ 49781 13218 1
-2.27315262356044689440 3.11540816279040333470 = 192.42874970543775248188 @ 49836 13231 1
-2.27315262331611656066 3.11540816278909993287 = 192.42874969918938177216 @ 49516 13154 1
-2.27290945961768819927 3.11556257980755546555 = 192.42253590601339396926 @ 49238 13084 1
-2.27290943982541415735 3.11556258274099162620 = 192.42253539978366916330 @ 49213 13078 1
-4.02026832514182430600 -3.65269057992814838443 = 192.32917474750360042890 @ 48365 12872 1
-4.02026876955658618584 -3.65269059194060963236 = 192.32916564948982340866 @ 49796 13221 1
-2.68462980122188010768 2.66917662774873454268 = 192.18330926213135967373 @ 48987 13021 1
2.71683622641996347369 2.63041334368193835402 = 192.07506538900256032321 @ 49913 13252 1
-3.73125010030309756104 -2.81384328950866535735 = 192.07226784205437297715 @ 46989 12538 1
-3.73125010030309756104 -2.81384328927199156567 = 192.07226783450821017141 @ 49531 13157 1
3.29252800599417350114 0.99392459753629103236 = 191.90718648625815490050 @ 49773 13215 1
3.29252916536479522946 0.99392459753629103236 = 191.90718004767407478539 @ 49606 13174 1
3.29346479281043036380 0.99392599065022368965 = 191.90195638244094311631 @ 49641 13183 1
3.29346479281043036380 0.99392446064135975270 = 191.90194241826486631908 @ 48925 13006 1
2.57161923132841385709 2.57352273996288394287 = 191.89567969639742273102 @ 49520 13155 1
2.57161765389557750439 2.57352274671212555290 = 191.89565706989247928504 @ 48232 12839 1
-3.43743687983223011884 -2.90292436101761186507 = 191.60265341185703391602 @ 49428 13132 1
-3.43743687983420453946 -2.90292435881806998310 = 191.60265336973827743350 @ 49952 13261 1
3.74858243223754072915 -2.47471268987508929982 = 191.41399359896706755535 @ 49756 13211 1
3.46064608946240204190 -0.77606781642542432831 = 191.33360280410735754231 @ 48300 12855 1
3.46064608946240204190 -0.77606554307073860599 = 191.33358116751841748737 @ 49620 13178 1
-2.36249854520396684876 2.81989274861872951661 = 191.25663320728179428443 @ 49565 13165 1
2.84579007606566669608 2.66664319028585072857 = 191.20232801817527956700 @ 49702 13197 1
2.43940528402419554155 2.45011167660795114998 = 191.16354114011571141418 @ 49561 13164 1
2.43940528402419554155 2.45011167692602160884 = 191.16354113727271624157 @ 49443 13135 1
-3.42726866174123712128 -2.89178047576771568572 = 191.13265169795238307415 @ 48452 12893 1
-4.14330619286398516010 -3.23291944773744921449 = 190.91302739030945190279 @ 49304 13101 1
-3.06062056604610033261 2.69021294660508880625 = 190.91001291323362920593 @ 48783 12973 1
-3.06062056604610033261 2.69021294660508880625 = 190.91001291323362920593 @ 49982 13268 1
2.92795359859538795178 1.15443123291242066841 = 190.87638959642475811052 @ 49387 13122 1
-4.12980505565715994010 -3.61112442548312539969 = 190.37637183950650410225 @ 49390 13122 1
-4.12980505565715994010 -3.61112442548312539969 = 190.37637183950650410225 @ 49976 13266 1
2.57607551448135518868 1.68363085412814328379 = 190.29059457295065271865 @ 49847 13234 1
2.57607551448127480853 1.68363085412814328379 = 190.29059457294818002993 @ 49807 13224 1
2.57607551424950642627 1.68363085412771540383 = 190.29059456580372966528 @ 49088 13043 1
-3.32055863660623629130 -3.12984069681325749457 = 190.09158988570891324343 @ 48600 12927 1
-3.32055863660623629130 -3.12984069681301102506 = 190.09158988570882797831 @ 49910 13251 1
-2.34295548275672560479 2.78438192557409713856 = 190.03930580044490739056 @ 49918 13253 1
3.74527897390075947825 -0.93810461228506358822 = 189.99692857938876500157 @ 49938 13257 1
-2.79805646656971074293 2.58604364393717833792 = 189.98316216432499459188 @ 49898 13247 1
-2.79805646656971074293 2.58604364393715346893 = 189.98316216432417036231 @ 49655 13186 1
-2.79805646663273943631 2.58604364379434636945 = 189.98316215958277553000 @ 48672 12945 1
3.28152100704077653859 0.76360016639273475825 = 189.88630282684701455764 @ 49875 13241 1
3.28152967333957601426 0.76360022750888578713 = 189.88629717304922905896 @ 49160 13065 1
-3.58821195274350879245 -2.74092326477720371614 = 189.79161809770570812361 @ 49928 13255 1
3.27629922129410866560 0.75124790283382525402 = 189.78305248349070666336 @ 49599 13173 1
2.49135197722356815930 2.62344536270430728209 = 189.65730552997646896074 @ 49844 13233 1
2.49135197722356815930 2.62344536270430728209 = 189.65730552997646896074 @ 49994 13270 1
3.31907344653340574681 2.42214730459950144947 = 189.27619360821032046260 @ 49247 13086 1
-3.28368510060456708644 -3.13735507557929205191 = 188.55133067826884030183 @ 48743 12963 1
-3.59594032477329061948 -2.70073004549910944405 = 188.50399963394977476128 @ 48551 12916 1
-3.77769426880734959795 -2.71981998383689393961 = 188.26998016377731914872 @ 49935 13256 1
-3.02140296896290960760 2.57799991823706919902 = 188.10754558827363780438 @ 49959 13263 1
3.48720734113603247906 0.74393898183709039618 = 187.61493664681509585535 @ 49736 13206 1
3.46320140162326595146 -2.59936748417228269403 = 187.05419936476616271648 @ 48618 12932 1
3.46316217163311623750 -2.59936748417228269403 = 187.05357937072534468825 @ 48354 12869 1
3.46316188263498458966 -2.59936748417228269403 = 187.05357480285206861481 @ 47659 12698 1
2.59063872557454333290 1.47050120558856423081 = 187.00941721713749643641 @ 49913 13251 1
-2.47733559118622315154 2.58520327808275274251 = 187.00574599094437644453 @ 48054 12795 1
-3.40213673098670765782 -2.72027442042134293132 = 186.38233160531387966330 @ 48983 13020 1
-3.40213673098670987827 -2.72027441088934551772 = 186.38233133483177539347 @ 49955 13262 1
-3.40213673098670765782 -2.72027441088934551772 = 186.38233133483171855005 @ 49551 13161 1
3.22751058820739356037 -0.42475332447122648993 = 186.08108387821093288039 @ 49962 13264 1
3.22751058806177404392 -0.42475332447122648993 = 186.08108387526993965366 @ 49647 13184 1
-2.02577796353253303252 3.14783070583665747222 = 185.16975509509717312540 @ 49172 13068 1
-2.08651699961742975731 2.86511430362415442374 = 184.93127772311476064715 @ 49579 13168 1
-3.23027323643653874186 -3.33386884942138861376 = 184.01403277451029794065 @ 49154 13064 1
-3.19990095248412975693 -3.26512601546393854690 = 183.58060064470197403352 @ 49254 13089 1
-3.45332854012032797186 -2.59553252494257291616 = 183.39825240488309532338 @ 49564 13164 1
-3.45332854012032797186 -2.59553252478354012922 = 183.39825239927793631978 @ 48146 12817 1
-3.45332869224991334534 -2.59544158841591521281 = 183.39504951142438926581 @ 49174 13068 1
-3.23316438007363116114 -2.70472300832124101788 = 180.91597547443740268136 @ 49260 13089 1
