4.14125688038901884624 2.47701162569138677583 2.66981990564169313629 = -0.00000000016657671681 @ 399242 159790 1
4.14125687646628382055 2.47701163689389014522 2.66981967979256396006 = -0.00000000044753132241 @ 399355 159844 1
1.75774294887032644930 1.59573621738447446461 -4.30893136153434763713 = -0.00000000084804924450 @ 399645 159983 1
1.75774294887032644930 1.59573621738447446461 -4.30893136153434763713 = -0.00000000084804924450 @ 399963 160135 1
1.75774294887032644930 1.59573621737800763754 -4.30893136154145306449 = -0.00000000084804924855 @ 399222 159781 1
-1.56154296273399428863 4.40002034876662051488 3.28529519691201477016 = -0.00000000139831884007 @ 399635 159978 1
-1.56154296273399428863 4.40002034876662051488 3.28529519691201477016 = -0.00000000139831884007 @ 399922 160115 1
-1.56154295880485416426 4.40002034981611256370 3.28529519730858776683 = -0.00000000140420206726 @ 396010 158254 1
-1.56154295881506399724 4.40002034965565957947 3.28529519730858776683 = -0.00000000140420224817 @ 398191 159288 1
1.75774529247388699993 1.59573744037260967232 -4.30893119392155465874 = -0.00000000185421617422 @ 399467 159898 1
-3.39511197590341495811 -3.31730726893657656973 2.34683603798004680741 = -0.00000000186036100961 @ 397520 158969 1
-3.39511197590341495811 -3.31730726893661609367 2.34683603797837880833 = -0.00000000186036101041 @ 398978 159664 1
-3.39511197542832166008 -3.31730726915429396939 2.34683603812534968824 = -0.00000000186261250987 @ 398504 159438 1
-3.39511197470701331369 -3.31730726882584736614 2.34683603811783347837 = -0.00000000186486781347 @ 398666 159515 1
-1.56154505857133174551 4.40001995250640653978 3.28529276519640633936 = -0.00000000207206770514 @ 399438 159884 1
-1.56154505857133174551 4.40001995250640565160 3.28529276519640633936 = -0.00000000207206770515 @ 398340 159360 1
4.14125762345395731501 2.47701159666810521998 2.66981912444854962985 = -0.00000000288033364020 @ 399260 159799 1
4.14125762345436498890 2.47701159667082304594 2.66981912444854962985 = -0.00000000288033364191 @ 398110 159250 1
-3.39511067912087360909 -3.31730755704938973238 2.34683606399216326821 = -0.00000000950084796847 @ 398050 159221 1
1.75774428671361815368 1.59574233495700967822 -4.30893212564526528752 = -0.00000001604829992338 @ 399684 160002 1
1.75774428671361970800 1.59574233495700967822 -4.30893212564526528752 = -0.00000001604829992340 @ 395976 158238 1
1.75774002868151812962 1.59573813495671390505 -4.30892785217490192906 = -0.00000001800306368482 @ 398419 159397 1
1.75774002868913181707 1.59573823359558697454 -4.30892785217579898926 = -0.00000001818760647963 @ 398515 159443 1
1.75774002868913181707 1.59573823359558697454 -4.30892785217579898926 = -0.00000001818760647963 @ 399916 160113 1
-3.39511419675239967120 -3.31730407689648121305 2.34683593438357496197 = -0.00000001883780470558 @ 398374 159376 1
4.14125950893974970057 2.47701415570408078892 2.66982022276851438392 = -0.00000002267183172055 @ 399181 159761 1
4.14125957204019545799 2.47701415568136962264 2.66982008545352167417 = -0.00000002327603307755 @ 398752 159556 1
1.75774301026493695588 1.59572947261731123980 -4.30893093121215464691 = -0.00000003709462006589 @ 399704 160011 1
1.75774301026493695588 1.59572947261731123980 -4.30893093121215553509 = -0.00000003709462006596 @ 399502 159914 1
1.75774301031193447287 1.59572947256549801942 -4.30893093134166260683 = -0.00000003709485520733 @ 398824 159590 1
1.75773277003377281780 1.59573926300727553240 -4.30893223166939165480 = -0.00000008127372946392 @ 399373 159853 1
1.75773277003377281780 1.59574006051905992187 -4.30893223166899996812 = -0.00000008478973133570 @ 397285 158857 1
4.14125617870299844725 2.47701119718068740738 2.66982690523366672508 = -0.00000008729212417793 @ 399553 159939 1
4.14125617870300377632 2.47701119718073137221 2.66982690523367693913 = -0.00000008729212417920 @ 399401 159866 1
4.14125617870299844725 2.47701119718082996002 2.66982690523366672508 = -0.00000008729212418709 @ 399760 160038 1
4.14125617870229500994 2.47701119718073137221 2.66982690521005938677 = -0.00000008729212759655 @ 398701 159532 1
1.75774423214494390777 1.59574973032899602998 -4.30893212186888341364 = -0.00000009554694062999 @ 399592 159957 1
1.75774423214494390777 1.59574973032899602998 -4.30893212186888074910 = -0.00000009554694063015 @ 398683 159523 1
1.75774423214485242539 1.59574973153814525517 -4.30893212182606966110 = -0.00000009556504002686 @ 398876 159615 1
-1.56153586823755041735 4.40003409872461670460 3.28529355384467969259 = -0.00000010604050783901 @ 397865 159133 1
1.75773960228685033336 1.59572377893998607057 -4.30893101512621523597 = -0.00000011557773274072 @ 398418 159397 1
1.75773960239559756680 1.59572377893612626920 -4.30893101513376475253 = -0.00000011557773441756 @ 398535 159453 1
1.75773960239558491025 1.59572377893998607057 -4.30893101512840193124 = -0.00000011557773601940 @ 398879 159616 1
-3.39512072856780333652 -3.31730407594218146272 2.34683593438662052577 = -0.00000011698566867750 @ 399563 159944 1
-3.39512072856780333652 -3.31730407594733689436 2.34683593438661564079 = -0.00000011698566976958 @ 399357 159845 1
1.75775476541568975719 1.59573115407882482053 -4.30893369408125170850 = -0.00000012062627545891 @ 398542 159456 1
1.75775334955638729006 1.59574732910601180258 -4.30893501574915571695 = -0.00000012081315176376 @ 398473 159423 1
1.75775334955638729006 1.59574732910601180258 -4.30893501575458692798 = -0.00000012081315179301 @ 397552 158984 1
4.14125631377260816635 2.47701121982284844236 2.66982880941438338596 = -0.00000014178845983911 @ 398512 159442 1
-1.56154368465811588251 4.40002042838896034738 3.28531328821640666860 = -0.00000014196316051324 @ 398506 159439 1
-1.56154368505643925680 4.40002042512363367166 3.28531328940475475520 = -0.00000014198174045270 @ 399687 160003 1
-1.56152624452835775415 4.40002035688342729713 3.28529519730859176363 = -0.00000014976249083767 @ 399390 159861 1
1.75774392579901217459 1.59572958608028714345 -4.30891625009223577791 = -0.00000017318063769593 @ 399840 160076 1
1.75774392579901217459 1.59572958608028714345 -4.30891625009223577791 = -0.00000017318063769593 @ 399874 160093 1
1.75774392626035091958 1.59572958608028714345 -4.30891625009223577791 = -0.00000017318069506958 @ 398566 159467 1
1.75774392626035713683 1.59572958611005111251 -4.30891625009171619354 = -0.00000017318070301452 @ 399556 159940 1
-3.39511168031947896395 -3.31730727613327935899 2.34684680197079398312 = -0.00000019767237657549 @ 399347 159840 1
-3.39511168031947896395 -3.31730727613327935899 2.34684680197079442721 = -0.00000019767237657569 @ 399666 159993 1
-3.39511168032032051300 -3.31730727087710475232 2.34684680227806019559 = -0.00000019768120555038 @ 397408 158916 1
4.14125696354966432722 2.47700132709704456957 2.66982015026199004382 = -0.00000020508341788468 @ 398929 159640 1
1.75774264035734084644 1.59573638552787500089 -4.30895152830983896308 = -0.00000026190593770608 @ 399259 159798 1
1.75774264025378768039 1.59573871120778010280 -4.30895179823022012044 = -0.00000026680102372137 @ 399494 159911 1
1.75774264025378768039 1.59573871120778010280 -4.30895179823025120669 = -0.00000026680102372346 @ 399445 159887 1
-1.56154551923458595475 4.40002011291378369862 3.28526947259432544612 = -0.00000026984729915945 @ 398280 159331 1
1.75774264035722160848 1.59573871120826638048 -4.30895205441009299108 = -0.00000027350213744114 @ 399158 159750 1
1.75776391273209098287 1.59573819400112837386 -4.30892524764346962485 = -0.00000027991785004888 @ 399424 159877 1
1.75776391287434674560 1.59573819399967398169 -4.30892524764352202737 = -0.00000027992132933607 @ 396089 158288 1
1.75773230515145995057 1.59571908970434295227 -4.30891543135838439582 = -0.00000041566762304146 @ 396910 158678 1
1.75771685517802223053 1.59573336132910226226 -4.30893374731460188087 = -0.00000045923221036185 @ 399765 160040 1
1.75771685517802223053 1.59573336132910226226 -4.30893374981677723667 = -0.00000045923447536828 @ 399518 159922 1
1.75774530684241203637 1.59576718398513706099 -4.30893143226559338643 = -0.00000055062584694412 @ 396961 158702 1
1.75774530684241203637 1.59576718398513706099 -4.30893143226559338643 = -0.00000055062584694412 @ 399778 160046 1
-1.56154515168473606579 4.39998336436058323784 3.28529392713611789745 = -0.00000056558301890029 @ 398706 159534 1
-1.56154510055119444267 4.39998336435858217186 3.28529392713611789745 = -0.00000056561033586289 @ 398497 159435 1
-1.56154510055102191401 4.39998336435858217186 3.28529392713611789745 = -0.00000056561033613849 @ 399564 159944 1
4.14125685817105093633 2.47701212040286922189 2.66980245809301708348 = -0.00000058349442753342 @ 396015 158256 1
4.14125685817105093633 2.47701212040286922189 2.66980245805273597171 = -0.00000058349694775530 @ 397878 159139 1
4.14125685814995581069 2.47701211899356987800 2.66980245759698986419 = -0.00000058352577456365 @ 395832 158175 1
4.14125688404963199218 2.47701224708740852520 2.66980242675797230234 = -0.00000058573398625445 @ 398927 159639 1
1.75774584989311200012 1.59573755490351287811 -4.30890064465037436747 = -0.00000059765916808393 @ 398934 159643 1
1.75777288234835116221 1.59574131873224711597 -4.30894048287815145670 = -0.00000062631043651034 @ 399050 159698 1
1.75777288234835116221 1.59574131873224711597 -4.30894048287805908615 = -0.00000062631043652790 @ 399381 159857 1
1.75777288234821438273 1.59574131873375124613 -4.30894048287815412124 = -0.00000062631043757092 @ 399453 159891 1
4.14125686986446162052 2.47701200705376178846 2.66980159295633967531 = -0.00000064189271259722 @ 397375 158900 1
4.14125966561053715509 2.47703033551967832793 2.66982028053249376143 = -0.00000065457700918471 @ 399098 159721 1
1.75771692040620042263 1.59573104811454524743 -4.30891243262890366594 = -0.00000072583056414574 @ 396929 158687 1
1.75771692040568883186 1.59573104811454524743 -4.30891243262892498223 = -0.00000072583056434106 @ 399177 159759 1
1.75771692040620042263 1.59573104818201549904 -4.30891243262890366594 = -0.00000072583078240387 @ 396596 158527 1
4.14124740618323627928 2.47699088172057768631 2.66981940398427175509 = -0.00000098776094259200 @ 399643 159982 1
1.75774305972135036491 1.59569509610944426647 -4.30893093038051677723 = -0.00000109920273909929 @ 399350 159842 1
1.75774305972135036491 1.59569509610944426647 -4.30893093038051677723 = -0.00000109920273909929 @ 399749 160033 1
1.75774305972131950071 1.59569508559433304029 -4.30893093037186414307 = -0.00000109975221192294 @ 399184 159763 1
1.75774305972142630416 1.59569508559433304029 -4.30893093037186414307 = -0.00000109975221194402 @ 399265 159801 1
1.75774913941428856390 1.59577975369300362196 -4.30894064488578631966 = -0.00000114175782212236 @ 398132 159260 1
1.75771354178312155803 1.59576505518123634708 -4.30893680665137424057 = -0.00000117698674185404 @ 395799 158160 1
-3.39508696345379901160 -3.31730751378567223497 2.34684125489115080754 = -0.00000119413001676627 @ 398610 159488 1
-3.39508695933613813267 -3.31730751378567223497 2.34684125489090300576 = -0.00000119448601424390 @ 399062 159704 1
-3.39508695932723014721 -3.31730751379353483443 2.34684125489109218776 = -0.00000119448709203956 @ 399176 159759 1
-1.56159703484005807361 4.40001987736165034448 3.28529268808579022476 = -0.00000119982986300274 @ 399441 159885 1
-1.56159703484028966614 4.40001987736165034448 3.28529268808577645800 = -0.00000119982986356810 @ 396661 158558 1
-1.56159703484503120663 4.40001987736280941732 3.28529268808607355368 = -0.00000119982986410511 @ 398587 159477 1
4.14125620615048450901 2.47701125557670698285 2.66984557431905811242 = -0.00000120927897126318 @ 392925 156879 1
-1.56153586670086697019 4.40007727371073453781 3.28529355624837471339 = -0.00000132199986829230 @ 399925 160117 1
-1.56153586670871713515 4.40007727371073453781 3.28529355624837471339 = -0.00000132199991604094 @ 398255 159319 1
-1.56153586670871713515 4.40007727371073453781 3.28529355624507379829 = -0.00000132199992084597 @ 398013 159203 1
1.75777460364298865336 1.59575383804904569196 -4.30889870537042707355 = -0.00000135475005659727 @ 399569 159946 1
1.75777460386904982315 1.59575383805001069781 -4.30889870536806807166 = -0.00000135475777261024 @ 399641 159981 1
4.14122934961668320852 2.47701096657267827439 2.66982007294794287944 = -0.00000142125617873920 @ 398868 159611 1
4.14122933701283901797 2.47701096657267827439 2.66982007294794287944 = -0.00000142255572173968 @ 398658 159511 1
4.14122925750036863235 2.47701096657267827439 2.66982007294817114129 = -0.00000143076050805141 @ 399015 159682 1
1.75779087541335776734 1.59573610520341024888 -4.30893087026010679352 = -0.00000146144223071208 @ 398335 159357 1
1.75779087541335776734 1.59573610520302278104 -4.30893087026010679352 = -0.00000146144223073730 @ 399170 159756 1
4.14125578781898351366 2.47700215621993402593 2.66979278269598285789 = -0.00000157269054488866 @ 396428 158447 1
1.75777473835102004962 1.59577975333191601770 -4.30894064464170600814 = -0.00000162396319259468 @ 397120 158778 1
1.75777473835102004962 1.59577975333191601770 -4.30894064464170600814 = -0.00000162396319259468 @ 399905 160107 1
1.75769736261101883201 1.59571021526506884314 -4.30894081470702428049 = -0.00000171122590222454 @ 398160 159274 1
-1.56152923428026468855 4.40000986795615478542 3.28523431078169325659 = -0.00000173282891822694 @ 399130 159737 1
-1.56148025540221957463 4.40002047498496917655 3.28531345165449328860 = -0.00000192398489901041 @ 398042 159217 1
1.75777162291847366404 1.59575367135073009628 -4.30897564355300932704 = -0.00000192772574242732 @ 399451 159890 1
1.75777166162248033032 1.59575367135073009628 -4.30897564355301110339 = -0.00000192920157488756 @ 399437 159883 1
1.75777166163878129090 1.59575367131115930519 -4.30897564355812257020 = -0.00000192920200876208 @ 398669 159516 1
-3.39512145615703442303 -3.31729701711465807534 2.34680471918429089939 = -0.00000196105685153715 @ 399255 159797 1
-3.39512145615703886392 -3.31729701711465807534 2.34680471918429089939 = -0.00000196105685155618 @ 399432 159881 1
1.75772928062244138125 1.59573365672864686537 -4.30887510213047697505 = -0.00000220338299279353 @ 399489 159908 1
1.75772928062244138125 1.59573365672864575515 -4.30887510213047697505 = -0.00000220338299279559 @ 399781 160048 1
1.75780832084321891884 1.59574211463763204755 -4.30893167478541716520 = -0.00000269900613955285 @ 399589 159956 1
1.75780832082989113552 1.59574211311206592967 -4.30893167519603004223 = -0.00000269901536103562 @ 398803 159580 1
4.14129054020459719254 2.47701571761144467843 2.66980251078012242871 = -0.00000271623404958669 @ 398357 159368 1
4.14129054020459719254 2.47701578256013510426 2.66980251078022634559 = -0.00000271721414521531 @ 398483 159428 1
1.75771062443111092399 1.59571704695641636285 -4.30898884756920264039 = -0.00000290418397900892 @ 395846 158181 1
1.75771062443111092399 1.59571704628026522776 -4.30898884737229703745 = -0.00000290418686254310 @ 399487 159907 1
-3.39510975600074660363 -3.31735012543667773244 2.34683593712662297293 = -0.00000313428753464661 @ 399639 159980 1
1.75774306691251402945 1.59569736635757841725 -4.30886774864257215967 = -0.00000339074042579276 @ 398815 159586 1
1.75773792210621149223 1.59569736634088021887 -4.30886774864257215967 = -0.00000341051126166360 @ 398466 159420 1
1.75772458111795581992 1.59566171872361506345 -4.30892339205028118698 = -0.00000359147302345711 @ 395777 158150 1
1.75772458071536874513 1.59566171872361506345 -4.30892339205028118698 = -0.00000359147926114310 @ 396871 158659 1
1.75780746873266391361 1.59576164216455484990 -4.30896502626328281593 = -0.00000366550322193903 @ 396987 158715 1
1.75777445754073680106 1.59566783407849421828 -4.30894048281734232120 = -0.00000402472080429301 @ 397311 158870 1
1.75777445754073680106 1.59566783407849421828 -4.30894048303700483160 = -0.00000402472501891221 @ 396707 158580 1
4.14125689139699026953 2.47705993841544236389 2.66981879698218627084 = -0.00000432665447878338 @ 399584 159954 1
4.14125689139699026953 2.47705993841544236389 2.66981879698218627084 = -0.00000432665447878338 @ 399940 160124 1
4.14125689139704800112 2.47705993844316108010 2.66981879685949907710 = -0.00000432666126808481 @ 398279 159330 1
1.75765105077630723329 1.59572586753142320326 -4.30893363151705610647 = -0.00000549632696696054 @ 398039 159216 1
1.75765105076160987885 1.59572586756609857694 -4.30893363167228304889 = -0.00000549632860497143 @ 399716 160017 1
1.75765105076160987885 1.59572586756609857694 -4.30893363167228304889 = -0.00000549632860497143 @ 399866 160089 1
1.75765105076160987885 1.59572586756609857694 -4.30893363151705610647 = -0.00000549632931886116 @ 397555 158986 1
1.75783391888353146548 1.59575394654544289175 -4.30889869627986499268 = -0.00000573527509466805 @ 396129 158306 1
4.14131399901031915789 2.47701238094602294026 2.66982879612421619697 = -0.00000621757892909341 @ 396717 158585 1
4.14131399901031915789 2.47701238094605269424 2.66982879612421619697 = -0.00000621757892936139 @ 399193 159767 1
4.14125687625865168684 2.47701163285233505462 2.66987813100196058613 = -0.00000627455772489418 @ 399653 159987 1
4.14125790610571087313 2.47695345873735961462 2.66981958287176368572 = -0.00000635739922484803 @ 398371 159374 1
4.14125790610991639795 2.47695345872198657844 2.66981958330164381721 = -0.00000635740195613221 @ 397815 159109 1
1.75773685610505503440 1.59564638212171705511 -4.30897733767232971047 = -0.00000668191302139810 @ 396183 158330 1
1.75773685610505503440 1.59564638212171705511 -4.30897733766970336688 = -0.00000668191304213318 @ 398636 159501 1
-3.39508697995648889290 -3.31730713007943389670 2.34689391486192544534 = -0.00000680406014734655 @ 399304 159820 1
-3.39508697995846109308 -3.31730713007956179439 2.34689391486192544534 = -0.00000680406016588022 @ 398809 159583 1
1.75772412586807824653 1.59584275203216141570 -4.30894993322184838291 = -0.00000749384410846723 @ 396996 158719 1
1.75772412586807824653 1.59584275245222229067 -4.30894993321869268499 = -0.00000749389949232738 @ 398716 159539 1
1.75777144403680551932 1.59582423071031898054 -4.30899925071591738401 = -0.00000757973613098894 @ 398210 159297 1
-1.56154502730536925981 4.40013769566452772608 3.28521756494310990249 = -0.00000807832827351377 @ 398933 159642 1
1.75784607007918403099 1.59579863040843128452 -4.30892593951040048239 = -0.00000829116196473835 @ 398755 159558 1
1.75784607007918403099 1.59579863040843061839 -4.30892593951043423317 = -0.00000829116196478031 @ 399772 160044 1
1.75784607007926352296 1.59579863040843128452 -4.30892593938478896121 = -0.00000829116244779361 @ 398898 159626 1
1.75779072532846258881 1.59566922895920937364 -4.30883600698425084374 = -0.00000970972827522188 @ 399690 160004 1
1.75779072532846258881 1.59566922895920870751 -4.30883600698425084374 = -0.00000970972827522397 @ 399406 159868 1
-1.56161416322544366331 4.40003133471499907614 3.28515713512739848667 = -0.00000972110103739792 @ 395675 158105 1
1.75765102486458713038 1.59564374178908074953 -4.30893363022871689338 = -0.00000982356174101925 @ 398342 159361 1
-1.56161846383255475956 4.40003130761121585834 3.28515147203478719007 = -0.00001061299486624308 @ 399188 159764 1
1.75774143011362538047 1.59575307360450313610 -4.30879184288253291868 = -0.00001273228088632546 @ 399151 159747 1
1.75774143011201378073 1.59575307360457707695 -4.30879184288253291868 = -0.00001273228109274323 @ 399333 159834 1
-1.56171879656048484541 4.40000414208512591330 3.28528215563421710499 = -0.00001332817780431770 @ 399293 159815 1
-1.56171879669286850500 4.40000414208724155429 3.28528215563421710499 = -0.00001332819757652887 @ 396792 158621 1
1.75765102646496051975 1.59572266309578436605 -4.30882227453022181862 = -0.00001384519351191771 @ 396293 158383 1
-1.56153319780672994455 4.39998282455191436213 3.28547897344136208275 = -0.00001474613088981940 @ 399655 159988 1
1.75778070841502187527 1.59558888018835443035 -4.30892231390549440562 = -0.00001523406313703194 @ 398908 159630 1
1.75778070841502187527 1.59558888018835487443 -4.30892231390543312131 = -0.00001523406313775984 @ 399714 160016 1
4.14132992408423472597 2.47701096687368371718 2.66976591583932121310 = -0.00001542713281067232 @ 398568 159468 1
1.75758712121433280373 1.59573692625425200831 -4.30890071229216431448 = -0.00001693541999894873 @ 398858 159606 1
1.75758712121433280373 1.59573692625425200831 -4.30890071229216431448 = -0.00001693541999894873 @ 399782 160048 1
-1.56154216892098673952 4.40022762414094614769 3.28529919029801531494 = -0.00001726628359003156 @ 399226 159783 1
-1.56154216892098673952 4.40022762414094525951 3.28529919029801531494 = -0.00001726628359004042 @ 399461 159895 1
-1.56154216892091879387 4.40022762414094614769 3.28529919029801531494 = -0.00001726628359346338 @ 399634 159978 1
1.75781820673897226648 1.59577022481481600735 -4.30907505849175009871 = -0.00001774980503049004 @ 397623 159018 1
1.75781820663853527442 1.59577022439905658047 -4.30907505862428763521 = -0.00001774981183132411 @ 399830 160071 1
1.75781820663853527442 1.59577022513062538600 -4.30907505862428763521 = -0.00001774981905375967 @ 391900 156422 1
1.75764833657883068341 1.59573512991204702338 -4.30908033489016428774 = -0.00001891027521900251 @ 398682 159523 1
-1.56133200898844060056 4.40003061696912478595 3.28528026868438915997 = -0.00002010152700929038 @ 398932 159642 1
-3.39522725804491321000 -3.31730099307009185239 2.34684246806709273514 = -0.00002218770846662625 @ 399125 159734 1
4.14136842292531870413 2.47700144152419676757 2.66982015316001275451 = -0.00002339786392631214 @ 396988 158715 1
4.14136842307293129295 2.47700143634038028040 2.66982013958686614785 = -0.00002339815627984443 @ 398047 159219 1
1.75772837064378184557 1.59553774221508115616 -4.30892563646876247674 = -0.00002436460427788569 @ 399462 159895 1
1.75775335656196718404 1.59595030167037332802 -4.30893502699589880933 = -0.00002789664202195956 @ 397271 158851 1
1.75775335656196718404 1.59595030167037332802 -4.30893502699589880933 = -0.00002789664202195956 @ 399902 160106 1
4.14124983470326490931 2.47695165730679978111 2.66993792332026069758 = -0.00003273729440586462 @ 399337 159836 1
4.14124983470326490931 2.47695165730680022520 2.66993792332026069758 = -0.00003273729440586462 @ 399532 159929 1
-3.39511171870755834590 -3.31713093592167229673 2.34683603811783347837 = -0.00005268167559405365 @ 392095 156509 1
-1.56194324263374251238 4.40000878689590546600 3.28532018819182436431 = -0.00007011946581194903 @ 397364 158895 1
1.75770601926243519308 1.59568095652374442039 -4.30925836630367875557 = -0.00007109440255519035 @ 399692 160005 1
-3.39511294636044391737 -3.31731154219448765019 2.34705282453346431026 = -0.00007960714677114964 @ 399614 159968 1
4.14135741720538064214 2.47678878568858840126 2.66978494178725300756 = -0.00011398696076793747 @ 399030 159689 1
-3.39538626445164037904 -3.31732406678315117077 2.34695654507717765824 = -0.00015145288890765245 @ 398354 159366 1
-1.56162116930395722392 4.39941444837554662683 3.28527907031724186737 = -0.00015235502795260845 @ 397804 159104 1
4.14155840935716135220 2.47700900148108082988 2.66982058870220440028 = -0.00016948751389296332 @ 397316 158872 1
4.14155840962223198432 2.47700900148108082988 2.66982058870220440028 = -0.00016948783474473106 @ 398169 159278 1
4.14125675525655889686 2.47706177222908774382 2.67016811205551007902 = -0.00023058610376007824 @ 399383 159858 1
-3.39510994686378353435 -3.31772407982280714833 2.34686238156894910745 = -0.00029499018111233435 @ 397192 158813 1
-3.39510203448505265555 -3.31783111884549253290 2.32228580288178987345 = -1.07744760602742029043 @ 397409 158916 1
-3.39510203448505265555 -3.31783111884549253290 2.32228569797594808222 = -1.07745490491024842328 @ 399261 159799 1
-3.39510203448505265555 -3.31783111884550807602 2.32228569797594808222 = -1.07745490495522222574 @ 399366 159849 1
1.76473889252348481449 1.63812654927457890253 -4.35183360033206323436 = -2.02657195241211773862 @ 398812 159585 1
1.76473889252342241996 1.63812654927452583387 -4.35183364976498143761 = -2.02657437391090100576 @ 399717 160017 1
1.76473889252347504453 1.63812654927815093409 -4.35183364976498143761 = -2.02657438392757560663 @ 399625 159973 1
1.76473889252505444780 1.63812654927812739736 -4.35183364976498143761 = -2.02657438658741329007 @ 399253 159796 1
-1.52740393070531910169 4.39122734134419001606 3.39179353484396406415 = -3.84662822188149577940 @ 397732 159070 1
-1.52740393070531910169 4.39122734134419001606 3.39179353484396406415 = -3.84662822188149577940 @ 399803 160058 1
-1.52740393070531910169 4.39122734134419001606 3.39179353484396406415 = -3.84662822188149577940 @ 399861 160086 1
-1.52740408795707094392 4.39122734134580472443 3.39179353481698075967 = -3.84663738093368312576 @ 399637 159979 1
1.86127538392707569948 1.59705937963823951797 -4.30885625639258496022 = -6.37989016861427504779 @ 397850 159126 1
1.75781450235041813990 1.59584514304571678522 -4.46622616249510606679 = -14.78638049585749492110 @ 398516 159444 1
1.75781450235495961820 1.59584514304571678522 -4.46622616249510606679 = -14.78638052260315660646 @ 398509 159440 1
1.75781450235495961820 1.59584514304571678522 -4.46622616249510606679 = -14.78638052260315660646 @ 399948 160128 1
1.75763872130722664799 1.42335898465244548028 -4.30897462231162542423 = -17.01242942286231141225 @ 395850 158182 1
1.75763872130722664799 1.42335898464465304691 -4.30897462231173555836 = -17.01242960390940339721 @ 398975 159662 1
1.75763872130722664799 1.42335898464465304691 -4.30897462231173555836 = -17.01242960390940339721 @ 399746 160031 1
-1.72539134358018175774 4.39557612790821927717 3.31227049064304512882 = -17.41310798440960638800 @ 398384 159381 1
-1.72539134356479184618 4.39557612790769347555 3.31227049062348299913 = -17.41310897886593167527 @ 397454 158938 1
-1.62111288839553302488 4.63744096728672605678 3.35904016414088824050 = -30.63448137638091139934 @ 399218 159779 1
-1.62111288839553302488 4.63744096843554309828 3.35904016414088824050 = -30.63453276917839218640 @ 399588 159956 1
-1.62111255843851109759 4.63744096728654131567 3.35904029000025650120 = -30.63669776122889132353 @ 399429 159879 1
1.82967288877927103385 1.86003667588539300937 -4.39651321177533560558 = -40.27939262806737730216 @ 399393 159862 1
1.82967288877927103385 1.86003667588723842208 -4.39651321177533560558 = -40.27939267534850387165 @ 397769 159087 1
1.82967288877927103385 1.86003667601798383657 -4.39651321160956243261 = -40.27939487656647798985 @ 398484 159428 1
1.82967288877927103385 1.86003667601803646114 -4.39651321177542353524 = -40.27939598956969291521 @ 399738 160027 1
1.82967288719363119220 1.86003666779574716728 -4.39651324026546586055 = -40.27945782829625898103 @ 397513 158966 1
1.82967296396982281870 1.86003667223018109844 -4.39651325931363867738 = -40.27992173883279747315 @ 399633 159977 1
-2.08728122404191651640 3.71814074260535765148 2.79479956323085243497 = -67.90589571373368471541 @ 399051 159699 1
-2.08728122404191651640 3.71814074260535765148 2.79479956323085243497 = -67.90589571373368471541 @ 399831 160072 1
-2.08728122404191829276 3.71814074260484872525 2.79479956323085243497 = -67.90589589118870605944 @ 399570 159947 1
-2.08728122560632867177 3.71814074243181336143 2.79479956412075170036 = -67.90661126046205708917 @ 399131 159737 1
-2.08728122300739116213 3.71814074159210061765 2.79479956412166208324 = -67.90666155597565989410 @ 398310 159345 1
-2.08728122791807146896 3.71814078137206571739 2.79479956456690370459 = -67.90685007753961599519 @ 397093 158765 1
-1.36442187013142723906 4.43754396197799927393 3.58776894274371205285 = -70.77034373294527824783 @ 397029 158735 1
-1.36442187013142723906 4.43754396189803834716 3.58776894274371205285 = -70.77034612004733560298 @ 397821 159112 1
-1.36442187013142723906 4.43754396197799927393 3.58776894272336654979 = -70.77034935992055864062 @ 398288 159335 1
-0.99972125106171882969 4.99999769726559861738 4.26485350624767445282 = -97.49799921495218768541 @ 399274 159806 1
-0.99972125106186537913 4.99999769726559861738 4.26485350624767534100 = -97.49799924091246339231 @ 399659 159990 1
-0.99972125106188047816 4.99999769726559861738 4.26485350624767445282 = -97.49799924576264231746 @ 399316 159826 1
-0.99972125106171882969 4.99999769726559861738 4.26485350624736891945 = -97.49799973429387023316 @ 399291 159814 1
-0.99972125360609898070 4.99999769429061924342 4.26485353750918161353 = -97.50240404094765267473 @ 397793 159099 1
-0.99972125360609898070 4.99999769426341256207 4.26485353750918161353 = -97.50240511497099760163 @ 399910 160110 1
-0.99975852137751797244 5.00000000000000000000 4.26482872389885159237 = -97.95748336388265897767 @ 396146 158314 1
-0.99390384475540871634 4.99917327432709068802 4.26587439439880622416 = -98.89582211670354183752 @ 397984 159189 1
4.14144066752249084828 2.47700689099599413723 2.91968603912438062764 = -101.07178075382915949376 @ 399344 159839 1
4.14144066752247841379 2.47700689099599413723 2.91968603912438062764 = -101.07178075427222552207 @ 399075 159710 1
4.14144066752242778762 2.47700689099599413723 2.91968603912438062764 = -101.07178075602672606692 @ 397959 159177 1
4.14144066753574602302 2.47700689081818703485 2.91968603998999043370 = -101.07182330870617192886 @ 397991 159193 1
4.14144066446743419618 2.47700689865175327498 2.91968603744567545277 = -101.07186981268668546363 @ 397803 159104 1
-1.03870219234162819433 4.99614405021512819616 4.25045486832972141400 = -103.52135493072084670985 @ 399676 159998 1
-1.03870219234162464161 4.99614405021512819616 4.25045486832972141400 = -103.52135493547827138627 @ 398408 159392 1
-1.03870219234023042354 4.99614405021512819616 4.25045486832972141400 = -103.52135705090050521449 @ 398402 159389 1
-1.12941409686540072954 4.26557203570804333026 3.27262701443956327552 = -104.32602681790866938627 @ 399234 159787 1
-1.12941409686537896917 4.26557203570804333026 3.27262701443956327552 = -104.32602681974152858402 @ 399460 159894 1
-1.12941409686659932632 4.26557203570824938765 3.27262701444029291409 = -104.32602699990435723976 @ 399378 159855 1
-1.44531868632597282343 2.97437977189669577882 2.99529455980838843487 = -112.31830110270475131529 @ 399313 159824 1
-1.44531868631648596768 2.97437977189669577882 2.99529455980838843487 = -112.31830583240719079186 @ 397667 159038 1
-1.44531868629192827846 2.97437977189669666700 2.99529455980857584052 = -112.31832855784240621233 @ 399652 159986 1
-1.44531868632270787955 2.97437976974813356179 2.99529455987160009300 = -112.31963032842438110492 @ 397828 159116 1
-1.44531882004372658201 2.97437961027953745585 2.99529455991177240293 = -112.34296386012229618245 @ 397215 158824 1
-1.44531882004372658201 2.97437961027957520344 2.99529455991177240293 = -112.34296391597172259935 @ 399220 159780 1
-1.44531790489397926613 2.97436245730255865993 2.99529676142992284937 = -112.61990813380148779288 @ 397345 158886 1
-1.71551106632632932580 4.87046449880811849198 2.95675239253564070552 = -117.53721603040011700614 @ 397264 158847 1
-1.71551106632632932580 4.87046449880811938016 2.95675239253564070552 = -117.53721603040753507230 @ 399450 159889 1
-1.71551106632632932580 4.87046449880811938016 2.95675239253564070552 = -117.53721603040753507230 @ 399514 159920 1
-1.71551106646492579344 4.87046449880835563562 2.95675239253565136366 = -117.53730914548530961383 @ 399331 159833 1
-1.71551106646492579344 4.87046449840617512450 2.95675239157585334482 = -117.53735826204636794046 @ 396422 158445 1
-0.64776683971675763640 5.00000000000000000000 3.32709305572368130299 = -132.16710614604201623479 @ 399228 159784 1
-0.64776683971685855568 5.00000000000000000000 3.32709305572368130299 = -132.16710624788993300172 @ 398822 159589 1
-0.64776867144142091792 4.99999999999973354647 3.32709300601763224847 = -132.16953545164986394411 @ 398979 159664 1
-0.64776867206824750856 5.00000000000000000000 3.32709297889981581164 = -132.17504622364808142265 @ 396751 158601 1
1.59912361403571057217 1.12135321259402376270 -4.24098946170636015296 = -133.99555979999814780967 @ 399764 160040 1
1.59912361403956548855 1.12135321259403486494 -4.24098946170648982701 = -133.99555986089390557936 @ 399334 159834 1
1.59912359933183045868 1.12147028749030308603 -4.24098946172136148647 = -134.01376080891219544355 @ 399388 159860 1
-1.56156342256974522975 3.90015695484400382043 3.28529175866070577428 = -149.92190280711875516317 @ 399431 159880 1
-1.56156342256974522975 3.90015695484400382043 3.28529175866070666245 = -149.92190280714183359123 @ 399567 159945 1
-1.56156342256974522975 3.90015695484400159998 3.28529175866075018320 = -149.92190281411595265126 @ 399433 159881 1
-1.56156342259583214016 3.90015695484212887578 3.28529175868051037668 = -149.92192238919554370113 @ 397257 158844 1
-1.56156342259366853753 3.90015695481044488702 3.28529175868420653117 = -149.92192651648588253011 @ 398604 159486 1
1.70541604791881473702 1.67360129413085778616 -4.86131559601784246638 = -155.14365173848170798010 @ 399434 159882 1
1.70541604791881473702 1.67360129413085778616 -4.86131559601784246638 = -155.14365173848170798010 @ 399837 160075 1
1.70541604615390651745 1.67360129342760166615 -4.86131554101988427874 = -155.14447473374750074981 @ 399121 159732 1
1.70541604615390651745 1.67360129342789432094 -4.86131553742213284863 = -155.14450049126429576063 @ 397173 158804 1
-4.40595699451020728077 -4.73661740083642968102 3.87447325721125590547 = -160.27361750729733103071 @ 399535 159930 1
-4.40595699451020728077 -4.73661740083642968102 3.87447325721327873183 = -160.27362198176081165002 @ 399414 159872 1
-4.40595699451020728077 -4.73661740083642968102 3.87447325721331603532 = -160.27362206407258327090 @ 399385 159859 1
-4.40595691030467762062 -4.73661887633153444455 3.87447475763919024772 = -160.30645287730405357252 @ 397086 158762 1
-4.40595684596323966531 -4.73662159873472532468 3.87447431005976961060 = -160.38030851431454948397 @ 396920 158683 1
-4.40595699428285403343 -4.73662519985642660458 3.87447326642327105617 = -160.50265790222726991487 @ 397789 159097 1
-4.40625205968923694400 -4.73676056821883051384 3.87485085172765630901 = -161.20403063071154292629 @ 397958 159177 1
-3.38980984946792851531 -4.03395732203628654133 3.18645355151650422343 = -163.96611872238264595580 @ 399071 159708 1
-3.38980984946783259204 -4.03395732203557866313 3.18645355149402842443 = -163.96613955298954579121 @ 399281 159809 1
-3.38980984073752411589 -4.03395731851254701894 3.18645355254270779000 = -163.96621556238090988700 @ 395160 157874 1
-3.38980984073752322772 -4.03395731851256833522 3.18645355254298490166 = -163.96621559640476561981 @ 399709 160014 1
-3.38980984073752411589 -4.03395731851254701894 3.18645355254298490166 = -163.96621562871894184354 @ 399078 159712 1
-3.38980902397057759501 -4.03395739445092438302 3.18645386057849888672 = -163.96995708636580957318 @ 394180 157439 1
-2.04136458883346350035 4.33322502750068228039 4.94318644622108660514 = -164.67725881293773682046 @ 398994 159672 1
-2.04136458883381122220 4.33322502750068228039 4.94318644622108571696 = -164.67725900343060629893 @ 399681 160000 1
-2.04136458883381122220 4.33322502750068228039 4.94318644622108660514 = -164.67725900364561653078 @ 390589 155837 1
-2.04136458883392624131 4.33322496245003385695 4.94318644622115144216 = -164.69470600149091410458 @ 399332 159833 1
-2.04136458509691287588 4.33322502750068228039 4.94318625679147860552 = -164.71256565964597484708 @ 398338 159359 1
-3.38981751945455789254 -4.03395860915595250162 3.18641172051135646015 = -164.82418566321069874903 @ 397442 158932 1
-2.74464739152897507779 4.44333701265231884037 2.58847419145374413318 = -165.82793118327765569120 @ 398250 159317 1
-2.74464739151754022473 4.44333701265227798416 2.58847419145374413318 = -165.82793361057198922026 @ 399512 159919 1
-2.74464739151754022473 4.44333701265227798416 2.58847419145374413318 = -165.82793361057198922026 @ 399882 160096 1
-2.74464735446176133493 4.44333676893653350959 2.58847418728625244810 = -165.83064039731846150971 @ 398611 159489 1
-2.74464735446176133493 4.44333676893639850647 2.58847418728625244810 = -165.83064043418221444881 @ 398144 159266 1
-2.74464735446857188705 4.44333676892025941640 2.58847418728301459367 = -165.83065401000868632764 @ 399342 159838 1
-2.74462443875792505565 4.44336098502224796647 2.58848123268691665544 = -165.83232636310412999592 @ 399455 159892 1
-2.04138123125936754576 4.33276647447026963533 4.94324108400903217131 = -167.60803336222150505819 @ 398372 159375 1
-2.04138123125936754576 4.33276647447026963533 4.94324108399604966735 = -167.60803772930398736207 @ 399766 160041 1
-2.04138123391184045374 4.33276647219253785437 4.94324108398280870347 = -167.60921381148187947474 @ 399594 159958 1
-2.04138123391185466460 4.33276647219253785437 4.94324108398280870347 = -167.60921381442040001275 @ 398555 159462 1
-3.39053438927244243928 -4.03446128846401652623 3.18613576530782438567 = -168.00690693128379393784 @ 399671 159995 1
2.15470164310802614338 2.17286610613566288919 -4.36961498937229197992 = -175.19202402624816272692 @ 399499 159913 1
2.15470164310802614338 2.17286610613566111283 -4.36961498933879433082 = -175.19203230679880789467 @ 399677 159998 1
2.15470164310814338293 2.17286610613420094751 -4.36961479431830834841 = -175.19215711536580215579 @ 399638 159980 1
2.15470136991290495132 2.17286606081916700006 -4.36961479673770281096 = -175.19499343614981512474 @ 399693 160006 1
-3.40827861959204003739 -4.01240593085701213738 3.18068979676336871520 = -180.34730825649842245184 @ 399477 159902 1
-3.40827861959216127374 -4.01240593085701213738 3.18068979676336871520 = -180.34730843078702378079 @ 398830 159593 1
1.51318278105474890438 1.65319785427465304473 -4.90261756074310461884 = -180.35607523259548656824 @ 399289 159813 1
1.51318278105474890438 1.65319785427473719963 -4.90261756074310461884 = -180.35607527074904510300 @ 399273 159805 1
1.51318168883188564067 1.65319785427669541100 -4.90261756070785015282 = -180.36698368337815168161 @ 398769 159564 1
4.36496441637761822818 2.22874410580671478144 2.66025712330591357357 = -182.66068235764578275848 @ 397830 159117 1
4.36496441637778076483 2.22874410580671478144 2.66025712330591357357 = -182.66068236439866723231 @ 398690 159526 1
4.36496441647432664723 2.22874410580671478144 2.66025712330591357357 = -182.66068715900826191501 @ 397270 158850 1
4.36496441647590582846 2.22874410702911207594 2.66025712224975174891 = -182.66075384391129432515 @ 398224 159304 1
4.36496441651035294029 2.22874410126064770310 2.66025712225228661012 = -182.66120246173909436038 @ 397806 159105 1
-3.70967662493063254914 -4.06588685987323561477 4.13339642777448723621 = -196.56301814765890867420 @ 398066 159229 1
-3.70967662493063254914 -4.06588685987323561477 4.13339642777448723621 = -196.56301814765890867420 @ 399968 160137 1
-3.70967662492989935785 -4.06588685987322939752 4.13339642772212290112 = -196.56304942886325193285 @ 399575 159949 1
-3.70967660788031494690 -4.06588759004506172801 4.13339642777445970268 = -196.56466273713570558357 @ 399511 159919 1
-3.70967657621990909433 -4.06588684993330939932 4.13339642780602023464 = -196.57750870342084681397 @ 395244 157912 1
-3.70967578382193385877 -4.06588777142785229302 4.13339649899919159282 = -196.59551155542675360266 @ 399048 159697 1
-0.55480017412324855730 -3.96931145618532443820 -4.90193613761715418775 = -205.27088138362557856453 @ 399624 159973 1
-0.55480017412324855730 -3.96931146538194834505 -4.90193613761193791589 = -205.27323575510015984946 @ 398796 159577 1
-0.55482075373916683869 -3.96931146538194834505 -4.90193613757494972560 = -205.38356470815045895506 @ 398430 159402 1
-0.55482075373916683869 -3.96931146538194834505 -4.90193613757494972560 = -205.38356470815045895506 @ 399732 160024 1
-0.55486270803412474084 -3.96928438950315198852 -4.90194041470800900839 = -205.50949929259951431959 @ 399194 159767 1
-0.55486270803457926615 -3.96928438950370354732 -4.90194041470802677196 = -205.50950335105227395616 @ 399114 159729 1
-0.55473256672428628011 -3.96927751566212716483 -4.90193987395370189830 = -209.05927657945150599517 @ 399225 159782 1
-2.68865213770414879235 -3.36970484979510365164 3.44684133146650939494 = -209.24318686006358802842 @ 399680 160000 1
-2.68865213770414879235 -3.36970484979510365164 3.44684133146650939494 = -209.24318686006358802842 @ 399952 160130 1
-2.68865213717065820731 -3.36970484979510365164 3.44684133167449813229 = -209.24319783162391672704 @ 398396 159386 1
-2.68865213717065820731 -3.36970484979510365164 3.44684133166988226904 = -209.24319871323504571592 @ 398672 159518 1
-2.68865213718410833721 -3.36970484979510365164 3.44684133152740246331 = -209.24347415120226401086 @ 398026 159209 1
-2.68909815827829801194 -3.37006807809934283426 3.44667723173744855458 = -209.41690989512207465850 @ 398434 159404 1
1.75772558540445578146 2.32866121267278725071 -4.30898361289945519559 = -212.34387706216364222200 @ 399061 159704 1
1.75772558540445578146 2.32866121267278725071 -4.30898361289946318919 = -212.34387706256580941044 @ 398694 159528 1
1.75772558539551049250 2.32866121270135861820 -4.30898361289946318919 = -212.34387805133349047537 @ 399201 159771 1
1.75772558539535461719 2.32866089205556958674 -4.30898361289946318919 = -212.35130344839376448363 @ 398872 159613 1
-2.29722212684722393305 4.99844327382062658671 3.76859560860501208168 = -213.56949765694355392043 @ 398161 159274 1
-3.09537461402178326608 -3.67727934394323385803 2.34553266017792338971 = -213.75749820142939938705 @ 396212 158344 1
-3.09537461402178326608 -3.67727934394323385803 2.34553266017792338971 = -213.75749820142939938705 @ 399793 160054 1
-3.09537461402178326608 -3.67727934394323385803 2.34553266017792338971 = -213.75749820142939938705 @ 399843 160078 1
-3.09537459773690004639 -3.67756475360618928505 2.34553304294631503879 = -214.43917240228580567418 @ 397855 159128 1
-2.68924528013306440855 -3.37084734105081107458 3.44671126114602621726 = -214.76918049671002108880 @ 396099 158293 1
-3.09538066273447887156 -3.67757040532677992317 2.34674524499158598800 = -215.31156375416020409830 @ 398725 159543 1
-0.43709501200913891683 4.21280372195541019664 4.42374188521817846009 = -222.39752322591041888700 @ 398305 159343 1
-0.43709501200913891683 4.21280372195541019664 4.42374188521815270292 = -222.39752324322728327388 @ 399565 159945 1
-0.43709501200913891683 4.21280372189620333501 4.42374188523309275212 = -222.39755975283287625643 @ 398877 159615 1
-0.43709498284876874274 4.21280386110726379201 4.42374185993532798022 = -222.40219906789729975571 @ 399403 159867 1
1.85009011822532687397 1.11554234763193615976 -4.76400384150296307695 = -234.51258573188181344449 @ 398922 159637 1
1.85009011822532687397 1.11554234763193615976 -4.76400384150296307695 = -234.51258573188181344449 @ 399816 160065 1
1.85009011822499913613 1.11554234763193615976 -4.76400384150927447280 = -234.51258685077499421823 @ 398470 159422 1
1.85009011822532687397 1.11554234763568538291 -4.76400384150927447280 = -234.51258715836905821561 @ 398380 159379 1
-2.82512947961084659454 2.42881882891528677604 0.38794333858501417467 = -238.85836120475079269454 @ 397472 158946 1
-2.82512947961080396198 2.42881882891521438950 0.38794480459401509131 = -238.93447619900305767260 @ 399303 159820 1
-2.82512947961084659454 2.42881882891521438950 0.38794480459401509131 = -238.93447623773295163119 @ 399099 159722 1
-2.82512947961084659454 2.42881882890700762090 0.38794480457810343044 = -238.93450085264350946090 @ 397782 159094 1
-2.82512899888295354600 2.42882462033170609672 0.38788517356123053403 = -239.21133488798636790307 @ 397301 158865 1
-2.82512950601248569171 2.42881882585043795686 0.38788483573625820444 = -239.30936905027039074412 @ 395533 158040 1
-2.82507868283100771478 2.42888946015499396225 0.38795831929486412903 = -239.62895245444357783526 @ 397210 158821 1
0.63997255528615648590 4.98688509880416841469 3.77073693014842437066 = -255.83403425489069604737 @ 398896 159625 1
0.63997255528615648590 4.98688509880416841469 3.77073693014842437066 = -255.83403425489069604737 @ 399362 159848 1
0.63997255528615648590 4.98688509880416841469 3.77073693014842437066 = -255.83403425489069604737 @ 399825 160069 1
0.63997255530075958241 4.98688509874910845809 3.77073693014842437066 = -255.83408214480877518326 @ 397714 159061 1
0.63997293952173028853 4.98688535302528812565 3.77073677718532929148 = -255.85541555535633051477 @ 399756 160036 1
0.63996254469765001538 4.98687681869177534821 3.77073835807104629225 = -255.90534369782159274109 @ 397491 158955 1
0.63996254469765001538 4.98687681869177534821 3.77073835807074342341 = -255.90534386535409794305 @ 398649 159507 1
-3.09538583539925493682 3.81417738021940699866 1.39174055739763158357 = -260.92549343709958975523 @ 398810 159584 1
-3.09538583539925493682 3.81417738021939811688 1.39174055739763158357 = -260.92549344757958351693 @ 399546 159935 1
-3.09538626784391501801 3.81417738021940699866 1.39174055739724900072 = -260.99253346281835774789 @ 398950 159650 1
1.75677465324456427709 1.86726248987679888103 -3.72761390068056108760 = -261.64445813138655694274 @ 399203 159772 1
1.75677465324466930419 1.86726248987679888103 -3.72761390068056108760 = -261.64445814496320963372 @ 399173 159757 1
1.75677465324466930419 1.86726248987525433876 -3.72761390070053044710 = -261.64446309214315533609 @ 399662 159991 1
-3.09538688424316399406 3.81417738611004741855 1.39169875406267307127 = -262.25247770405729852428 @ 398903 159628 1
-3.09538613526504713391 3.81409110167664744395 1.39168371280806590917 = -262.40149065637808689644 @ 398799 159578 1
-2.16205786321441273401 2.32865858862833885468 2.73005189079516874529 = -262.59317833489251370338 @ 398613 159490 1
-2.16205786321441273401 2.32865858862716645916 2.73005189079516874529 = -262.59317910092818237899 @ 397876 159138 1
-2.16205786321494564106 2.32865858864601182887 2.73005189079516874529 = -262.59318004479996488953 @ 399396 159864 1
-2.16205786296215762832 2.32866112692299687126 2.73005189093450972848 = -262.64236384384099665112 @ 399168 159755 1
-2.16205786296195157092 2.32866112692299687126 2.73005189093450972848 = -262.64236390161727285886 @ 399003 159676 1
-3.40624599119943871628 -2.70272689409059108101 3.21811367889619370786 = -265.96034844315488498978 @ 399798 160056 1
-3.40624599119943960446 -2.70272689409059108101 3.21811367889619370786 = -265.96034844352777781751 @ 397384 158904 1
-3.40624599169940456278 -2.70272689389717468700 3.21811367952057381103 = -265.96081480858515533328 @ 399711 160015 1
-3.40624599169940456278 -2.70272689389717513109 3.21811367952057336694 = -265.96081480951238518173 @ 399735 160026 1
-3.40624599170249586777 -2.70272689409059108101 3.21811367951280447031 = -265.96082676041856984739 @ 398584 159476 1
-3.40642892198239977120 -2.70251831724892044306 3.21805815764694447267 = -265.97679673246261700115 @ 398492 159432 1
-3.15198259210308107114 -4.05963012039939119546 2.27688030750788472645 = -266.34323057598004425017 @ 399269 159803 1
-3.15198262007541707419 -4.05963012039939119546 2.27688030750788472645 = -266.34358121441982802935 @ 396084 158286 1
-3.15198262007435170418 -4.05963012035785908438 2.27688030750788472645 = -266.34358586826260761882 @ 399363 159848 1
0.58623204077558133118 3.57294878145440808481 3.71256446946836238254 = -266.46566211343082386520 @ 399280 159809 1
0.58623204077558133118 3.57294878145436856087 3.71256446946836238254 = -266.46566211834914383871 @ 398038 159215 1
0.58623204077558133118 3.57294878145434413597 3.71256446946836238254 = -266.46566211982491267918 @ 399284 159810 1
0.58623204088143543444 3.57294878057765474821 3.71256447006343437423 = -266.46679866941184400275 @ 397247 158839 1
0.58623194053771254808 3.57294879479498117547 3.71256446964392283761 = -266.48008063210630780304 @ 399109 159727 1
0.58623194053771254808 3.57294879479627836005 3.71256446964392283761 = -266.48008407737125935455 @ 399478 159903 1
-4.10621089173307307618 -4.73478605734171686947 2.91978409307764597003 = -266.85953338123414368965 @ 399828 160070 1
-4.10621089173308195797 -4.73478605734171686947 2.91978409284514039967 = -266.85981589682012327103 @ 397900 159149 1
-4.10621089173308195797 -4.73478605734076118949 2.91978409284514039967 = -266.85981738989647737981 @ 398860 159607 1
-4.10621070697311285613 -4.73478609056266819266 2.91978418653259597093 = -266.86207392300144647379 @ 399299 159818 1
-4.10621030169299761070 -4.73478609975584063818 2.91978418005638085120 = -266.88875983912004130616 @ 395794 158158 1
-4.10620187378137924128 -4.73477506867077391206 2.91973835239785595164 = -267.34069707884953004395 @ 390086 155614 1
-3.83167480428693130179 -4.75818848446675346509 1.95564144787776239554 = -268.10391992903197433407 @ 399010 159679 1
-3.83167478978560405167 -4.75818798849465984802 1.95564144787781013513 = -268.12162255089157270049 @ 398703 159533 1
-3.83167480428677764692 -4.75818798871524695215 1.95564144780631798959 = -268.12767574557705074767 @ 398841 159598 1
-2.05047609328414681684 -4.11338115885371014002 3.64605098124355508915 = -274.06353699000271717523 @ 399354 159844 1
-2.05047609328524993444 -4.11338115885371014002 3.64605098124355597733 = -274.06353975222157259850 @ 399526 159926 1
-2.05047609329240199116 -4.11338115885371813363 3.64605098124300575080 = -274.06355823896467427403 @ 399604 159963 1
-2.05047550658875898932 -4.11338185852379556451 3.64605104342927655026 = -274.07653614836573296998 @ 399040 159694 1
-2.05047667928317123298 -4.11338186102611125250 3.64605097843226211296 = -274.08897429494277275808 @ 397095 158766 1
-2.05047667928317123298 -4.11338186102611125250 3.64605097843268666225 = -274.08897503698057107613 @ 398229 159307 1
-3.09537610427883524977 3.81417737925814392952 1.39229429433930329552 = -276.31297925076773935871 @ 398631 159498 1
-4.39456570322831918674 -3.94198224083624415570 1.78444039302566714866 = -283.72270850658424024004 @ 399124 159734 1
-4.39456570322831918674 -3.94198224083624415570 1.78444039302566714866 = -283.72270850658424024004 @ 399823 160068 1
-4.39456570322753137248 -3.94198224083610293533 1.78444039302728296725 = -283.72270963611600791410 @ 398641 159503 1
-4.39456569559210308284 -3.94198223032423422652 1.78444032305465571930 = -283.72350738651954316083 @ 399942 160125 1
-4.39456569559210308284 -3.94198223032423422652 1.78444032306021682643 = -283.72351332628744557951 @ 399934 160121 1
-4.17231580275669866609 1.70532863887888086474 2.01943080389083728932 = -293.05528187483298552252 @ 395578 158060 1
-4.17231580275669866609 1.70532863887471552999 2.01943080389083728932 = -293.05529206082587734272 @ 399603 159963 1
-4.17231570889905611921 1.70532875178862264320 2.01943021814314205287 = -293.12741673102584627486 @ 399090 159717 1
-4.17231686361759468440 1.70534330047512860951 2.01943135666139594875 = -293.16978432050450464885 @ 399587 159955 1
-4.17231686361759468440 1.70534330047512860951 2.01943135666136219797 = -293.16978434022246347013 @ 398514 159443 1
-4.17231686355518416320 1.70534329972041187595 2.01943135668255147053 = -293.17055117646896178485 @ 397577 158996 1
-3.27354392646162528635 -1.21625389525261784485 3.30554788371481089726 = -299.31785137025042331516 @ 399520 159923 1
-3.27354392654425474518 -1.21625389525263516433 3.30554788371481089726 = -299.31798783962955212701 @ 398441 159408 1
-3.27354392656197434874 -1.21625389525263516433 3.30554788372347907455 = -299.31804866496912609364 @ 397759 159082 1
-3.27354392635603064221 -1.21625389525263516433 3.30554788371481089726 = -299.31806445551217166212 @ 398986 159668 1
-3.27354392635587299054 -1.21625389525276794700 3.30554788371425933846 = -299.31806536099537652262 @ 399230 159785 1
-3.27354685810527845646 -1.21625574268379321730 3.30554681838751651668 = -299.51585126496888733527 @ 398105 159247 1
-3.27355014018126144748 -1.21624390742252797004 3.30554595475157597662 = -299.86273349381644948153 @ 397061 158750 1
-4.17337145801227382691 1.70672708053630595160 2.01910464797497679612 = -302.29562819831124897973 @ 399360 159847 1
-2.88301002459874800010 1.01960843959459923624 0.32846690248975068949 = -310.23788388336299703951 @ 398940 159646 1
-2.88301002459874800010 1.01960843959459923624 0.32846690248975068949 = -310.23788388336299703951 @ 399832 160072 1
-2.88301002459844557535 1.01960843959395885960 0.32846690248975068949 = -310.23788752657429768078 @ 397647 159029 1
-2.88300978993101120196 1.01960998711699102337 0.32846953016569768735 = -310.54619929057412264228 @ 398766 159563 1
0.20430836501663698912 2.13399986615609060792 4.59869076864492765111 = -314.47439531507143328781 @ 399223 159781 1
0.20430840257156818174 2.13399982751770611600 4.59869076864492765111 = -314.49019236096035001538 @ 398618 159492 1
0.20430840257156818174 2.13399982751770611600 4.59869076864489390033 = -314.49019247797815523882 @ 399394 159863 1
0.20430836587988882025 2.13399982298603019260 4.59869055558144612661 = -314.51245792811909041120 @ 399519 159923 1
0.20430836587988882025 2.13399982660785081379 4.59869055558144612661 = -314.51248385179542310652 @ 399440 159885 1
0.20429780381928069888 2.13399803246359498488 4.59872403055599221489 = -315.10604269430780277617 @ 399367 159850 1
0.20414669382236450001 2.13397712082026203007 4.59861578883852839539 = -315.48009678913240350084 @ 397606 159009 1
-2.82250149241936698630 -4.85522753557793063095 3.35903408057250940644 = -324.55078390211127725706 @ 399630 159976 1
-2.82250149241937231537 -4.85522753557793063095 3.35903408057250940644 = -324.55078390541956423476 @ 398650 159507 1
-2.82250149216785928274 -4.85522753550410524070 3.35903408057074770454 = -324.55113532689580324586 @ 399085 159715 1
-2.82250144309972350598 -4.85522752478716324021 3.35903405850899217100 = -324.55975229934779235919 @ 393273 157034 1
-2.82247672980392794173 -4.85530766919120182479 3.35904168368108679843 = -325.09397785632063460071 @ 399386 159859 1
-2.82250228546501036320 -4.85533037567800196399 3.35914442771699617296 = -325.92048024631975522425 @ 398782 159570 1
-3.02781282576530541562 -2.65071953479708888324 2.32303693334458571940 = -341.18370130615380730887 @ 399807 160060 1
-3.02781282543821816944 -2.65071953479708888324 2.32303693334458571940 = -341.18387313019729845109 @ 399549 159937 1
-3.02781282543821816944 -2.65071953479694366607 2.32303693334458571940 = -341.18387330925884270982 @ 398043 159218 1
-3.02781282543821816944 -2.65071953479708888324 2.32303693370280717190 = -341.18404297242523171008 @ 399754 160035 1
-3.02781281624795806096 -2.65071958685985276105 2.32303693220267160058 = -341.18540797094857452976 @ 399190 159765 1
-1.88246178848166612063 0.12439652830138527018 3.82279750566835563319 = -351.83557993110048300878 @ 398022 159207 1
-1.88246178848363143743 0.12439652830138527018 3.82279750566826148628 = -351.83558741096391031533 @ 399008 159678 1
-1.88246178848363143743 0.12439652830138299422 3.82279750566830278657 = -351.83558742638484773124 @ 399306 159821 1
-1.88246179835965765648 0.12439652508371649986 3.82279750630589454374 = -351.84209791961848168285 @ 398632 159499 1
-1.88246180039064658907 0.12439640131028900649 3.82279728467136026282 = -351.85651831861736127394 @ 398198 159292 1
-1.88196667568533104742 0.12428169073042011350 3.82294065010609784849 = -352.76714738468825771633 @ 399382 159857 1
-2.44548591432356232644 -4.20649038034713651513 4.56541682657759739783 = -357.23317754932156731229 @ 398707 159535 1
-2.44548591432356232644 -4.20649038034713651513 4.56541682657759739783 = -357.23317754932156731229 @ 399786 160050 1
-2.44548591432345663321 -4.20649038034713651513 4.56541682658574199394 = -357.23317811390296583340 @ 399322 159829 1
-2.44548591432147821578 -4.20649038035142996961 4.56541682658574199394 = -357.23318193425848221523 @ 398918 159635 1
-1.88287653362712337213 0.12525369455885584924 3.82267595633825019164 = -362.89295808345809746243 @ 399150 159746 1
-1.88107712703847518299 0.12322544776381033627 3.82328342693774159144 = -365.87407709128785882058 @ 399237 159788 1
-4.10742580797057232900 -3.46633464369720645237 2.72721329558586056407 = -366.81367270391609736180 @ 399418 159874 1
-4.10742580797074907650 -3.46633464369695643015 2.72721329558586056407 = -366.81367326945542117755 @ 399410 159870 1
-4.10742580797079437360 -3.46633464369695643015 2.72721329558586056407 = -366.81367338250646525921 @ 399209 159775 1
0.21636524909408769157 2.92928132834905374793 2.50894455408180405698 = -368.85945230328752586502 @ 399111 159728 1
0.21636523252647879567 2.92928132931676099560 2.50894455318623732509 = -368.86298902752253070503 @ 399771 160043 1
0.21636523252648787174 2.92928132931676099560 2.50894455318623732509 = -368.86298904838497492165 @ 399683 160001 1
-4.38988871637686450811 4.50059321262166633915 3.08094092623000159747 = -378.28057293746195455242 @ 399442 159886 1
-4.38988871637688138350 4.50059321262164235833 3.08094092623000159747 = -378.28057297975226447306 @ 399094 159719 1
-4.38988871637688138350 4.50059321262162459476 3.08094092623000159747 = -378.28057298784545992021 @ 398477 159425 1
-4.38988840699732918438 4.50059309909926419380 3.08094063933780271114 = -378.32415894998780458991 @ 398375 159376 1
-4.38988904387879319557 4.50059532406812490279 3.08093900428829448046 = -378.44545034380990955469 @ 398608 159488 1
-4.27803093439367998485 -1.11242622900933119112 1.90396753350693481721 = -381.51708969959702244523 @ 399046 159696 1
-4.27803093439763237882 -1.11242622901030974170 1.90396779827216211523 = -381.53314263423885677184 @ 399384 159858 1
-2.31614365775451647167 -2.72351095183245561770 4.65155001311769655814 = -389.19133523034815880237 @ 397254 158842 1
-0.85728761468851821803 0.82279727168802496706 3.13775015871335627438 = -394.59459162389885023003 @ 386939 154214 1
