0.69999999964476622427 = 1.00000000000000000000 @ 48258 9046 1
0.10000000250450180594 = 0.99999999999999533706 @ 49123 9218 1
0.10000001893710082357 = 0.99999999999973487874 @ 48945 9179 1
0.69999997691141957468 = 0.99999999999960564878 @ 49261 9245 1
0.49999995025904997448 = 0.99999999999816879814 @ 49737 9331 1
0.49999994920263113318 = 0.99999999999809019435 @ 48766 9143 1
0.90000009305783146285 = 0.99999999999358979430 @ 48070 9013 1
0.10000009609362423002 = 0.99999999999316480093 @ 48629 9118 1
0.90000012474632617998 = 0.99999999998848121407 @ 48460 9087 1
0.90000012474625434855 = 0.99999999998848121407 @ 49856 9356 1
0.30000074336733884017 = 0.99999999959095786650 @ 49333 9257 1
0.30000074426274953021 = 0.99999999958997198846 @ 48576 9108 1
0.69999924457585371851 = 0.99999999957758189950 @ 49392 9267 1
0.30000093456312904028 = 0.99999999935348515834 @ 48336 9064 1
0.70000101397964142880 = 0.99999999923893878595 @ 49898 9362 1
0.09999796257062919247 = 0.99999999692725793921 @ 49839 9353 1
0.09999792830219590700 = 0.99999999682302465054 @ 49045 9203 1
0.50000304744768386822 = 0.99999999312562026788 @ 43881 8211 1
0.50000304744788592881 = 0.99999999312561893561 @ 49836 9352 1
0.90000309076125628582 = 0.99999999292881969204 @ 49899 9362 1
0.30000493248261245194 = 0.99999998199089523698 @ 47708 8943 1
0.49999408451320681568 = 0.99999997409748220267 @ 49145 9222 1
0.70001479060676108368 = 0.99999983806789582985 @ 47084 8835 1
0.89998335840384269257 = 0.99999979500138480581 @ 49304 9251 1
0.50001972340337486056 = 0.99999971204497140054 @ 48040 9008 1
0.09997582644878447167 = 0.99999956744450324564 @ 49023 9197 1
0.09997582644879376979 = 0.99999956744450324564 @ 49843 9353 1
0.29996995513049484750 = 0.99999933180761213514 @ 49912 9364 1
0.49996895216582482036 = 0.99999928645151003881 @ 45785 8592 1
0.30003451086513466262 = 0.99999911839807131830 @ 49811 9348 1
0.69996435087578090517 = 0.99999905928394194898 @ 45869 8607 1
0.69996434073684987709 = 0.99999905874876982015 @ 48816 9155 1
0.50004695430954027024 = 0.99999836803210373493 @ 47423 8900 1
0.29993216877747919114 = 0.99999659419608610822 @ 49604 9308 1
0.29993216877654249597 = 0.99999659419599218335 @ 49464 9284 1
0.29992863141743175692 = 0.99999622971288448792 @ 42176 7890 1
0.90007805020208508928 = 0.99999549070962945319 @ 49192 9229 1
0.10008166736288466592 = 0.99999506306828955804 @ 48893 9170 1
0.10008166766199906583 = 0.99999506303212537528 @ 49358 9261 1
0.09991148781422581893 = 0.99999420082758894157 @ 49116 9217 1
0.50009680801490052904 = 0.99999306283060696021 @ 48742 9139 1
0.50009681947831352566 = 0.99999306118760011852 @ 49418 9273 1
0.30010543352990004529 = 0.99999177157122431936 @ 49864 9357 1
0.70010610531236627807 = 0.99999166638070513535 @ 49804 9347 1
0.49989346074442425616 = 0.99999159807688853263 @ 49615 9311 1
0.49989346041914883845 = 0.99999159802558534871 @ 49887 9360 1
0.89987638134259728684 = 0.99998868832625953385 @ 49352 9260 1
0.89987627639430733950 = 0.99998866911170425364 @ 49825 9351 1
0.89987627639258016554 = 0.99998866911138850622 @ 49687 9323 1
0.30015379703926081678 = 0.99998249131299288273 @ 49287 9249 1
0.10015607546690420693 = 0.99998196870934774605 @ 49838 9353 1
0.10015607710576615585 = 0.99998196833067565237 @ 48616 9115 1
0.29983921324215523363 = 0.99998086370439076553 @ 48644 9122 1
0.29979029307255761205 = 0.99996744780489943416 @ 47771 8959 1
0.90022728431366871860 = 0.99996176223016608464 @ 48150 9031 1
0.70023171685672580544 = 0.99996025627267759450 @ 48431 9080 1
0.89975885485340689751 = 0.99995695628458447501 @ 49817 9349 1
0.89971690803457649022 = 0.99994067952147902556 @ 45122 8458 1
0.69970899227845040347 = 0.99993731582210432229 @ 49832 9352 1
0.69970899227357308270 = 0.99993731582000278113 @ 49607 9309 1
0.69970781675210813599 = 0.99993680838774867681 @ 49686 9323 1
0.29967159355805061960 = 0.99992016948434880863 @ 48679 9130 1
0.29967159197521309189 = 0.99992016871484823426 @ 48373 9071 1
0.50035267897572466289 = 0.99990793334191174768 @ 49824 9350 1
0.50035267897643609381 = 0.99990793334154004501 @ 46169 8662 1
0.50035280369817469737 = 0.99990786821560684317 @ 49673 9321 1
0.50035280491192868357 = 0.99990786758170802084 @ 49565 9299 1
0.70035830685117861361 = 0.99990497171522096931 @ 40347 7550 1
0.09964121458395203135 = 0.99990471771147160229 @ 47874 8976 1
0.09964121458382760310 = 0.99990471771140565505 @ 49845 9354 1
0.09964121458373113860 = 0.99990471771135436274 @ 49770 9339 1
0.10036310621957150735 = 0.99990240904972560454 @ 48756 9142 1
0.10036311545923830291 = 0.99990240408324393417 @ 49512 9292 1
0.30042372920389115443 = 0.99986710392637956346 @ 49228 9237 1
0.30042400647665828961 = 0.99986692995518389182 @ 49865 9357 1
0.30042432182712347499 = 0.99986673195434483397 @ 48780 9146 1
0.49954397870553007843 = 0.99984607770044608976 @ 48372 9071 1
0.49954397834529756794 = 0.99984607745728182326 @ 49321 9255 1
0.49950682828850007100 = 0.99981997924723464699 @ 49941 9371 1
0.49950682822608122313 = 0.99981997920166931770 @ 49334 9257 1
0.90050825953261337542 = 0.99980879679602729926 @ 47724 8947 1
0.90050858638813358059 = 0.99980855081697894704 @ 47823 8968 1
0.10052508736968791825 = 0.99979592737095435151 @ 47298 8874 1
0.89947437564966314927 = 0.99979550980570219831 @ 49057 9206 1
0.89947207729608802396 = 0.99979371774592840083 @ 47128 8841 1
0.70055770389566907053 = 0.99976979013729327939 @ 47828 8969 1
0.70055789892031017363 = 0.99976962912049516241 @ 49474 9286 1
0.69939531047756775539 = 0.99972937142327999993 @ 49014 9195 1
0.69939531006595967444 = 0.99972937105489378951 @ 49326 9256 1
0.50060601881524746659 = 0.99972818041033417735 @ 49200 9231 1
0.09935746301003810232 = 0.99969443874083463442 @ 48812 9154 1
0.09935746300525427621 = 0.99969443873628549557 @ 49623 9313 1
0.30065904218965011641 = 0.99967854114914223018 @ 48909 9173 1
0.30065904273811444591 = 0.99967854061417360523 @ 47633 8932 1
0.29933339794222274532 = 0.99967112503043920047 @ 48571 9107 1
0.29933325467725779845 = 0.99967098367344142673 @ 46491 8723 1
0.09926051696840253180 = 0.99959529431437565972 @ 48914 9174 1
0.90075171853164537339 = 0.99958179349237874511 @ 47687 8940 1
0.70078463247885103282 = 0.99954437702995446724 @ 49742 9332 1
0.29914017824613126084 = 0.99945289303907869360 @ 48110 9022 1
0.29914017798071823595 = 0.99945289270139425764 @ 49183 9227 1
0.89914017743026153351 = 0.99945289200105025262 @ 48658 9126 1
0.89914012786652619535 = 0.99945282893943132585 @ 48993 9190 1
0.89914012189347669590 = 0.99945282133947266345 @ 48499 9097 1
0.10087522356792909262 = 0.99943312203945833261 @ 49024 9198 1
0.10087522869168992490 = 0.99943311540384238700 @ 48195 9036 1
0.10087522879107979623 = 0.99943311527512557202 @ 49481 9287 1
0.30087686352194420447 = 0.99943099620687569917 @ 47161 8847 1
0.09909526684454625367 = 0.99939426164657840790 @ 48713 9135 1
0.70092145756347334906 = 0.99937166626806450687 @ 49364 9262 1
0.50098425622254716405 = 0.99928313242480992784 @ 49662 9320 1
0.50099465952196431395 = 0.99926790313570801327 @ 48837 9160 1
0.90100302232097628785 = 0.99925554497376545271 @ 47751 8954 1
0.90100340761896813291 = 0.99925497310793454098 @ 48536 9102 1
0.70123784053999616006 = 0.99886636955994445586 @ 49923 9366 1
0.69873598113942436694 = 0.99881793911508143236 @ 47550 8920 1
0.69873598108828816056 = 0.99881793901949089687 @ 49667 9321 1
0.69873598105646927969 = 0.99881793896001058730 @ 49548 9297 1
0.89870983620953026616 = 0.99876856102267486115 @ 48369 9070 1
0.29856632666348437155 = 0.99847956530839232503 @ 49909 9364 1
0.29856632666348426053 = 0.99847956530839165890 @ 49951 9373 1
0.10143395766688434456 = 0.99847896258226831456 @ 49805 9347 1
0.50145602726361926393 = 0.99843181556253834952 @ 48787 9148 1
0.50145603094698953939 = 0.99843180763386396581 @ 49714 9328 1
0.90149872995920943275 = 0.99833855152389028298 @ 49217 9235 1
0.89847300110439531906 = 0.99827533270959367684 @ 46739 8771 1
0.89847300110404459961 = 0.99827533270880208782 @ 49720 9329 1
0.49846523159288363969 = 0.99825775116027382072 @ 49866 9357 1
0.49846523159283478988 = 0.99825775116016346455 @ 49886 9360 1
0.49843439637289255195 = 0.99818709743766276254 @ 47811 8966 1
0.09841987352431315339 = 0.99815333550774154592 @ 48707 9134 1
0.09841987329823304043 = 0.99815333497974445542 @ 49783 9341 1
0.70158952050797740441 = 0.99813133127868114425 @ 49957 9375 1
0.70158952171209776338 = 0.99813132844986152126 @ 49535 9295 1
0.50172056698425382404 = 0.99781082112643548765 @ 49299 9250 1
0.50172056700136113960 = 0.99781082108294449906 @ 46264 8679 1
0.89819312217911406737 = 0.99758591720822875626 @ 49178 9226 1
0.89819312210260271456 = 0.99758591700400223168 @ 42523 7956 1
0.30184452318141735683 = 0.99748439073420913648 @ 49682 9323 1
0.30184452449620718939 = 0.99748438715193110671 @ 49813 9349 1
0.30184452449620718939 = 0.99748438715193110671 @ 49987 9382 1
0.70195803249558852421 = 0.99716565257238887199 @ 48620 9116 1
0.70195834208314267233 = 0.99716475734608067683 @ 47962 8996 1
0.10228077720292860775 = 0.99615599797391940484 @ 49679 9322 1
0.10228077720389967820 = 0.99615599797065190746 @ 48185 9035 1
0.10228130406803261077 = 0.99615422486123206269 @ 46877 8796 1
0.30233033747646842482 = 0.99598742762644609794 @ 49913 9364 1
0.29760480224320884357 = 0.99576138262110858168 @ 48464 9088 1
0.29760480149412787965 = 0.99576137997491620535 @ 49670 9321 1
0.29760480149412754658 = 0.99576137997491487308 @ 49934 9369 1
0.69758853816408294968 = 0.99570373479336016231 @ 48023 9005 1
0.69758853733654502260 = 0.99570373185031191277 @ 49021 9197 1
0.69758646102942811762 = 0.99569634453644162431 @ 45033 8443 1
0.89757597821353851675 = 0.99565895128719383855 @ 49212 9233 1
0.89757596531783478966 = 0.99565890518790001185 @ 49191 9229 1
0.89757594379090921421 = 0.99565882823335150054 @ 49932 9369 1
0.90242968223696440333 = 0.99563869303728846916 @ 49648 9318 1
0.09756236075307132827 = 0.99561013633143546908 @ 48935 9177 1
0.09756235951396659278 = 0.99561013187723113038 @ 47310 8876 1
0.70245856854896471244 = 0.99553458144162809695 @ 48483 9093 1
0.90257690185639605218 = 0.99509534818147793445 @ 48887 9169 1
0.90257856649672907334 = 0.99508902333048687705 @ 49285 9249 1
0.49721547015468048336 = 0.99427524114870813321 @ 48774 9145 1
0.49721546437338209889 = 0.99427521743756896999 @ 48522 9100 1
0.49720477331673085253 = 0.99423128629454182725 @ 48663 9127 1
0.50300028865698909186 = 0.99335643358954150983 @ 49880 9359 1
0.50300028865704715653 = 0.99335643358928515934 @ 48519 9099 1
0.49687576565391466943 = 0.99279798527674645303 @ 48477 9091 1
0.49687419821993872304 = 0.99279078015828614578 @ 48980 9186 1
0.70323749752340314334 = 0.99226816104510362493 @ 49268 9246 1
0.90340271600916621786 = 0.99146195047119600741 @ 49383 9265 1
0.30340786042774847697 = 0.99143621298831030586 @ 49755 9335 1
0.09656737669369773458 = 0.99131178885938309175 @ 49953 9374 1
0.09656626511146790270 = 0.99130618277795501392 @ 48651 9124 1
0.90351434273100406092 = 0.99089488901452071890 @ 49858 9356 1
0.90351434273128228281 = 0.99089488901308486746 @ 49398 9268 1
0.29645729978597179510 = 0.99074796530428965724 @ 49591 9305 1
0.29645729864876213533 = 0.99074795938897497471 @ 48804 9152 1
0.29644169268274300766 = 0.99066660749400337060 @ 47474 8908 1
0.29644169250367580215 = 0.99066660655853155948 @ 49349 9259 1
0.70357819006961208608 = 0.99056245193697523010 @ 49590 9305 1
0.70357840163354457008 = 0.99056134059378453394 @ 49527 9294 1
0.50371050112072268679 = 0.98985481859696566875 @ 49802 9346 1
0.69628875140492929585 = 0.98985074923350380161 @ 49523 9293 1
0.69628875139485824075 = 0.98985074917867021949 @ 49922 9366 1
0.30375676842998183824 = 0.98960141584112426560 @ 49600 9307 1
0.50383287479247373941 = 0.98917788450158472546 @ 47150 8845 1
0.90389975543221912080 = 0.98879881897737831320 @ 47929 8987 1
0.69608692109839653828 = 0.98872253669132503795 @ 48286 9053 1
0.09588278570714824089 = 0.98752193738086624375 @ 49561 9299 1
0.09588278310000068749 = 0.98752192166591412636 @ 48317 9061 1
0.10433288319561770385 = 0.98618871566120780425 @ 49585 9304 1
0.10433288319601920213 = 0.98618871565866417228 @ 49148 9222 1
0.10433294416561264550 = 0.98618832936675759893 @ 48962 9182 1
0.69564337758043170989 = 0.98603790764659349222 @ 49015 9195 1
0.70436588822178525238 = 0.98597882685726545571 @ 49757 9336 1
0.10441869317483495894 = 0.98563979574983451304 @ 48133 9028 1
0.10441869387896304811 = 0.98563979120254097133 @ 47806 8965 1
0.89557110403567907753 = 0.98557383153564759315 @ 49808 9348 1
0.90447404259366670498 = 0.98528016612558400045 @ 46921 8804 1
0.49551344934218971572 = 0.98519829186435126100 @ 49296 9250 1
0.29539297940483794092 = 0.98439834546766014078 @ 49815 9349 1
0.89510219185707529110 = 0.98238269362098951110 @ 49888 9361 1
0.09489321748380472044 = 0.98086041955448166618 @ 47942 8991 1
0.29487718925837896888 = 0.98074112476230601576 @ 49362 9261 1
0.29485427618578186060 = 0.98056996080574121422 @ 48802 9151 1
0.29483165243141107315 = 0.98040023486220373439 @ 47258 8867 1
0.50518735470091979955 = 0.98025708597206329120 @ 49265 9245 1
0.50530305944131514995 = 0.97937475067683532615 @ 49434 9277 1
0.30532404620369762993 = 0.97921270234570056967 @ 49445 9280 1
0.30532404620370001691 = 0.97921270234568225099 @ 49945 9372 1
0.09456209418022842872 = 0.97832280995725173778 @ 47988 9000 1
0.50560909786668206678 = 0.97695079606873247435 @ 48476 9091 1
0.90576986991208485733 = 0.97562520084330162096 @ 47625 8931 1
0.90576989808324981368 = 0.97562496542659238319 @ 47666 8937 1
0.70603432393857890048 = 0.97336693624473147324 @ 49936 9369 1
0.70603432394004739248 = 0.97336693623192394043 @ 49716 9328 1
0.29389326010510596898 = 0.97273174278201635090 @ 47859 8974 1
0.30636033733076190044 = 0.97045063648830176550 @ 48534 9102 1
0.49351206211979059546 = 0.96926964920696989658 @ 49083 9212 1
0.49351206015009391193 = 0.96926963080565264885 @ 48039 9008 1
0.69345414733901855620 = 0.96872631784895246732 @ 48505 9098 1
0.69340158189586664772 = 0.96822922881878237256 @ 46515 8726 1
0.69340111882485322425 = 0.96822483309818130337 @ 46545 8733 1
0.10676129948453819130 = 0.96666516286336245933 @ 48524 9100 1
0.89323226154567680890 = 0.96660259589502273148 @ 49828 9351 1
0.89323226154559465240 = 0.96660259589422492521 @ 47616 8930 1
0.89323226154558965639 = 0.96660259589417640846 @ 49872 9358 1
0.30679165316206125080 = 0.96636972881159033388 @ 49493 9289 1
0.50701922525754894444 = 0.96411525087039662285 @ 48006 9003 1
0.50701922525754894444 = 0.96411525087039662285 @ 49971 9378 1
0.50701935238943818263 = 0.96411397198332660086 @ 49760 9336 1
0.29275916506607113643 = 0.96185315138825366876 @ 49848 9354 1
0.29275914292413385276 = 0.96185292209932582441 @ 48818 9156 1
0.09258167063191809210 = 0.95999419629022419986 @ 48327 9062 1
0.09258166480574371582 = 0.95999413458509008645 @ 49184 9227 1
0.10749712894479801495 = 0.95915552187018016106 @ 49282 9248 1
0.10750407308940342077 = 0.95908122096556580605 @ 48902 9172 1
0.49244518900935169148 = 0.95853640480917956523 @ 49724 9329 1
0.49244518900853584409 = 0.95853640480039192795 @ 49791 9343 1
0.90781168135888512527 = 0.95572620400067664903 @ 49393 9267 1
0.90781208706692517740 = 0.95572169707531495764 @ 47166 8847 1
0.89192416441596045207 = 0.95274636340088869613 @ 47780 8961 1
0.89192415098322364031 = 0.95274620956453603959 @ 48692 9132 1
0.29175545299621641337 = 0.95079581782398459033 @ 48345 9065 1
0.09143263610686970522 = 0.94696157480737985779 @ 48709 9134 1
0.69129643156914022395 = 0.94530391416297587792 @ 49469 9285 1
0.69129502151586874614 = 0.94528663014720282209 @ 48607 9113 1
0.49118127714813086815 = 0.94388409950437734963 @ 49490 9288 1
0.49118123066137658883 = 0.94388352295565958183 @ 47935 8989 1
0.70921098345962141352 = 0.93892255418722070370 @ 49596 9306 1
0.30937305290053807028 = 0.93681662296350554087 @ 49761 9337 1
0.30937306795751362554 = 0.93681642580352320060 @ 49954 9374 1
0.50954075557121047968 = 0.93460336348976280618 @ 48439 9082 1
0.50954075686755184726 = 0.93460334624770646794 @ 49403 9269 1
0.70964114624982377322 = 0.93326194329833378482 @ 46210 8669 1
0.29008053774305503358 = 0.92947891353489331401 @ 49919 9365 1
0.29008053752498957900 = 0.92947891053407138973 @ 49515 9292 1
0.49001932445138451921 = 0.92863429297374000537 @ 48127 9027 1
0.71010091470659131296 = 0.92696212168712555091 @ 49064 9208 1
0.88931656761104149744 = 0.91861779548337307855 @ 48148 9030 1
0.91101716689671374816 = 0.91365840057188107970 @ 49436 9277 1
0.91101915439193925650 = 0.91362848138256924635 @ 48684 9130 1
0.88889314704424782221 = 0.91230379229075264647 @ 48623 9117 1
0.91126827642823848841 = 0.90984257662373257958 @ 48792 9149 1
0.91126828726548969595 = 0.90984241039620672442 @ 48745 9140 1
0.71134818436790869800 = 0.90861329915385513623 @ 44057 8244 1
0.11136132817960152364 = 0.90841040919849913582 @ 48432 9080 1
0.11136133132360398479 = 0.90841036064390279225 @ 49138 9221 1
0.11136133136898164475 = 0.90841035994311036816 @ 48328 9062 1
0.28827007114997899029 = 0.90264189710064601790 @ 48910 9173 1
0.68816232313790226538 = 0.90092719590312397848 @ 48788 9148 1
0.68816232004213639950 = 0.90092714645367377724 @ 49778 9340 1
0.68816232004151745016 = 0.90092714644378590894 @ 48384 9073 1
0.11193474123744236171 = 0.89937160013412797976 @ 49678 9322 1
0.51193528142605371212 = 0.89936291400071322055 @ 47741 8951 1
0.51193529690599626214 = 0.89936266508138984488 @ 48132 9028 1
0.31197730370836285196 = 0.89868622774644135731 @ 47965 8997 1
0.48777560687059262623 = 0.89466857882933925605 @ 49853 9355 1
0.48777560601070063528 = 0.89466856473292843965 @ 49731 9330 1
0.48770372787440396944 = 0.89348747848678944372 @ 49303 9251 1
0.51247391295499189479 = 0.89054486252965292525 @ 48270 9049 1
0.28711066914664729044 = 0.88353367649719416477 @ 48041 9008 1
0.28687668059831977763 = 0.87950581991992271558 @ 49503 9290 1
0.08681669693553444034 = 0.87846426390137699602 @ 49459 9283 1
0.08681669665964431015 = 0.87846425910242553758 @ 49323 9255 1
0.71324779567340979014 = 0.87734034690355100494 @ 46585 8743 1
0.08648463800844224947 = 0.87263281014178761819 @ 41944 7844 1
0.88624139618002995000 = 0.86829159008953826770 @ 47367 8886 1
0.51402475864793761851 = 0.86347533100860041078 @ 49458 9283 1
0.51402734185548693002 = 0.86342825154099311913 @ 47725 8947 1
0.11451612838941181705 = 0.85440634041672447463 @ 49382 9265 1
0.11451612838941427341 = 0.85440634041667895548 @ 49902 9362 1
0.31452488085901214587 = 0.85424275287555129221 @ 49354 9260 1
0.31452488086957552937 = 0.85424275267807425749 @ 48853 9163 1
0.31452495621363851797 = 0.85424134415683616872 @ 47683 8940 1
0.68481992694561744095 = 0.84179925043271297547 @ 45053 8446 1
0.51518064553594833388 = 0.84178821009131410413 @ 46655 8754 1
0.11520441721945942626 = 0.84132951784538068107 @ 49644 9317 1
0.08450931003512120177 = 0.83576705648079874234 @ 49391 9267 1
0.31560011013983108041 = 0.83362233011793640536 @ 49243 9241 1
0.31560012065216636046 = 0.83362212357803366913 @ 48806 9152 1
0.48431540822037527638 = 0.83195946732436676374 @ 45492 8534 1
0.88422061638328663946 = 0.83008651374075292928 @ 49759 9336 1
0.88422061512566407782 = 0.83008648884196767348 @ 49657 9319 1
0.31642697237569145097 = 0.81709346052573517127 @ 48046 9009 1
0.11649554028249912985 = 0.81569802940749547293 @ 49305 9251 1
0.71664115362398872477 = 0.81272245428034428638 @ 49908 9363 1
0.71664115362401603626 = 0.81272245427978329069 @ 49764 9337 1
0.71664122491870174692 = 0.81272099335818670518 @ 48900 9172 1
0.71708120848492618027 = 0.80363140349281969588 @ 47531 8917 1
0.71715557078004332769 = 0.80208083214607062139 @ 48757 9142 1
0.28276300684445038192 = 0.80037838965188112805 @ 48678 9130 1
0.28276281315511403447 = 0.80037433407063407476 @ 47774 8960 1
0.51738262059259376713 = 0.79732148133992575278 @ 49889 9361 1
0.51738262059261819203 = 0.79732148133941171952 @ 48978 9186 1
0.51738262719432615011 = 0.79732134241433738620 @ 49851 9355 1
0.11771575021443075881 = 0.79027181403413515604 @ 49238 9239 1
0.08221927333401590765 = 0.78888774296214037030 @ 48302 9057 1
0.91838843872591935380 = 0.77580505299530677643 @ 47728 8948 1
0.91838878046962191259 = 0.77579762776560834414 @ 49820 9350 1
0.91838878047016458961 = 0.77579762775381666540 @ 48702 9133 1
0.31851258265519805102 = 0.77310281320781304437 @ 49042 9202 1
0.31851282718647350167 = 0.77309748083852924960 @ 49388 9266 1
0.48142647997600507281 = 0.77177281719902934842 @ 49494 9289 1
0.88130302797182724639 = 0.76907127875970338060 @ 49284 9248 1
0.68116320195541923965 = 0.76600005794799141956 @ 49849 9354 1
0.68116320195526558479 = 0.76600005794460934716 @ 49753 9335 1
0.08111781973782142274 = 0.76500069460379216402 @ 47069 8833 1
0.08111781973620475761 = 0.76500069456816943703 @ 49560 9299 1
0.28104041999925094553 = 0.76329340797350664349 @ 49826 9351 1
0.91897513864823499041 = 0.76294978131801760579 @ 49692 9324 1
0.91897513865728286397 = 0.76294978111814404365 @ 49626 9313 1
0.11901594292505006389 = 0.76204789716679854905 @ 49861 9356 1
0.71917650373191688296 = 0.75848952968744065561 @ 49583 9303 1
0.88040358725083756042 = 0.74911346422243763055 @ 48810 9154 1
0.32041438190524745844 = 0.73057669522517576510 @ 49283 9248 1
0.67925741268422346053 = 0.72304530798299215810 @ 49513 9292 1
0.67873187496995179835 = 0.71088377741733099757 @ 49132 9220 1
0.47869223124683213388 = 0.70996154748906237231 @ 46022 8635 1
0.47868732423854554181 = 0.70984735049893876724 @ 46188 8665 1
0.72149040602273384337 = 0.70570450939099627075 @ 49383 9265 1
0.12188207441743686976 = 0.69653071967339386106 @ 49632 9315 1
0.12188207441811220455 = 0.69653071965752544337 @ 45640 8563 1
0.87789122768617622317 = 0.69119464642815620081 @ 48944 9179 1
0.87789122768322214174 = 0.69119464635850347278 @ 49763 9337 1
0.52261457828467916542 = 0.67922480648600025432 @ 46754 8773 1
0.07736783925179424592 = 0.67880721814690236915 @ 49793 9344 1
0.07736781132523332105 = 0.67880655480650542444 @ 44994 8435 1
0.92287349239214910845 = 0.67306594949631459723 @ 49691 9324 1
0.92287349239369464993 = 0.67306594945948983177 @ 49719 9328 1
0.92287659027993274030 = 0.67299213740891494773 @ 49854 9355 1
0.92287708321214123597 = 0.67298039225795713847 @ 48827 9158 1
0.27675871359964643315 = 0.66428362700788445849 @ 48410 9077 1
0.72352312282477704297 = 0.65752935765952591485 @ 48778 9146 1
0.47647635827222234450 = 0.65751690367986159735 @ 49454 9281 1
0.47647499552107203113 = 0.65748419653232148541 @ 49061 9207 1
0.12356207138905800358 = 0.65659438762793087552 @ 48363 9068 1
0.32375195051057537032 = 0.65203115326652172357 @ 48781 9147 1
0.32375195573837084462 = 0.65203102751602048937 @ 48409 9077 1
0.27620944163180272124 = 0.65110230413879299771 @ 48683 9130 1
0.87583903322033895833 = 0.64217457602725758203 @ 49927 9367 1
0.07521321600307719069 = 0.62703227615783885263 @ 45910 8617 1
0.12489776048459877433 = 0.62434054529933646904 @ 49570 9300 1
0.27461043898560894005 = 0.61239281873701834069 @ 49019 9196 1
0.12626647827446205175 = 0.59103383935214137690 @ 49443 9279 1
0.12626647827446205175 = 0.59103383935214137690 @ 49997 9384 1
0.12627163027838916864 = 0.59090822041263901809 @ 49669 9321 1
0.47313480218663267474 = 0.57643161190500047386 @ 49937 9370 1
0.47313480218663217514 = 0.57643161190498948265 @ 49653 9318 1
0.47313473164981972863 = 0.57642989141306322232 @ 48849 9162 1
0.07249530736330676850 = 0.56083793359337930085 @ 49597 9307 1
0.07229773873263962980 = 0.55602381001508227598 @ 45694 8574 1
0.07229773454584488557 = 0.55602370802160649976 @ 48997 9191 1
0.87214372281866359149 = 0.55227269480225105180 @ 49723 9329 1
0.87214367289138561290 = 0.55227147908722407088 @ 48653 9124 1
0.27184667443667104303 = 0.54504335388261648809 @ 49120 9218 1
0.27184667394094974568 = 0.54504334182481084525 @ 49405 9270 1
0.27184666697002696223 = 0.54504317226574805488 @ 48501 9097 1
0.92843960330274244441 = 0.53808427458714713776 @ 48701 9133 1
0.92843960330274244441 = 0.53808427458714713776 @ 49947 9372 1
0.27149090968162864490 = 0.53639651536622712236 @ 49822 9350 1
0.12896970163826068645 = 0.52522478800771688068 @ 49409 9271 1
0.12896970175509525625 = 0.52522478517784132457 @ 48918 9174 1
0.87087645234497212954 = 0.52150030470584107789 @ 45507 8536 1
0.87087645234497212954 = 0.52150030470584107789 @ 49996 9384 1
0.87087645034641558706 = 0.52150025634707519728 @ 48700 9133 1
0.32985291895836743592 = 0.50389959015087271155 @ 49117 9217 1
0.32985291896325386052 = 0.50389959003330564435 @ 49734 9331 1
0.32985292910909919106 = 0.50389934592385932088 @ 47235 8863 1
0.73005636230937109854 = 0.49900919886885902743 @ 49883 9360 1
0.13068238355630276692 = 0.48402142023212785249 @ 49846 9354 1
0.86902860059425712791 = 0.47713595210373671573 @ 49729 9330 1
0.46889030648817497937 = 0.47384948457303521785 @ 49721 9329 1
0.46889030648817470182 = 0.47384948457302844549 @ 49895 9361 1
0.66872638177405507864 = 0.46996111926977512940 @ 49094 9214 1
0.66872638170809028946 = 0.46996111770666360030 @ 49910 9364 1
0.66870151388325138608 = 0.46937193958647538405 @ 47504 8912 1
0.26859720787441876411 = 0.46690272248704417501 @ 49775 9339 1
0.93154619827877138682 = 0.46351337283454174809 @ 49641 9317 1
0.93154684211315041953 = 0.46349817058532633007 @ 47829 8969 1
0.73183118308269090591 = 0.45679733476373363121 @ 49575 9301 1
0.73183118321365192571 = 0.45679733168357428141 @ 49011 9194 1
0.06725310337343272382 = 0.43540698340179262438 @ 49690 9324 1
0.06725232857147396548 = 0.43538901519251826944 @ 46629 8750 1
0.06725171347626621166 = 0.43537475086102894739 @ 48957 9181 1
0.33340621671940329218 = 0.42020300570214613733 @ 49713 9327 1
0.26633804035342678596 = 0.41435388190698196897 @ 47922 8986 1
0.26633804034924640769 = 0.41435388181160082155 @ 49676 9322 1
0.13408102627760778991 = 0.40483105711894251666 @ 47380 8889 1
0.86540568448502042109 = 0.39327632681989926899 @ 49593 9306 1
0.73468942665339231901 = 0.39114895882390948723 @ 48602 9112 1
0.26496712766988128607 = 0.38350383750668831651 @ 48321 9061 1
0.93545904338562824165 = 0.37409956549695849715 @ 47334 8880 1
0.93545904338562824165 = 0.37409956549695849715 @ 49950 9373 1
0.33590012532757385078 = 0.36446577208217750821 @ 49787 9342 1
0.13619299087503336509 = 0.35812695798646154710 @ 49605 9309 1
0.13619307809662176134 = 0.35812507715067604108 @ 49559 9299 1
0.66324791023033013992 = 0.34615805132394061872 @ 49037 9201 1
0.66324789908102932401 = 0.34615781441277704289 @ 49496 9289 1
0.66324789903415026782 = 0.34615781341664547677 @ 49051 9205 1
0.33694472476624165447 = 0.34207546160401874902 @ 49498 9290 1
0.13714227376624280041 = 0.33791116075074373315 @ 49884 9360 1
0.86277602092828931113 = 0.33619553539910573825 @ 49715 9328 1
0.46200517409314811879 = 0.32020701220326236447 @ 49365 9262 1
0.46200517401569918263 = 0.32020701061510103980 @ 47092 8836 1
0.46167378345027343389 = 0.31344581171603058678 @ 49100 9215 1
0.93854997375604876098 = 0.30891974345775291555 @ 49230 9238 1
0.13858752311384678335 = 0.30816333388959477046 @ 49448 9280 1
0.93869142215861478551 = 0.30607505589791811351 @ 48272 9050 1
0.93869142216008127910 = 0.30607505586849170776 @ 49857 9356 1
0.73911094240282615431 = 0.29771403783533950671 @ 49901 9362 1
0.73911094371958541149 = 0.29771401177238715485 @ 45948 8623 1
0.73911095182960295791 = 0.29771385124876009742 @ 49944 9371 1
0.73911095182960406813 = 0.29771385124873772643 @ 48401 9075 1
0.86052635672311894588 = 0.29057837862615282232 @ 49401 9268 1
0.86052616606453369297 = 0.29057465060255416311 @ 49510 9291 1
0.85981053904796522769 = 0.27675403422772160145 @ 46534 8730 1
0.25904790586493875448 = 0.26241199325135805553 @ 48994 9190 1
0.45899052791696504094 = 0.26134936211051668087 @ 49423 9274 1
0.14112775841205010829 = 0.25916603885056715972 @ 48990 9189 1
0.94144129031251255757 = 0.25342682360832796684 @ 49351 9260 1
0.65797803174887226074 = 0.24298309833228931565 @ 49711 9327 1
0.65797563891645571843 = 0.24294056493650953432 @ 49114 9217 1
0.25713171111704830052 = 0.22819968311647342851 @ 49930 9368 1
0.25713166703575796035 = 0.22819892678490083515 @ 48928 9176 1
0.25713166518981378506 = 0.22819889511285854078 @ 48869 9166 1
0.25713052947639652990 = 0.22817940942928199854 @ 47903 8981 1
0.25712178085024028906 = 0.22802933921265197692 @ 41978 7852 1
0.45638889824289907704 = 0.21565901966944628354 @ 48976 9186 1
0.94416238243039740663 = 0.20661786248894115081 @ 49406 9270 1
0.94416244947162952794 = 0.20661677685610335686 @ 49341 9258 1
0.94416244988476394351 = 0.20661677016601934231 @ 48901 9172 1
0.85581095139471730082 = 0.20618631016200555939 @ 48937 9178 1
0.14445245891065316979 = 0.20195216058791859437 @ 48964 9183 1
0.14467489269265307317 = 0.19841742222650213257 @ 49736 9331 1
0.14467495033624788725 = 0.19841651104352753254 @ 49124 9218 1
0.65459178557465425019 = 0.18702923181892924798 @ 48936 9177 1
0.45406734610135390806 = 0.17913526666363560613 @ 49311 9253 1
0.45403081913781329071 = 0.17859324876007015570 @ 49718 9328 1
0.45323615757617480293 = 0.16705284012138232885 @ 49659 9319 1
0.45323601092513798871 = 0.16705075477215583502 @ 49871 9358 1
0.25297053044235645602 = 0.16330251532382997204 @ 48168 9033 1
0.05288556895930520557 = 0.16211429954032213763 @ 49991 9383 1
0.05287274300775909180 = 0.16193540128213215756 @ 49534 9295 1
0.05287274300775909180 = 0.16193540128213215756 @ 49976 9379 1
0.05272284941037137102 = 0.15985393938967629168 @ 46987 8814 1
0.05236694214788385759 = 0.15498013489436923695 @ 49789 9343 1
0.05236694214746617781 = 0.15498013488870604482 @ 49588 9304 1
0.14787296717135081647 = 0.15174907195230707968 @ 49618 9311 1
0.14836293010339604570 = 0.14528577641659340403 @ 49353 9260 1
0.14904952046682851119 = 0.13653349816126136851 @ 47844 8972 1
0.34945592163095751115 = 0.13151963411712982999 @ 49911 9364 1
0.34945592215669885050 = 0.13151962771078670733 @ 49625 9313 1
0.35109026349757971319 = 0.11259289561959248682 @ 47238 8864 1
0.24841713602609066802 = 0.10727118740451696555 @ 49586 9304 1
0.24841713597626033372 = 0.10727118687503262029 @ 49168 9225 1
0.95235439336093086204 = 0.09928564117941142408 @ 49370 9263 1
0.95235439354566986392 = 0.09928563931788837726 @ 48836 9160 1
0.15260128090969166115 = 0.09681932690788561113 @ 49281 9248 1
0.44727962124853554160 = 0.09564487306114258236 @ 49907 9363 1
0.04444669211039666001 = 0.07055285907772333720 @ 48807 9153 1
0.44422716524650945891 = 0.06882865236464706660 @ 48025 9006 1
0.44415369087392370107 = 0.06825838409424438147 @ 49078 9211 1
0.44415368760436535478 = 0.06825835879345271140 @ 49355 9260 1
0.35589719924147605878 = 0.06786539681227947429 @ 49882 9360 1
0.95600769674300922762 = 0.06701770692866082513 @ 49681 9322 1
0.95600769675119023905 = 0.06701770686618296891 @ 49747 9333 1
0.64385289996512884425 = 0.06595916387740305420 @ 49420 9274 1
0.64385224967283372077 = 0.06595425435739356301 @ 47804 8965 1
0.24355854951272049025 = 0.06376370338817524686 @ 49532 9295 1
0.24355854944488539160 = 0.06376370288838131839 @ 49809 9348 1
0.44267420300729742877 = 0.05748556088529262198 @ 49688 9324 1
0.44267420278932484434 = 0.05748555939566587364 @ 49656 9319 1
0.15787904825044654644 = 0.05379447040416856368 @ 47246 8865 1
0.23920045508806248025 = 0.03712498502438978804 @ 48964 9183 1
0.23912972862369569205 = 0.03677645349257115809 @ 43476 8135 1
0.23686841783586173871 = 0.02687353041354138133 @ 48931 9177 1
0.96528518677685748450 = 0.01946998705916497957 @ 49204 9232 1
0.98856873482907126061 = 0.00003245392653127731 @ 18427 3446 1
