4.14125693943281358855 2.47701178940660504679 = -0.00000000000121136579 @ 197617 72295 1
4.14125694751806161520 2.47701182549516873976 = -0.00000000000121136893 @ 199100 72871 1
4.14125694751806161520 2.47701182549516873976 = -0.00000000000121136893 @ 199943 73201 1
1.75774359309123173745 1.59573614766713300916 = -0.00000000097035343877 @ 199843 73162 1
1.75774359332689367186 1.59573614765428350992 = -0.00000000097058815947 @ 197046 72073 1
1.75774359698315874034 1.59573614733501556451 = -0.00000000097082494184 @ 197463 72235 1
-1.56154454326288738564 4.40001937478778515356 = -0.00000000244817122485 @ 198096 72481 1
-1.56154454326288738564 4.40001937478776916635 = -0.00000000244817122492 @ 199776 73136 1
1.75774373908242242948 1.59573903027962082923 = -0.00000000249617767064 @ 199297 72947 1
-3.39511223896647607035 -3.31730719073884872117 = -0.00000000266422307916 @ 198949 72813 1
-3.39511223896647607035 -3.31730719072562552086 = -0.00000000266422313693 @ 198976 72823 1
-3.39511223866089606460 -3.31730719072562552086 = -0.00000000266615630445 @ 199858 73168 1
-1.56154454326288738564 4.40001929415105141885 = -0.00000000275674978749 @ 199250 72930 1
-1.56154454326288738564 4.40001929408217673512 = -0.00000000275953037869 @ 197908 72408 1
1.75774410003805692249 1.59573545116581727576 = -0.00000000287664528160 @ 197798 72365 1
-3.39511203893326296566 -3.31730718862508311418 = -0.00000000419909475495 @ 199710 73110 1
-3.39511202118590249555 -3.31730719720564248831 = -0.00000000435163574235 @ 198934 72807 1
-3.39511744626101297229 -3.31730281439148111389 = -0.00000016860803838260 @ 197250 72152 1
4.14126033841778440348 2.47700367115159192366 = -0.00000021231209647200 @ 198495 72636 1
1.75776720021507215641 1.59573612796336417041 = -0.00000050566793954183 @ 199757 73129 1
1.75776720021507215641 1.59573612796339858733 = -0.00000050566793958488 @ 199301 72949 1
-1.56156830707858151897 4.40000521158694279933 = -0.00000116041502866983 @ 198095 72480 1
1.75770973932828344921 1.59572160633658666207 = -0.00000118819569975954 @ 199482 73021 1
1.75770969255332509817 1.59572160633658666207 = -0.00000119101038550544 @ 199470 73016 1
1.75770969255484521554 1.59572160633658666207 = -0.00000119101038679519 @ 198790 72751 1
1.75774202141918167719 1.59577613073763968643 = -0.00000120417865602820 @ 199900 73184 1
4.14123276418501440332 2.47701401966633927287 = -0.00000160668364343036 @ 199781 73138 1
4.14128335966264060630 2.47701013270918002362 = -0.00000191261784381995 @ 198813 72760 1
-1.56154118263122465571 4.40005730960286634001 = -0.00000195096280470796 @ 199538 73043 1
-1.56154118327746349593 4.40005730967958896827 = -0.00000195096329848828 @ 199748 73125 1
-1.56154118327351287832 4.40005730967958808009 = -0.00000195096331600740 @ 198770 72743 1
-1.56150187710038301780 4.40002119400025737406 = -0.00000266354033505797 @ 197886 72400 1
1.75775193804604135117 1.59567749874523556741 = -0.00000292753179576206 @ 199834 73159 1
1.75775193804600982084 1.59567749874523912013 = -0.00000292753179602370 @ 199789 73141 1
1.75775193804549201282 1.59567749875540010329 = -0.00000292753181869667 @ 199762 73131 1
-1.56151717029736847309 4.39997500396225316166 = -0.00000407161217183558 @ 199316 72955 1
4.14125655924276170339 2.47705216622311530372 = -0.00000444290089293783 @ 196156 71714 1
4.14125655873441811394 2.47705953729263406160 = -0.00000621346690682269 @ 199766 73132 1
-3.39507489065914169757 -3.31730588977146734209 = -0.00000632669513013309 @ 199786 73140 1
-1.56162292828159099400 4.40003961328964887656 = -0.00000938280491918764 @ 199551 73048 1
-1.56162292828147086787 4.40003961509876706515 = -0.00000938290210693259 @ 199496 73026 1
-1.56162292828159099400 4.40003962298386142038 = -0.00000938337487510230 @ 198762 72740 1
1.75778384897295869571 1.59584078885880775722 = -0.00000964087490454595 @ 199212 72915 1
1.75778384897342454529 1.59584078886786318030 = -0.00000964087645332332 @ 199207 72913 1
1.75763324674077869858 1.59573580657351188350 = -0.00001096837208566969 @ 197325 72181 1
1.75763324666095677173 1.59573580657351188350 = -0.00001096838990038442 @ 198545 72655 1
1.75775153005663531403 1.59561793159289355692 = -0.00001141415788909784 @ 197512 72254 1
1.75775153016489249502 1.59561793159289355692 = -0.00001141416039954895 @ 197931 72417 1
1.75773602348710844545 1.59561588484049154957 = -0.00001167103654039949 @ 199847 73164 1
-1.56154118263212793316 4.39992882035269072816 = -0.00001214004345040631 @ 196983 72048 1
-1.56162236899207784724 4.40007816794307160535 = -0.00001345235399204079 @ 197928 72416 1
1.75787644855925573317 1.59574162195488988836 = -0.00001585915824047040 @ 199386 72982 1
1.75787644855925573317 1.59574162195441360268 = -0.00001585915824137988 @ 199639 73083 1
1.75787644866070502658 1.59574162195300739420 = -0.00001585918458955044 @ 198317 72566 1
1.75787647329982621436 1.59574233387015729235 = -0.00001586414308241036 @ 197520 72257 1
4.14121295254117249840 2.47694739189200818785 = -0.00001659367492207575 @ 199586 73062 1
-1.56152060914617996090 4.40014305642278102937 = -0.00002241379545098612 @ 197828 72377 1
-1.56152064590120076559 4.40014703041678778561 = -0.00002383059687682273 @ 199128 72882 1
-1.56142410092699335245 4.39997481119657418702 = -0.00002398313966694984 @ 199593 73065 1
-1.56142402370996769001 4.39997481119657418702 = -0.00002400979647041542 @ 198989 72828 1
-1.56142360689442605270 4.39997481119126110372 = -0.00002415760461473207 @ 199584 73061 1
1.75786532443103138412 1.59562331667960766168 = -0.00002460409437338539 @ 196634 71904 1
4.14125658204384450300 2.47710970401146735043 = -0.00002613456200714303 @ 199532 73041 1
4.14115624883985500304 2.47701179075965249865 = -0.00002766254721182755 @ 199536 73042 1
4.14115624883985500304 2.47701179075965249865 = -0.00002766254721182755 @ 199895 73182 1
-1.56162020005324442273 4.39990423971828548133 = -0.00002793365797025204 @ 199673 73096 1
-1.56162806688620525719 4.39990423443133060744 = -0.00002977512115899072 @ 197536 72263 1
4.14112979648090728801 2.47701122528301187486 = -0.00004410316912667856 @ 199585 73062 1
4.14138825461685833318 2.47701158480108407645 = -0.00004701199601105439 @ 198925 72803 1
4.14138825457451709156 2.47701126828029805083 = -0.00004701250945199353 @ 199094 72869 1
4.14138825461794368721 2.47701126828029805083 = -0.00004701254086917104 @ 198654 72698 1
4.14138860879029380158 2.47701013270356495966 = -0.00004727188013988587 @ 199872 73173 1
-3.39500129363550895434 -3.31731595780570653886 = -0.00005447989244111831 @ 197677 72319 1
-3.39500129363545655181 -3.31731595780570653886 = -0.00005447989244736196 @ 199507 73031 1
1.75799906377569481464 1.59574686992576952882 = -0.00005853786825574830 @ 198130 72494 1
1.75799906380332426892 1.59574686992576952882 = -0.00005853787840400415 @ 198041 72460 1
1.75770956223545082864 1.59546543775792071251 = -0.00005899845171687764 @ 198070 72471 1
1.75770956223545082864 1.59546543769300508409 = -0.00005899849389192430 @ 199722 73115 1
1.75770956242135012459 1.59546542858977935531 = -0.00005900255160091526 @ 197614 72294 1
1.75755834902509366913 1.59553942499348666573 = -0.00005942310305111503 @ 198857 72777 1
1.75755834901898411182 1.59553942488836741909 = -0.00005942315340890657 @ 199259 72933 1
-1.56151488918928604832 4.39981838816909398560 = -0.00005982803960898674 @ 199519 73036 1
-1.56151488919076486539 4.39981838816909398560 = -0.00005982803969598904 @ 198120 72490 1
4.14125734274423962233 2.47685845732519194229 = -0.00006413866011196669 @ 199682 73099 1
4.14125736284760481709 2.47685845732425224952 = -0.00006413882178788476 @ 197572 72278 1
4.14125736487203344183 2.47685845732425224952 = -0.00006413882180359708 @ 199775 73136 1
4.14138867651074349396 2.47709859359678663537 = -0.00006782207395088975 @ 198693 72713 1
1.75796288659215149686 1.59594258809023603618 = -0.00007320607545715096 @ 199369 72976 1
1.75796288659573907154 1.59594258809221689610 = -0.00007320607853735338 @ 197081 72086 1
1.75796288659589317049 1.59594258809221689610 = -0.00007320607857316446 @ 199503 73029 1
-3.39524199172892426901 -3.31728614546930566931 = -0.00007430281968419011 @ 199686 73101 1
-3.39524199176057495109 -3.31728614546933719964 = -0.00007430284969127740 @ 199631 73080 1
-3.39524199176289220858 -3.31728614546930167251 = -0.00007430285315835876 @ 199135 72885 1
-3.39509658487073728850 -3.31717152442853313588 = -0.00008119164665964159 @ 197649 72308 1
1.75743207094252817946 1.59573576974433684050 = -0.00008788047388194774 @ 199830 73157 1
1.75742501174049858825 1.59573577586914283621 = -0.00009190056393645858 @ 199404 72989 1
-1.56179875344862151287 4.40005417558891043228 = -0.00009536638270744341 @ 199163 72896 1
-1.56179875345231433670 4.40005417558891043228 = -0.00009536638608537311 @ 198911 72798 1
1.75743736340887068970 1.59587741486608658548 = -0.00010360407961316675 @ 199672 73096 1
1.75748197710919518144 1.59595742593499445583 = -0.00010464875374171435 @ 197516 72255 1
-3.39509356647120386086 -3.31748123360002722393 = -0.00013317741473989003 @ 198396 72597 1
4.14143989673061163614 2.47714985343135207785 = -0.00014306597238454154 @ 198933 72806 1
1.75777608570369547891 1.59618056514050299377 = -0.00015516024121967946 @ 199509 73032 1
1.75777608570369547891 1.59618056514081652075 = -0.00015516024129537628 @ 199122 72880 1
1.75777608570344812122 1.59618056553804343878 = -0.00015516057440367450 @ 199756 73128 1
1.75777608773464733005 1.59618056977188693679 = -0.00015516360098687479 @ 199484 73022 1
1.75777608780315786063 1.59618072743463912389 = -0.00015527398005948242 @ 199831 73157 1
-1.56168486449838472829 4.39965186846922406971 = -0.00022556448003888393 @ 197699 72327 1
4.14125354091007746860 2.47672068705000425481 = -0.00023111798786889086 @ 196521 71860 1
-1.56142364166016212046 4.40040809136420385528 = -0.00023715132861036516 @ 198637 72691 1
-1.56142364148962187187 4.40040809765552420885 = -0.00023715707794232056 @ 197199 72132 1
4.14125700324901391269 2.47731226058136444479 = -0.00024599017290021045 @ 199659 73091 1
4.14125700324901391269 2.47731226058135423074 = -0.00024599017290265337 @ 199614 73073 1
1.75760252553119045160 1.59626814187672905199 = -0.00024687908141941958 @ 199225 72920 1
1.75744201935123434133 1.59618362568918525923 = -0.00025081100667939449 @ 193842 70780 1
4.14125709732470248525 2.47731648686802197190 = -0.00025295581256098634 @ 199621 73076 1
1.75824074834661736588 1.59543882016509552813 = -0.00030359290909698290 @ 199461 73011 1
1.75824074834641042031 1.59543882016509552813 = -0.00030359290909797826 @ 199240 72926 1
1.75824074834726729044 1.59543881989245361908 = -0.00030359301827868272 @ 197907 72408 1
4.14091760743193848526 2.47698461247710888244 = -0.00031616529669790272 @ 198537 72652 1
4.14091760742172088072 2.47698461247710888244 = -0.00031616531845653792 @ 198233 72534 1
1.75760303557631702986 1.59634786183745580601 = -0.00032031174949852638 @ 196391 71807 1
1.75841444681307779163 1.59573419803009874940 = -0.00040450158673371937 @ 199230 72922 1
1.75841444681307779163 1.59573419803114879834 = -0.00040450158695302192 @ 199182 72903 1
1.75841444818662595573 1.59573412814787607417 = -0.00040451367675715011 @ 198455 72620 1
-1.56112899585187681062 4.39965352980363988422 = -0.00044071490005046632 @ 197130 72105 1
4.14162713947590965802 2.47717585655926342270 = -0.00044646891155988866 @ 198704 72717 1
1.75777610728521915817 1.59648958584453315446 = -0.00044761845199607354 @ 199853 73166 1
1.75777610728522071248 1.59648958584453315446 = -0.00044761845199728758 @ 198129 72494 1
1.75777610728522071248 1.59648958583503675079 = -0.00044761845211585544 @ 199079 72863 1
-1.56187571335459951527 4.40048395416992477180 = -0.00046427392183509146 @ 198562 72662 1
-1.56187571378118628118 4.40048395424718208346 = -0.00046427413277252451 @ 195024 71263 1
1.75770633317570701415 1.59495943379021176689 = -0.00047504986370486692 @ 199169 72898 1
1.75770633316461211137 1.59495943379021176689 = -0.00047504988897702888 @ 199332 72961 1
1.75702841778659135663 1.59558217735634966239 = -0.00047522726875501677 @ 199651 73087 1
1.75702841778659135663 1.59558217735634966239 = -0.00047522726875501677 @ 199965 73209 1
1.75702841208964155584 1.59558217735634966239 = -0.00047523462745294463 @ 197224 72142 1
1.75760558313462311730 1.59494618352836092789 = -0.00050171940328180592 @ 199348 72967 1
1.75760558313482873061 1.59494618352836092789 = -0.00050171940334599828 @ 199272 72938 1
1.75760558313482873061 1.59494618352603256817 = -0.00050171940659930877 @ 198740 72731 1
1.75770418557210361676 1.59493067892301199073 = -0.00051020831984911459 @ 199531 73040 1
1.75824524969729134583 1.59646002032296951967 = -0.00061058241890988652 @ 199283 72942 1
1.75824524969700624055 1.59646145547304318946 = -0.00061202780877678015 @ 199984 73217 1
1.75824524969789308670 1.59646145547304318946 = -0.00061202781032718102 @ 199213 72915 1
4.14088893658799950259 2.47668316752008177417 = -0.00066465102258478489 @ 199381 72980 1
-3.39525000355382733375 -3.31693069903044346347 = -0.00070165346133530752 @ 199777 73136 1
-3.39525000355382733375 -3.31693069883997848635 = -0.00070165382740763622 @ 198235 72535 1
1.75778851324821028257 1.59668257555063686226 = -0.00070688554365572393 @ 199779 73137 1
1.75780177726650865822 1.59668237609191421278 = -0.00070700022857335182 @ 197578 72280 1
1.75744201268984556741 1.59663251269842265678 = -0.00073968400674726594 @ 199703 73108 1
-1.56226598626064516750 4.40003965131547758460 = -0.00075870264903759557 @ 198811 72759 1
-1.56155289909174666008 4.40084216715886089588 = -0.00096388551556481268 @ 199718 73113 1
-1.56155306195481013987 4.40084234087659442736 = -0.00096425684905284738 @ 198314 72565 1
-1.56071329357823862516 4.40001557019016953376 = -0.00100001413926638838 @ 199154 72892 1
-1.56071329357840915542 4.40001557020030986678 = -0.00100001415264283221 @ 197549 72269 1
-1.56071327191768638443 4.40001576123163840037 = -0.00100009029826509093 @ 197389 72206 1
-1.56150296122208387395 4.39918244460130125617 = -0.00101548607445476192 @ 197228 72144 1
4.14178820354570742523 2.47668660301045751027 = -0.00105804517213410371 @ 199372 72977 1
1.75773334924899282683 1.59690198870789568097 = -0.00108038439941814416 @ 199492 73025 1
1.75773334919673840382 1.59690198869553467986 = -0.00108038457603572150 @ 199824 73155 1
4.14100800000295521386 2.47760736793650915288 = -0.00113538310387759816 @ 199845 73163 1
4.14100800000295965475 2.47760736840210915588 = -0.00113538449795371529 @ 199090 72867 1
1.75766666154426132174 1.59452507689864275697 = -0.00115047911988835276 @ 197321 72180 1
1.75766666135064619780 1.59452507689864275697 = -0.00115047917799203500 @ 198752 72736 1
1.75765871938646589534 1.59452507683894850743 = -0.00115091227647139051 @ 198462 72623 1
1.75766666162431817177 1.59452311991249850998 = -0.00115407221484067294 @ 199706 73109 1
1.75665516627796458593 1.59605370080222042084 = -0.00118276095443697622 @ 198962 72818 1
1.75665516627796458593 1.59605650092442252763 = -0.00118450830453630863 @ 199362 72973 1
1.75665516489469664130 1.59605649991565079482 = -0.00118450938794935541 @ 197400 72210 1
1.75872953540248966320 1.59646156834092756149 = -0.00123497344467528606 @ 197775 72356 1
1.75872953587544178511 1.59646156920531101520 = -0.00123497613636029267 @ 197198 72132 1
1.75872953580840407639 1.59646156920531101520 = -0.00123497613715501482 @ 199725 73116 1
1.75889254719975540731 1.59546800278720812827 = -0.00126836704905210814 @ 196129 71703 1
1.75889254719975540731 1.59546800278720812827 = -0.00126836704905210814 @ 199999 73223 1
1.75673424481856588208 1.59499514404877040796 = -0.00129759560277009547 @ 199795 73143 1
1.75673424481857187729 1.59499514392812780095 = -0.00129759569691734167 @ 198172 72510 1
4.14190569016508902678 2.47729289437904443005 = -0.00136065578762047763 @ 196808 71978 1
1.75852133740530436334 1.59690242967721940381 = -0.00153783397471192072 @ 199649 73087 1
1.75852133740124072503 1.59690242967696294230 = -0.00153783398112274138 @ 199012 72837 1
1.75852133740020288855 1.59690242955644090550 = -0.00153783431501008645 @ 199540 73044 1
4.14100797767939088345 2.47773302485795499095 = -0.00158577821645709415 @ 199324 72958 1
-1.56112684728483630536 4.40110384941052679153 = -0.00194102074465026019 @ 198902 72794 1
-1.56112440944412855792 4.40110384951047706181 = -0.00194370736546163689 @ 199780 73138 1
-1.56112440949198205686 4.40110384951047706181 = -0.00194370747972289035 @ 198869 72781 1
1.75767603756009083149 1.59730783913388685313 = -0.00196811036088847830 @ 199615 73073 1
1.75767603756018986338 1.59730783913388685313 = -0.00196811036104913408 @ 199494 73026 1
-3.39439484688238124477 -3.31738741021793970276 = -0.00226440902268839044 @ 199535 73042 1
-3.39439484690556581015 -3.31738741574051054783 = -0.00226441165950335387 @ 198945 72811 1
-3.39439484367795829556 -3.31738741021793970276 = -0.00226443174704333595 @ 199829 73157 1
1.75835074563798277048 1.59410517152207731328 = -0.00249052798007018926 @ 199741 73122 1
1.75835074563794924174 1.59410517152207731328 = -0.00249052798009280442 @ 197472 72238 1
-3.39586870803179996514 -3.31726422922816510663 = -0.00250718963134196173 @ 194995 71252 1
4.14035498859121808835 2.47741092012839292380 = -0.00265463459856606163 @ 198285 72554 1
4.14141198633911233884 2.47799134436430934514 = -0.00267892205071750596 @ 199699 73106 1
1.75722853709350679274 1.59390810682199268733 = -0.00276793960107874978 @ 199704 73108 1
1.75722853709350346207 1.59390810682199268733 = -0.00276793960109902697 @ 199113 72876 1
1.75950828480752985428 1.59575835453408187981 = -0.00278710014532965178 @ 197263 72157 1
1.75950828695262773138 1.59575835071253679942 = -0.00278710587568760425 @ 195945 71632 1
-1.56014603218780401050 4.40003037611506631066 = -0.00281689293536430390 @ 196886 72009 1
-1.56014601694155929934 4.40003037526044149530 = -0.00281694488059269516 @ 199606 73070 1
1.75924145573850387869 1.59462633137318321452 = -0.00311701028947112581 @ 199676 73097 1
4.14120502771905840689 2.47588393752157420735 = -0.00348460203670968418 @ 199619 73075 1
-1.56171755388018751454 4.40163849284862784828 = -0.00380162604493940962 @ 199247 72928 1
-1.56171755555960012352 4.40166492971829459435 = -0.00392596064551599573 @ 199850 73165 1
-1.56171755554786062525 4.40166492971829548253 = -0.00392596083183900831 @ 199815 73151 1
1.75627394090100774626 1.59725779152596358834 = -0.00400074387848645130 @ 199749 73126 1
1.75627394036266304411 1.59726151208443067908 = -0.00401091531179863410 @ 199108 72874 1
1.75627394036352724171 1.59726187219079873714 = -0.00401186489983257517 @ 199491 73024 1
-1.56004889712675942626 4.40077749944757545819 = -0.00407053278110347354 @ 197529 72261 1
1.75788669163704192044 1.59801429126648275592 = -0.00410382485034913643 @ 199439 73003 1
-1.56325198219268113320 4.40004883416884418068 = -0.00423365260953314886 @ 199287 72944 1
-1.56325198219268113320 4.40004883416853065370 = -0.00423365261446802168 @ 196824 71984 1
1.75610397194552869671 1.59406297864780688300 = -0.00440805279842720714 @ 199562 73053 1
1.75610405312117046073 1.59406213485688796894 = -0.00441017715973824123 @ 199833 73158 1
1.75610397189368261373 1.59406213485688796894 = -0.00441031911984454076 @ 199056 72854 1
-3.39503601897488760386 -3.31628990873782614202 = -0.00457646216115608663 @ 199208 72913 1
1.76003641560598111937 1.59630218914451549317 = -0.00486365721408653015 @ 199681 73099 1
1.76003641560598111937 1.59630218914450860979 = -0.00486365721419829925 @ 199414 72993 1
1.76003633013347760006 1.59630775261505464258 = -0.00486566055065878328 @ 199469 73014 1
1.75902583952164337511 1.59795947987261532930 = -0.00514371778009093360 @ 199761 73130 1
1.75902583952166735592 1.59795947981635988455 = -0.00514371791227449977 @ 199391 72984 1
1.75902583952166735592 1.59795947981636476953 = -0.00514371791228149591 @ 199791 73142 1
1.76020335411340744791 1.59631842334578832876 = -0.00557440227428585271 @ 199340 72964 1
1.75650653892261443545 1.59320404168011031665 = -0.00611343721670101412 @ 199652 73088 1
1.75650654913985682093 1.59302486583423186239 = -0.00683731148143916934 @ 199876 73175 1
1.75771037446060396370 1.59267439399994104043 = -0.00725677681613477298 @ 196015 71659 1
1.75771037205333158226 1.59267439390191389847 = -0.00725679193702336370 @ 199823 73154 1
1.75771037205333158226 1.59267439390191545279 = -0.00725679193704940276 @ 199211 72914 1
1.75771057200643632257 1.59266654810214514093 = -0.00729170571530970459 @ 198609 72680 1
1.75482857062484631783 1.59570733852181301238 = -0.00772652344248987103 @ 199310 72953 1
1.75482856402683218278 1.59570733852416490883 = -0.00772653394599230083 @ 199020 72840 1
4.13938223649197922782 2.47703382981052921963 = -0.00959045140529028901 @ 197433 72223 1
4.13938223632316226741 2.47703388240249999797 = -0.00959050946692464878 @ 194460 71039 1
1.76108916530447179305 1.59665445512377113246 = -0.01042230888581628656 @ 197322 72180 1
-3.39525781098499557231 -3.31892167109284574877 = -0.01136412809969526531 @ 198864 72779 1
-3.39339647568429914060 -3.31732425124003471595 = -0.01288746973568572103 @ 199463 73012 1
1.75906868542863659144 1.59964540925292975082 = -0.01331986313457521331 @ 199364 72974 1
1.75906857704690855471 1.59964540924803899635 = -0.01332000803461647065 @ 199366 72974 1
1.75906857835689822700 1.59964540995759385567 = -0.01332002447663625452 @ 198197 72520 1
-1.56168943121534709029 4.40309992334899558131 = -0.01370564378576546311 @ 199576 73058 1
-1.56168943121534709029 4.40309992334899558131 = -0.01370564378576546311 @ 199998 73222 1
1.75833782149000539263 1.59998084465876311278 = -0.01448392594409950683 @ 197799 72366 1
1.75861324850551192789 1.59147234093476952488 = -0.01495438801605047420 @ 194403 71008 1
4.14334451586979746196 2.47580527086178214802 = -0.01585914682684519753 @ 198237 72535 1
4.14123261760720584590 2.47965377703045808389 = -0.01901082648089884308 @ 199602 73068 1
4.14123261760720584590 2.47965377703045808389 = -0.01901082648089884308 @ 199879 73176 1
4.14123234618760260872 2.47965434529598649505 = -0.01901915501562721419 @ 198616 72683 1
1.76134360131375289349 1.59919331359277494542 = -0.02004020172947050885 @ 196384 71805 1
1.75398133624728069790 1.59919378284118152145 = -0.02338952645411001424 @ 195314 71380 1
1.76301641001841269407 1.59582322231282258684 = -0.02461623452278319593 @ 198403 72600 1
1.76301641001841269407 1.59582322230853135281 = -0.02461623465676422012 @ 199263 72935 1
1.75177889497548333608 1.59596775609984908861 = -0.03239760148550267088 @ 197594 72286 1
1.75296564713519908985 1.59142518026584500745 = -0.03292352081065242492 @ 199059 72855 1
1.75296564714207114832 1.59142518103646457561 = -0.03292354188956216066 @ 199040 72848 1
1.75296044017967589390 1.59142518026484980354 = -0.03297487696221930442 @ 199715 73112 1
1.75715216923196937415 1.58900869476895345578 = -0.03386098291417939665 @ 199489 73024 1
1.75715216925359385414 1.58900869477559836263 = -0.03386098402160862136 @ 199262 72934 1
1.75715216925359496436 1.58900869477559836263 = -0.03386098402166938526 @ 199837 73160 1
1.75783932182964330870 1.60236224624805645433 = -0.03495164240899309438 @ 199353 72969 1
1.75783932182992197468 1.60236224624805645433 = -0.03495164241100499197 @ 199475 73018 1
1.75783932182992197468 1.60236224624805645433 = -0.03495164241100499197 @ 199945 73202 1
1.75783948536500878035 1.60236203620372807954 = -0.03495199526744707103 @ 199730 73118 1
1.75853069445492371514 1.60235634848052166390 = -0.03525832975561076638 @ 199106 72874 1
1.76021370685267619649 1.58909098928033554188 = -0.03970447681911005999 @ 198560 72661 1
1.75804523982532390214 1.58585167916511982078 = -0.07297817829448829952 @ 199622 73076 1
1.75804523982532390214 1.58585167916494773621 = -0.07297817832840440555 @ 199822 73154 1
1.75758693169729673933 1.58564612029598950294 = -0.07546632247037057817 @ 199805 73147 1
1.75758693169730717543 1.58564612029598950294 = -0.07546632247255757875 @ 198722 72724 1
1.76528689703775865105 1.60260759162036037218 = -0.08370368491999163885 @ 198354 72581 1
1.75377855087423339953 1.60513786131014701830 = -0.08832552333988154258 @ 196358 71795 1
-3.39040530121364369620 -3.31696392861407440833 = -0.09769441792021445192 @ 199380 72980 1
-2.18498438101352210339 1.68705426291313886900 = -0.30665422362279270985 @ 199045 72850 1
-2.18498438101352121521 1.68705355307705917589 = -0.32167774701974577445 @ 199912 73189 1
-2.18498438101352210339 1.68705355312279636770 = -0.32188420903105485760 @ 198460 72622 1
1.75652943374319825409 1.57318461367292461439 = -0.36904826139456847756 @ 196630 71903 1
-2.18498594646223498472 1.68705462790839844089 = -0.46739180953182946077 @ 197651 72308 1
-2.18498601884422605224 1.68705462790839844089 = -0.47332062892873905113 @ 198802 72755 1
-0.49969726397882835434 -4.01259973410945658401 = -0.80926283251636377258 @ 198702 72716 1
-0.49969726392596308662 -4.01259973410945658401 = -0.80937440882279421128 @ 196721 71945 1
-0.49969726924258561773 -4.01259975438860827524 = -0.83796501572514281442 @ 197233 72146 1
1.79411575052861316237 1.59051016319054916437 = -1.26119852792434516964 @ 199089 72867 1
1.79411575047420313034 1.59051016319054916437 = -1.26119863008388022330 @ 198766 72741 1
1.75860383419018373452 1.65311741294011116388 = -2.75415728695322803432 @ 199735 73120 1
1.75860450268220724901 1.65311773113775783983 = -2.75419380524656531861 @ 199587 73062 1
-2.18502951140942336394 1.68694453987866821443 = -7.27833429658527197859 @ 199548 73047 1
1.79551901234795030504 1.47399491509282798418 = -12.10997304043474365187 @ 198242 72537 1
1.79551901234795030504 1.47399491535630677852 = -12.10997541390353404722 @ 199790 73141 1
-1.45873674859974089557 4.40033895069563918412 = -13.55389575641275534679 @ 198786 72749 1
-1.45873674860881141768 4.40033888527306071836 = -13.55412614521096692499 @ 199635 73081 1
-1.45873674859974089557 4.40033888528157390851 = -13.55412622880777817613 @ 198865 72780 1
1.85666143432047769934 1.68668950438488240984 = -14.23463022042975367754 @ 198576 72667 1
1.85666143432047903161 1.68668950438488396415 = -14.23463022044182757497 @ 199760 73130 1
1.85666142672496947696 1.68668950438488240984 = -14.23466569218165567179 @ 198821 72763 1
1.85666145155473372164 1.68668950447029719619 = -14.23468714860434936043 @ 199567 73055 1
1.62749956959296127046 1.59498932475325583269 = -16.91441541197948694730 @ 199657 73090 1
1.62749956959296127046 1.59498932475340149395 = -16.91441542074950632468 @ 197270 72160 1
-0.49947005667904437187 -4.01214152878385199585 = -17.52060882030961508349 @ 197110 72098 1
-0.50036310588964350021 -4.01422183555235534413 = -39.09670908343831285947 @ 193911 70807 1
1.76407137569966554480 1.34089577396352921390 = -42.85642012282997370676 @ 196946 72033 1
1.76420160230274691848 1.34084680312991944007 = -42.88619778671947813109 @ 197298 72171 1
4.13751786183026393218 2.33730643556291717289 = -48.84716756079869526275 @ 197221 72141 1
4.13751785935401361627 2.33730643556360817570 = -48.84719197314103666940 @ 199428 72999 1
-2.18611986367534072428 1.68451820903440019350 = -51.60788588680144783893 @ 199742 73123 1
-0.49666038464767009453 -4.01407476650367911475 = -58.20117042871326873410 @ 194523 71064 1
2.10155333727970772273 1.63193779224512880432 = -68.08776830165305682385 @ 199797 73144 1
2.10155332084053059205 1.63199902343682889949 = -68.20553496566006401736 @ 199365 72974 1
2.10155332084053059205 1.63199902343682889949 = -68.20553496566006401736 @ 199946 73202 1
2.10155332084195967113 1.63199902346085234939 = -68.20553707746506688636 @ 199236 72924 1
2.10155332084331281095 1.63199902346672920395 = -68.20553808533757944588 @ 197006 72057 1
3.96593839981560147834 2.47915631812248626886 = -71.05184203515376850646 @ 199840 73161 1
3.96593839981544915574 2.47915632752437131714 = -71.05184418156738956895 @ 199848 73164 1
3.96593839981544915574 2.47915632752437131714 = -71.05184418156738956895 @ 199997 73222 1
1.46305215988538250826 1.53654099290980483694 = -78.88379217008190380511 @ 198735 72729 1
-3.23973039208552782142 -3.31738858184182650035 = -95.05593039564648449868 @ 199168 72898 1
-3.23973039209894420054 -3.31738858185550977709 = -95.05593579939109361021 @ 198744 72733 1
1.54933297372683531634 1.94202479152577978105 = -110.44266758226916635977 @ 199772 73134 1
1.54933297374512424227 1.94202479152578022514 = -110.44267308616205980343 @ 199892 73181 1
1.54933450468919153842 1.94194965688206799825 = -110.46197487970319173201 @ 199610 73071 1
1.54933450469323030774 1.94204718660343500503 = -110.47005633722767470317 @ 199467 73014 1
2.11282038805121796798 2.04876491741708921523 = -139.27996508250421925368 @ 198749 72735 1
2.11282038805121796798 2.04876491741708921523 = -139.27996508250421925368 @ 199987 73218 1
2.11282384974639603215 2.04876755039352209664 = -139.30658748044089634277 @ 199069 72859 1
2.11282384974639603215 2.04876755038493429950 = -139.30658960981665472900 @ 199322 72957 1
2.11282038210037237391 2.04876755051412606790 = -139.31018156336750735136 @ 198351 72580 1
4.39260043041708669875 2.53098022290184010430 = -147.22683285713469558686 @ 197251 72153 1
4.39260043041708669875 2.53098022290184010430 = -147.22683285713469558686 @ 199996 73221 1
4.39260044951668771063 2.53098020898165021464 = -147.22686088501822609942 @ 198783 72748 1
-0.50973334060011188384 -4.03313782945918131162 = -151.42989674631033381047 @ 199728 73117 1
-3.17167714991602478491 -4.93627703502406411928 = -155.78964084261590983260 @ 199818 73152 1
-3.17167709949858789287 -4.93627704443580306304 = -155.79225879425817424817 @ 198345 72577 1
-3.17167715195191535216 -4.93627703492130276430 = -155.79397346422339865057 @ 199479 73020 1
-3.17167701955749636866 -4.93627702217963904019 = -155.80820863170168877332 @ 194788 71169 1
-3.17167618932769546092 -4.93627797912292720639 = -155.95096296402147117988 @ 199118 72878 1
-3.17170890031786800733 -4.93626520749528641119 = -156.76169969456412900399 @ 198528 72648 1
-3.17141735207646213723 -4.93571568579647834696 = -159.61690741678586391572 @ 199175 72901 1
-4.97151689859367973412 -4.06416903730309275744 = -188.90053384687195148217 @ 198204 72523 1
-4.97151689859367973412 -4.06416903730204559508 = -188.90053836730626812823 @ 199077 72862 1
-4.97151689859367973412 -4.06416871983901906162 = -188.90328082800922970819 @ 197177 72124 1
-4.97151689787128958642 -4.06416871983901906162 = -188.90354433209671469740 @ 197670 72316 1
-4.97151640129967642423 -4.06417210238951476242 = -189.05269329331517269566 @ 195790 71569 1
-4.97148804101631380803 -4.06418215647101366272 = -189.18555979932904165253 @ 199515 73034 1
-4.97322219691148514897 -4.06348929099168021395 = -198.24174705045086852806 @ 195866 71599 1
-1.56048887439628303220 4.90435402233123252103 = -214.23152829325360357871 @ 197442 72226 1
-1.56048887439628303220 4.90435402225252214947 = -214.23156892111535398726 @ 198932 72806 1
-4.99358840009251636616 -4.05349292359667945362 = -224.22843472225846994661 @ 197257 72155 1
-1.91869096064530442192 4.12416786994000794664 = -224.66429412400972864816 @ 198882 72787 1
-1.91869052203882617391 4.12416786994000794664 = -224.67359823484716230269 @ 198217 72528 1
-1.91869052203882617391 4.12416786991928496775 = -224.67360805590092809325 @ 197317 72178 1
-1.91833055474895664005 4.12416641706329301087 = -225.85469052261686329075 @ 199295 72947 1
1.77450002342683843537 0.91974162853099228343 = -232.57004171027625716306 @ 199750 73126 1
1.77450002342684154399 0.91974162853099161730 = -232.57004171096187405965 @ 199800 73145 1
1.77450002342684598489 0.91974162853099161730 = -232.57004171215936594308 @ 199774 73135 1
1.29936231370154731124 -4.88632397172832444454 = -284.68122279633712423674 @ 199195 72908 1
1.29936231370154731124 -4.88632397172826316023 = -284.68122284885481576566 @ 199433 73001 1
1.29936231354115716563 -4.88632397176778354719 = -284.68174105038821153357 @ 197988 72439 1
1.29936231354115716563 -4.88632396658346213059 = -284.68851871945827269883 @ 195962 71639 1
4.14098995370905065272 2.07959708767766038306 = -285.57115649478771501890 @ 198572 72666 1
1.29961670197180856334 -4.88643985686274273661 = -292.89531524597106226793 @ 199361 72972 1
1.29908433045906934744 -4.88686763690986936126 = -298.10570171634350344902 @ 198304 72561 1
1.29908433045906934744 -4.88686763690986936126 = -298.10570171634350344902 @ 199889 73180 1
-0.47061210028704353325 -3.95273650843910262509 = -298.62608881579723174582 @ 198470 72626 1
1.29852616682370025636 -4.88589653701047321732 = -302.59229788927109439101 @ 198552 72658 1
2.68237918143818054872 2.90209136831401348644 = -309.76341518861420354369 @ 198257 72543 1
2.68237918143873166343 2.90209136831347747076 = -309.76341572999524487386 @ 199641 73083 1
2.68237918143873166343 2.90209136831401348644 = -309.76341576127208554681 @ 199172 72899 1
2.68281368223501770487 2.90209221230937464142 = -310.74853072976122803084 @ 198330 72571 1
1.75429932578565761503 3.27379357306653684390 = -340.48375186188735597170 @ 198984 72826 1
1.75429932578565761503 3.27379357306650486947 = -340.48375186618272891792 @ 199683 73100 1
1.75430118892748398984 3.27378523014267663882 = -340.85108107727518245156 @ 199662 73092 1
1.75436243971804661790 3.27360375340598208638 = -341.27357216955164176397 @ 199580 73060 1
1.75436243961391769020 3.27360375401629788428 = -341.27368401353908211604 @ 199798 73145 1
-0.86035969768800024671 4.43894094628391755464 = -348.80055719741540087853 @ 198688 72711 1
-0.86035969769079001512 4.43894094628391755464 = -348.80055738753736704894 @ 199389 72983 1
-0.86035969763938358046 4.43894094628391755464 = -348.80057736526936196242 @ 198754 72736 1
-3.23971150992244094624 4.31148372987705297277 = -378.54741702187936880364 @ 198565 72663 1
-3.23971150992244094624 4.31148372986598182877 = -378.54742511723276265911 @ 198732 72728 1
-3.23971150948210340204 4.31148370838320627030 = -378.55097449133137388344 @ 199646 73085 1
-3.23971150992244094624 4.31148370837654670851 = -378.55100963293256199904 @ 199339 72964 1
-3.23971150990592526853 4.31148370838376138181 = -378.55103317811375518431 @ 199687 73101 1
-3.23973035019231581089 4.31148628464368055546 = -378.70323864438660166343 @ 197525 72259 1
3.53478519143276326275 2.71548864548637292060 = -382.57420936395931221341 @ 199696 73105 1
3.53478518886088499684 2.71548864657639787978 = -382.57475953904230436819 @ 198900 72793 1
3.53478518277163678007 2.71548868309616420191 = -382.57530574075389040445 @ 198011 72448 1
3.53478518277767950195 2.71548868267818832578 = -382.57544848800955605839 @ 198781 72747 1
2.97888530223835656940 1.63102315098743755328 = -383.72986971968606439987 @ 199481 73020 1
2.97888530223806391461 1.63102315098793870796 = -383.72986988566202626316 @ 198881 72786 1
-4.15983281877813837468 4.70411538657342465086 = -384.44219916173796036674 @ 199856 73167 1
-4.15983281867535037435 4.70411538657258709861 = -384.44251373186523323966 @ 198776 72745 1
-4.15983281848515851209 4.70411538595737166446 = -384.44539453738036627328 @ 198544 72655 1
-4.15983443373471928339 4.70411539142800183555 = -384.66523578414222583888 @ 194695 71133 1
-2.29883939379618729149 -3.13905292518781209310 = -387.55732885276245269779 @ 199355 72970 1
-2.29883939379720425578 -3.13905292558122184232 = -387.55808994167023229238 @ 198230 72533 1
-2.29883939927184366425 -3.13905292213768705167 = -387.55956062814033202812 @ 199442 73004 1
-2.29883939927241343071 -3.13905292213768705167 = -387.55956093213580970769 @ 199356 72971 1
-2.29883940085757743077 -3.13905277588957787316 = -387.57256161447077147386 @ 198355 72581 1
-2.29885048373446743142 -3.13915599953322654869 = -388.49116460955127649868 @ 199387 72983 1
-3.10476692349228633461 2.07947950073172282970 = -415.45903889359198046805 @ 198937 72808 1
-3.10476692349313498909 2.07947950073172282970 = -415.45904368313591703554 @ 199411 72992 1
-3.10476704613147669320 2.07947952772663713361 = -415.46139531997545191189 @ 194973 71243 1
-3.10476704613147669320 2.07947952793507573332 = -415.46142236042334161539 @ 198877 72785 1
-3.10476704613147669320 2.07947952796446022816 = -415.46164536346168461023 @ 198872 72783 1
-3.10476467329710548171 2.07947846098766930822 = -415.69495179304777821017 @ 197145 72111 1
-1.79400884340922051052 2.60347937508742210966 = -427.50594809135134255484 @ 198715 72721 1
-1.79400884340955157903 2.60347937508742210966 = -427.50594868750965815707 @ 199234 72923 1
-1.79400884322812381733 2.60347954925639735180 = -427.54293333035258228847 @ 198185 72515 1
-1.79400883724268922492 2.60348096407349949288 = -427.70545893304063156393 @ 196057 71675 1
-4.80967811171848325102 -3.73095501278578067783 = -427.74254858152937686100 @ 199082 72864 1
-4.80967811171815640137 -3.73095501278578067783 = -427.74254865289583449339 @ 198533 72650 1
-4.80967811171815640137 -3.73095501291644460196 = -427.74278861009378260860 @ 198288 72555 1
-4.80967811171871417741 -3.73095501416838537523 = -427.74368882594427532240 @ 198829 72766 1
-4.38203778337850735625 -2.85038967292930722763 = -430.60725623605435430363 @ 199249 72929 1
-4.38203778258186105177 -2.85038967279721644488 = -430.60846853574719261815 @ 195065 71279 1
-4.38204043010601207442 -2.85038934701386459381 = -430.69919955904725838991 @ 198846 72772 1
-2.57734198621264098961 0.76744856448076292921 = -432.01431590680908811919 @ 199709 73110 1
-2.57734198621268539853 0.76744856448071552268 = -432.01431608126176797668 @ 199253 72931 1
-2.57734198621268539853 0.76744856448093590195 = -432.01431610382906001178 @ 199440 73003 1
-2.57734200625160703169 0.76744904190462703841 = -432.07397466452880507859 @ 196360 71795 1
-2.57738784127024844750 0.76676357486153745580 = -441.11510993422723458934 @ 189223 68952 1
-3.10476490873524957337 2.07831726540068784104 = -443.22998112980877749578 @ 197356 72193 1
-0.08790641695599912819 4.05402703154031485155 = -452.10244462204724413823 @ 196265 71758 1
-0.08790640232271902665 4.05401398561397119380 = -452.10280178955804331054 @ 198042 72460 1
-0.08790640334871070716 4.05402705186046041774 = -452.10466617406478917474 @ 198198 72520 1
-0.08790640334871070716 4.05402705186048439856 = -452.10466622202341113734 @ 199474 73018 1
-0.08825464437395719175 4.05412153213021930753 = -454.63815601654818010502 @ 199315 72954 1
-0.08825464437395719175 4.05412153213021930753 = -454.63815601654818010502 @ 199941 73200 1
-3.90977334934329201488 -2.35547976032281303205 = -457.98508371349157641816 @ 199205 72912 1
-3.90977334934277154233 -2.35547976032281303205 = -457.98508503089584564805 @ 195871 71601 1
-3.90977334935163112206 -2.35547975765779060708 = -457.98738697237274664076 @ 199628 73078 1
-3.90977331089259561026 -2.35547967559431858930 = -458.00863384317585769168 @ 196748 71955 1
-3.90977331089259561026 -2.35547967559240101210 = -458.00863622961639975983 @ 199359 72972 1
-3.90977331863331079020 -2.35547953399350395998 = -458.03192545128592882975 @ 198950 72813 1
-0.63295768233608062925 -3.94787636723327972632 = -458.41384526862009352044 @ 191735 69937 1
-0.63295758331726226231 -3.94787637898554555349 = -458.42318250679085167576 @ 198271 72549 1
-0.63295758331726037493 -3.94787637898554555349 = -458.42318250794414780103 @ 199865 73171 1
-3.91272551659181289097 -2.35505418582503178726 = -458.97366871311862723815 @ 199653 73088 1
-4.55173592666143989049 3.78451994158337079455 = -459.91935358993811178152 @ 198481 72630 1
-4.55173592681134131510 3.78451994158337079455 = -459.91964544139511872345 @ 198261 72545 1
-4.55173592681134131510 3.78451994158337079455 = -459.91964544139511872345 @ 199870 73173 1
-4.55173594855481589150 3.78451994845515171662 = -459.92964723063221299526 @ 199158 72894 1
-4.55173508265053694544 3.78451980037236701548 = -459.97118016457392286611 @ 199374 72978 1
-4.55173508265053694544 3.78451980037236701548 = -459.97118016457392286611 @ 199907 73187 1
-2.39503298730047786691 -3.33712011886341741729 = -465.16450212420289744841 @ 197115 72100 1
-2.39503298187141622222 -3.33712009735755454898 = -465.16546023341084037384 @ 198315 72566 1
-2.39503298187123991880 -3.33712009735755454898 = -465.16546025491885529846 @ 199052 72853 1
-0.34541751765289918641 0.90220275182376641343 = -483.85380252192555872170 @ 198787 72749 1
-0.34541750693881051459 0.90220274955163948238 = -483.85518735305390691792 @ 199801 73146 1
-0.34541750693881051459 0.90220274955163815012 = -483.85518735541489832030 @ 199003 72834 1
-0.34541753923166945706 0.90220431990947402845 = -483.99423045430171441694 @ 197530 72261 1
-0.34541735359058783894 0.90220637346646825883 = -484.12277509765340255399 @ 199220 72918 1
-0.34532866656353516932 0.90216436366723073981 = -485.65408390393076842884 @ 197982 72437 1
-0.34486824625830508895 0.90348837311294294405 = -497.26851465379172623216 @ 198064 72468 1
-4.02455316887075742471 2.47190197609415696078 = -499.24538107623226323994 @ 199068 72859 1
-4.02455316887079650456 2.47190197609415696078 = -499.24538116218684535852 @ 199647 73086 1
-4.02455316895366443930 2.47190197635795705366 = -499.24587889815182961684 @ 198430 72610 1
-4.02455271147549265010 2.47190229831492525037 = -499.29508644615134471678 @ 199099 72871 1
-4.02468059346946205324 2.47196085833334766590 = -502.87637128725316415512 @ 199508 73031 1
-4.02463480681309793141 2.47166312891020112374 = -507.38939580584280975017 @ 198817 72761 1
-2.88004175533875583781 -4.33578026204985178538 = -511.77173804698463754903 @ 197674 72317 1
-2.88003077177612842874 -4.33578026192741727840 = -511.90325205680329645475 @ 199913 73189 1
-2.88003077177612842874 -4.33578026192741727840 = -511.90325205680329645475 @ 199915 73190 1
-2.88003077169351007214 -4.33578026192741727840 = -511.90349776650469948436 @ 199675 73097 1
-4.94438518117327951984 2.86435449468614589108 = -515.79038783677469837130 @ 199229 72921 1
-4.94438518117326264445 2.86435449787932805421 = -515.79286610709755223070 @ 199729 73118 1
-4.94438518117326708534 2.86435449787932805421 = -515.79286611375187021622 @ 199720 73114 1
-4.94438518117326264445 2.86435449787935203503 = -515.79286626705004437099 @ 199758 73129 1
1.59644677086992925474 0.19303094077790883265 = -518.65151508256485612947 @ 198733 72728 1
1.59644677086992925474 0.19303094078152466251 = -518.65151894821440237138 @ 199753 73127 1
1.59644677086992858861 0.19303094078152466251 = -518.65151894874736626662 @ 199820 73153 1
1.59644677086087471984 0.19303094087502506437 = -518.65173429697676965588 @ 193307 70569 1
-1.26345970236278182242 1.29835863960768937986 = -524.93541192822681296093 @ 199176 72901 1
-1.26345970236278271059 1.29835863960659381178 = -524.93541209562818039558 @ 199860 73169 1
-1.26345970236278182242 1.29835863960659381178 = -524.93541209661816537846 @ 198824 72764 1
-1.26345976603349341438 1.29835863960659381178 = -524.93600341847786694416 @ 199144 72888 1
-4.41702425018801037027 1.55214217268083620738 = -545.84308979000388717395 @ 199817 73152 1
-4.41702425018801037027 1.55214217268084575529 = -545.84308979255513349926 @ 198245 72538 1
-4.41702429737146928801 1.55214217397644671514 = -545.87551085489599245193 @ 199238 72925 1
-4.41702431064930234328 1.55214198551702176054 = -545.89216202488887574873 @ 199782 73138 1
-4.41701911789855738988 1.55214138553623692829 = -546.28326136953728564549 @ 191871 69991 1
-4.41727303739087417966 1.55220307335116047831 = -553.14615658815307597251 @ 198156 72504 1
-4.80940315433472598272 0.63233916351774477338 = -556.31109124767726825667 @ 199493 73025 1
-4.80940315433472598272 0.63233916351770724784 = -556.31109142573313874891 @ 199759 73129 1
-4.80940315467597923060 0.63233916354553820760 = -556.31209888696764664928 @ 199737 73121 1
-4.80940355404407071660 0.63233678019066152931 = -556.55643391070827874501 @ 190801 69562 1
-4.80940362654865349867 0.63235514727902830678 = -558.23329654615758954606 @ 199581 73060 1
-4.80938674236236618498 0.63238265523184189476 = -558.80038398257568132976 @ 198830 72766 1
-4.80938674236236618498 0.63238258899114030420 = -558.80224636977584395936 @ 190787 69557 1
-0.63252869010513768089 4.99998599044563452054 = -580.17277883798692528217 @ 199150 72891 1
-0.63252997219914852689 4.99998599182685321551 = -580.18877910402295583481 @ 199444 73005 1
-0.63252997219892648229 4.99998599182685321551 = -580.18877926905076947151 @ 199140 72887 1
3.97221298988548365827 -3.96091681599014755477 = -593.15541790908059738285 @ 196836 71989 1
3.97221298988554760712 -3.96091681599014755477 = -593.15541798036099407909 @ 199429 72999 1
3.97221298990910076654 -3.96091676622159738486 = -593.15649944103904545045 @ 199868 73172 1
3.97196100306249633149 -3.96090730256882395111 = -593.83290780361471661308 @ 199123 72880 1
3.97196101407219170909 -3.96090729919482020804 = -593.83326994906690288190 @ 197574 72278 1
3.96962675305491430322 -3.96079858404122653326 = -630.52961602298842080927 @ 199702 73107 1
-3.36225890926504389356 -1.07229813815301100455 = -652.29712928595949961164 @ 199285 72943 1
-3.36225891371714125100 -1.07229810863073304894 = -652.29723799816815699160 @ 199881 73177 1
-3.36225891396788201249 -1.07229810877110276479 = -652.29786657348756762076 @ 194832 71186 1
-3.36225891338734061975 -1.07229811494092808211 = -652.29828702039208110364 @ 198125 72492 1
2.17307978189438788519 -3.08727594710413288936 = -669.52078132035296675895 @ 198259 72544 1
