-1.56154469854003452589 4.40002065693671529090 3.28529483706327285475 = 0.00000000000000000000 @ 387132 158414 1
1.75774354326002812954 1.59573723112608001351 -4.30893117315708629178 = -0.00000000001191231551 @ 396073 162322 1
1.75774354326002812954 1.59573723112608001351 -4.30893117315708629178 = -0.00000000001191231551 @ 399808 163960 1
1.75774354326002812954 1.59573723117869392674 -4.30893117324726748762 = -0.00000000001191231617 @ 399268 163724 1
1.75774353324593501924 1.59573722726828926000 -4.30893117315708629178 = -0.00000000001213992694 @ 399470 163813 1
-3.39511298702376640435 -3.31730711084856544346 2.34683606885570039680 = -0.00000000001464939224 @ 398380 163334 1
-3.39511298702376640435 -3.31730711084864982041 2.34683606885570039680 = -0.00000000001464939224 @ 398681 163467 1
-3.39511298701317798532 -3.31730711087447227570 2.34683606885234441464 = -0.00000000001464939344 @ 395840 162220 1
-3.39511298683075990468 -3.31730711087447227570 2.34683606876606853930 = -0.00000000001464939630 @ 399190 163690 1
-1.56154468026125692326 4.40002102917193660403 3.28529483338077232801 = -0.00000000005200234586 @ 396559 162536 1
-1.56154468040258831429 4.40002102917193660403 3.28529483338075678489 = -0.00000000005200237404 @ 399130 163664 1
-1.56154467911062488916 4.40002102912063275397 3.28529483581490744371 = -0.00000000005200244588 @ 399170 163682 1
4.14125713830256803050 2.47701192759733368476 2.66981997042919294572 = -0.00000000015539146492 @ 398405 163344 1
4.14125713830256803050 2.47701192759733368476 2.66981997042919294572 = -0.00000000015539146492 @ 399832 163971 1
-3.39511284138791724629 -3.31730713104335084296 2.34683632795036212215 = -0.00000000017129286545 @ 396939 162702 1
4.14125713830256803050 2.47701193586432877325 2.66982054163410609249 = -0.00000000041767240680 @ 397525 162959 1
4.14125620523369253334 2.47701155618694368599 2.66981990544493230644 = -0.00000000120454178039 @ 399139 163668 1
4.14125620518561099459 2.47701155618192014884 2.66981990547900993604 = -0.00000000120578492750 @ 399297 163737 1
1.75774499368947623168 1.59573759390416691772 -4.30893115024267636670 = -0.00000000128658433415 @ 399344 163757 1
1.75774499368947623168 1.59573759390416691772 -4.30893115024274386826 = -0.00000000128658433422 @ 397993 163164 1
1.75774627261809057721 1.59573742945980945329 -4.30892899490113467920 = -0.00000000752363672451 @ 398477 163378 1
1.75773944806651427619 1.59573675757628818950 -4.30893124869009547240 = -0.00000001105961003127 @ 399477 163816 1
1.75773944806651427619 1.59573675757628818950 -4.30893124869009547240 = -0.00000001105961003127 @ 399862 163984 1
1.75773944806651427619 1.59573675757628818950 -4.30893124869009547240 = -0.00000001105961003127 @ 399891 163996 1
1.75773944806658111162 1.59573675757630861760 -4.30893124869027488444 = -0.00000001105961003763 @ 399116 163658 1
1.75774352112440701568 1.59573878355009357577 -4.30893545615853934549 = -0.00000001205098924207 @ 399545 163845 1
-1.56154848619522468312 4.40001704579375818582 3.28528958386018565818 = -0.00000002211220960294 @ 399255 163719 1
-1.56154848815814273344 4.40001701166172765056 3.28528958386018565818 = -0.00000002221444953857 @ 399115 163657 1
1.75774354285795797459 1.59573722728588140995 -4.30892530483991809120 = -0.00000002295123858271 @ 397728 163048 1
4.14125800080889394650 2.47701301198778756074 2.66982342452731691296 = -0.00000002502280925889 @ 399442 163800 1
1.75774419575103313385 1.59573061294493778739 -4.30892311627021129539 = -0.00000006677117198644 @ 399138 163668 1
1.75774419569868678437 1.59573061294493778739 -4.30892308247701105728 = -0.00000006710753755453 @ 398442 163360 1
1.75774459425827345171 1.59573070644572201360 -4.30892302656535886030 = -0.00000006743901299096 @ 397949 163145 1
1.75774293570490014460 1.59573773536301466436 -4.30894174214298075754 = -0.00000006919818467865 @ 398947 163584 1
1.75774293570704354117 1.59573773545976083099 -4.30894174214410696777 = -0.00000006919841678630 @ 399617 163877 1
-3.39511965031934481729 -3.31730735194675885325 2.34683591380325973219 = -0.00000007440619429397 @ 398961 163590 1
-3.39511965070390964172 -3.31730735198189874424 2.34683591380325973219 = -0.00000007441410040956 @ 397481 162940 1
4.14125055666097363627 2.47701193339611558386 2.66982041879802256545 = -0.00000007604235148938 @ 398750 163498 1
1.75775495960507011084 1.59573121230581316254 -4.30893312453727617140 = -0.00000012082050711107 @ 399254 163718 1
4.14126166474434231901 2.47701123371683840091 2.66981331088641926641 = -0.00000012932849496925 @ 397680 163027 1
1.75773181228783559327 1.59572754303013408794 -4.30893275389782814955 = -0.00000013400500879490 @ 398443 163363 1
-1.56154348167783685319 4.40004251931150580646 3.28529534762345187815 = -0.00000019372495446179 @ 397463 162932 1
1.75774500130060906677 1.59575481937986807246 -4.30893573467760493401 = -0.00000019714914914493 @ 399257 163719 1
1.75774500130060906677 1.59575481937986807246 -4.30893573467760493401 = -0.00000019714914914493 @ 399703 163915 1
1.75774500130073363380 1.59575486776200747840 -4.30893573467760493401 = -0.00000019818266707042 @ 399250 163716 1
1.75774500130651545327 1.59575486845621772325 -4.30893573477909086478 = -0.00000019819868388647 @ 398507 163391 1
4.14125708137400572184 2.47700118672990177160 2.66982016144512623868 = -0.00000021065649512073 @ 399100 163651 1
4.14125708137400572184 2.47700118672990177160 2.66982016144512623868 = -0.00000021065649512073 @ 399949 164022 1
4.14125708137400572184 2.47700118672584057578 2.66982016144512623868 = -0.00000021065649726235 @ 397968 163153 1
4.14126769710618258813 2.47701252830884621758 2.66982217327868642798 = -0.00000022500924834486 @ 399361 163765 1
4.14126769710618258813 2.47701252830884621758 2.66982217327857140887 = -0.00000022500924836448 @ 399438 163799 1
4.14126769733345589941 2.47701252844872721326 2.66982217337836758020 = -0.00000022501921888673 @ 399077 163641 1
1.75772981688137552858 1.59573588206296790304 -4.30891887886854707546 = -0.00000023388736367289 @ 397554 162972 1
1.75772981688131402223 1.59573588206296790304 -4.30891887886854707546 = -0.00000023388736370307 @ 399251 163717 1
1.75774507269909707752 1.59571738257222728308 -4.30893092945147504480 = -0.00000025009852054750 @ 399427 163794 1
1.75774507269908131235 1.59571738257222728308 -4.30893092945147504480 = -0.00000025009852054799 @ 399311 163743 1
4.14125696222401185054 2.47702400322585658543 2.66982181365709880794 = -0.00000028277405777611 @ 399348 163759 1
-1.56154320464849072359 4.39999505051177575154 3.28528711862114564113 = -0.00000029350372237323 @ 398784 163513 1
-1.56154320464849072359 4.39999505051177752790 3.28528711862599065441 = -0.00000029350372274005 @ 399277 163728 1
-1.56154320464849072359 4.39999505051177575154 3.28528711353141655849 = -0.00000029353656022381 @ 395371 162016 1
1.75774507248295264183 1.59571522811441979250 -4.30893092898250085199 = -0.00000030646913826929 @ 399953 164024 1
1.75774507248295264183 1.59571522810997135089 -4.30893092898250085199 = -0.00000030646913940586 @ 399855 163981 1
1.75776162080068898419 1.59575162876213272334 -4.30893370244644291489 = -0.00000030916422565326 @ 398908 163567 1
1.75774205727628896057 1.59573432041798701775 -4.30895318619073197652 = -0.00000031383807260427 @ 399176 163684 1
1.75774205727628896057 1.59573432041804497139 -4.30895318619073197652 = -0.00000031383807262050 @ 398581 163424 1
1.75774205727628896057 1.59573423646172996015 -4.30895318619074352284 = -0.00000031425757365386 @ 399283 163731 1
-1.56157310766804124924 4.40002102923692017811 3.28529483161467306118 = -0.00000035497298825189 @ 399301 163739 1
-1.56157310766832679860 4.40002102923692017811 3.28529483161468816022 = -0.00000035497298835605 @ 399394 163779 1
-1.56157310766832679860 4.40002102923692195446 3.28529483161467306118 = -0.00000035497298838590 @ 399380 163773 1
-1.56152735140868670349 4.40002540843251921387 3.28532082147660631222 = -0.00000040173156392435 @ 398254 163278 1
-1.56152735141818532760 4.40002540841280076478 3.28532082176423756437 = -0.00000040173645247778 @ 399393 163779 1
4.14124227050813953355 2.47700946651447129199 2.66982030628623512314 = -0.00000041151810068713 @ 397349 162882 1
4.14124227048946202956 2.47700946654936071667 2.66982030626170541154 = -0.00000041151933815452 @ 399639 163887 1
4.14124227048946202956 2.47700946654936027258 2.66982030628623512314 = -0.00000041151934678583 @ 396743 162617 1
4.14125701042979699196 2.47702313727323186754 2.66980898698391300172 = -0.00000047150999057297 @ 397366 162889 1
1.75771676417140598758 1.59573107467805685999 -4.30893032535518649695 = -0.00000047165759064216 @ 398593 163429 1
1.75771676417140598758 1.59573107467805685999 -4.30893030962146195151 = -0.00000047170622673134 @ 398842 163538 1
1.75771676417140598758 1.59573107467805685999 -4.30893030962138467999 = -0.00000047170622675676 @ 399240 163712 1
1.75774153461452864455 1.59574419479877516181 -4.30890434247784881450 = -0.00000051581051504944 @ 399371 163769 1
1.75774153461697135725 1.59574419479717044545 -4.30890434247784881450 = -0.00000051581051603714 @ 396272 162411 1
1.75774153461085691497 1.59574419479717044545 -4.30890434240914554920 = -0.00000051581380030522 @ 399594 163867 1
1.75776045022159377318 1.59574428346843744109 -4.30890426517149194297 = -0.00000063979191495154 @ 398757 163501 1
1.75776045022152671571 1.59574428346331331774 -4.30890426517149194297 = -0.00000063979214387949 @ 399013 163613 1
1.75776045022150584352 1.59574428346772578813 -4.30890426516902103060 = -0.00000063979214575628 @ 398759 163502 1
-3.39511284175039396160 -3.31732709005176573669 2.34683599949159660270 = -0.00000066958034310699 @ 399284 163731 1
1.75776207839293419077 1.59574428325411843410 -4.30890426503529422320 = -0.00000067198425946293 @ 398161 163238 1
1.75771792067915932911 1.59571484984187916822 -4.30892327613018100152 = -0.00000070750520283945 @ 398530 163402 1
1.75771792025951545391 1.59571484984060885104 -4.30892327612994563424 = -0.00000070751769428103 @ 399300 163738 1
-1.56150663875499784439 4.40001052390969071837 3.28528926483743299869 = -0.00000071116864536763 @ 399614 163876 1
-1.56150663875499784439 4.40001052390969071837 3.28528926439038881924 = -0.00000071117295476460 @ 399343 163757 1
4.14125696812566701510 2.47702398639116516676 2.66983728278162324443 = -0.00000082553402364709 @ 399663 163897 1
4.14125696812566612692 2.47702398639116516676 2.66983728278162324443 = -0.00000082553402364710 @ 395955 162271 1
4.14125696799536591186 2.47702398639377419087 2.66983728618087656770 = -0.00000082575136495213 @ 397626 163004 1
-1.56154466660721480409 4.40002104831025420140 3.28524794992280888550 = -0.00000092366084417536 @ 398912 163569 1
-1.56154466660720969706 4.40002104830088036636 3.28524794992307267449 = -0.00000092366089182960 @ 399346 163758 1
1.75770802496200873044 1.59571776987021896055 -4.30894211637948920668 = -0.00000102020312996563 @ 399624 163880 1
1.75770802496201183907 1.59571776914839968953 -4.30894211638054258628 = -0.00000102021894460312 @ 398122 163220 1
4.14125607697839726029 2.47699089500418390131 2.66983192946449410243 = -0.00000107716252657961 @ 397272 162848 1
4.14125607697839726029 2.47699089482402090567 2.66983192945199876434 = -0.00000107717623040755 @ 399571 163857 1
4.14125620108968650612 2.47701142670034579751 2.66979470062084933701 = -0.00000120885945991602 @ 399037 163623 1
4.14125620108893066629 2.47701142670034579751 2.66979470053283263198 = -0.00000120886703841608 @ 398909 163567 1
1.75773488532477872859 1.59569706783315079512 -4.30891158239248106554 = -0.00000121169548590515 @ 399084 163644 1
1.75773488532477872859 1.59569706783252307503 -4.30891158239248106554 = -0.00000121169548603002 @ 398136 163227 1
1.75771795557077314953 1.59570209287268460763 -4.30894877750831639673 = -0.00000127051103430132 @ 399603 163871 1
1.75771795557077203931 1.59570209287268460763 -4.30894877750831639673 = -0.00000127051103430396 @ 396637 162571 1
1.75774154489690959124 1.59574424397640024509 -4.30888564794839190597 = -0.00000139482375426053 @ 399295 163736 1
1.75774154489690292991 1.59574424397639802464 -4.30888564794839190597 = -0.00000139482375426201 @ 399623 163880 1
1.75778282325048285095 1.59571445116723542590 -4.30892649835216268173 = -0.00000143779870231281 @ 399047 163628 1
1.75778282324784185242 1.59571445116802324016 -4.30892649835216268173 = -0.00000143779870647558 @ 397624 163003 1
1.75774027525319653797 1.59573558327792830447 -4.30897983571995002450 = -0.00000150470749110087 @ 398997 163606 1
-1.56154320508050181715 4.39995862530715609040 3.28528711161491360215 = -0.00000159449758691771 @ 397251 162839 1
-1.56154320508050181715 4.39995862530715609040 3.28528711147634266965 = -0.00000159449957308266 @ 397592 162989 1
-1.56154320508040855842 4.39995856493115589103 3.28528711563370379167 = -0.00000159759697364231 @ 399336 163754 1
-1.56154320508040855842 4.39995856493115589103 3.28528711161491360215 = -0.00000159761912816680 @ 398731 163489 1
1.75778095016036561837 1.59574959885642053692 -4.30896437924497632821 = -0.00000171555261001669 @ 398838 163536 1
1.75778095016036561837 1.59574959885593492537 -4.30896437924497632821 = -0.00000171555261078613 @ 398290 163294 1
1.75778095016036561837 1.59574959898733981234 -4.30896437924586006574 = -0.00000171555338792657 @ 399196 163693 1
1.75774589296195959953 1.59577043178768929188 -4.30889026544831388321 = -0.00000183575890036110 @ 399065 163636 1
1.75774590003837061225 1.59577043195046353041 -4.30889017614773806031 = -0.00000184061027423678 @ 399843 163976 1
1.75774590003837061225 1.59577043195046353041 -4.30889017612429991999 = -0.00000184061074906611 @ 398165 163239 1
1.75769587633652579761 1.59572031840952899273 -4.30891203666433053598 = -0.00000184070943931075 @ 398745 163496 1
1.75769587633643409319 1.59572031840877603948 -4.30891203666433053598 = -0.00000184070944096701 @ 397469 162935 1
4.14126198916127119531 2.47701100296141962787 2.66978898361686045604 = -0.00000186026920022481 @ 399667 163899 1
1.75779699265243127826 1.59575427317446005837 -4.30892902167693048199 = -0.00000190581161616443 @ 398919 163572 1
1.75779699265557565191 1.59575427317486218115 -4.30892902167693048199 = -0.00000190581161932058 @ 399258 163720 1
1.75779699265566713429 1.59575427317486218115 -4.30892902168632119242 = -0.00000190581162263136 @ 399779 163948 1
4.14125696951689814540 2.47702149037971830481 2.66985308913946850495 = -0.00000220130655118334 @ 399724 163923 1
4.14125696951689814540 2.47702398739476281619 2.66985309222765465620 = -0.00000230368834360446 @ 394717 161730 1
-1.56154094368213169908 4.40006458975590675209 3.28535638358170301032 = -0.00000234795047887189 @ 399751 163935 1
-1.56154094373026941511 4.40006458975590675209 3.28535638361769333216 = -0.00000234795306240173 @ 397650 163014 1
1.75777895797175753856 1.59571463995210227615 -4.30888590509220659186 = -0.00000234894975641150 @ 398667 163461 1
1.75777895797175753856 1.59571463995210227615 -4.30888590509306901311 = -0.00000234894975845434 @ 399473 163814 1
-1.56154082583958686570 4.40006481581645392254 3.28535634264445297603 = -0.00000235366222347590 @ 398960 163590 1
4.14125507649138668853 2.47702637153506399770 2.66985277202387738527 = -0.00000239003079289082 @ 398349 163320 1
1.75775005465087552636 1.59580029889279506605 -4.30893450052147564122 = -0.00000243241504504597 @ 396114 162340 1
1.75775005465087552636 1.59580029889279506605 -4.30893450052147564122 = -0.00000243241504504597 @ 399957 164025 1
1.75775005466377431951 1.59580029889279151334 -4.30893450052147564122 = -0.00000243241507500823 @ 399538 163842 1
1.75775005465087108547 1.59580029889279506605 -4.30893454582743729020 = -0.00000243244334063964 @ 399634 163884 1
4.14122293368483518350 2.47702400374420816931 2.66982179691775600716 = -0.00000244011351167188 @ 398277 163288 1
4.14129379860913271472 2.47701318176964813134 2.66982299541377443575 = -0.00000255519190165028 @ 399332 163752 1
4.14129379860913271472 2.47701318176964813134 2.66982299541377443575 = -0.00000255519190165028 @ 399997 164043 1
1.75768117484336361400 1.59572035398776690407 -4.30891174958163336584 = -0.00000289226299270941 @ 398607 163435 1
1.75770841612893491401 1.59571772989301652323 -4.30898831446888941343 = -0.00000293098187993506 @ 399527 163838 1
-1.56152735293800914995 4.40001486990425050294 3.28537744225750705240 = -0.00000294281421019975 @ 392164 160613 1
1.75774822345738579443 1.59580328988574726701 -4.30895877968745377729 = -0.00000304853552284376 @ 399697 163912 1
1.75779838813012068144 1.59578309397302087191 -4.30894486982629665306 = -0.00000304997364107024 @ 398807 163523 1
1.75770623713629747797 1.59579388994985049699 -4.30894394683464110329 = -0.00000320327382514357 @ 398480 163380 1
1.75774541325647359891 1.59575212030387736384 -4.30900299981379220071 = -0.00000335933264704488 @ 396420 162476 1
4.14125692279169754784 2.47699801634065686073 2.66986493623074006010 = -0.00000410000119986696 @ 394745 161743 1
1.75772839958979609776 1.59565576097296668578 -4.30891966773756607267 = -0.00000413787748464788 @ 397916 163131 1
4.14126093361057279196 2.47704852017682153331 2.66978878504169214736 = -0.00000438048292525703 @ 399705 163915 1
4.14126093361057279196 2.47704852017682286558 2.66978878504169214736 = -0.00000438048292526727 @ 399658 163895 1
4.14126189536971534011 2.47704851998863340157 2.66978878471851555076 = -0.00000439681865516341 @ 399363 163766 1
-3.39516329575927322537 -3.31731327406684162185 2.34684522773681170094 = -0.00000447855591539264 @ 397143 162792 1
-3.39516329575908670790 -3.31731327406684162185 2.34684522773663895023 = -0.00000447855591647666 @ 399274 163727 1
1.75770917625126266159 1.59568650064013461964 -4.30886618347232541737 = -0.00000479727461440565 @ 399753 163936 1
4.14129380598381846568 2.47701317847773738734 2.66978524380277359995 = -0.00000481241632008453 @ 399878 163991 1
-1.56155612688498668383 4.40012942048170163645 3.28528288758253683710 = -0.00000492853998525381 @ 397427 162916 1
-1.56155612725148040809 4.40012942047618693664 3.28528288757867636960 = -0.00000492854197835127 @ 398626 163443 1
-1.56155612730231685426 4.40012942048170163645 3.28528288757842590329 = -0.00000492854258084658 @ 399674 163902 1
-3.39511300660055548306 -3.31730721195855648986 2.34677894767442030144 = -0.00000552622399104231 @ 398221 163264 1
-3.39511300660164616616 -3.31729449754741212431 2.34677894767312755775 = -0.00000580027144340909 @ 398918 163571 1
-1.56154119498833021673 4.40014400845882924784 3.28528288397123491293 = -0.00000621349211275804 @ 396711 162603 1
-1.56156562146113442324 4.39989804317020549718 3.28527263953132608876 = -0.00000644660775502429 @ 396342 162442 1
1.75777661557422026917 1.59574428358940800798 -4.30883084845479480407 = -0.00000690771416119029 @ 399465 163811 1
-3.39511963051760412569 -3.31737283894002832341 2.34683586317305126201 = -0.00000735584874772936 @ 398856 163544 1
-3.39511963051760412569 -3.31737283894002832341 2.34683586317304637703 = -0.00000735584874774443 @ 399644 163889 1
-3.39511963051760412569 -3.31737304636019114668 2.34683586317307568692 = -0.00000740192163242809 @ 399454 163806 1
1.75779604131113575960 1.59576078230680806769 -4.30902658773245583745 = -0.00000803982357483373 @ 399464 163810 1
1.75779604131113575960 1.59576078230680806769 -4.30902658773245583745 = -0.00000803982357483373 @ 399834 163972 1
1.75782662152670665634 1.59570444955901580286 -4.30900611124178212208 = -0.00000979650390105009 @ 396555 162535 1
-3.39511292531932795669 -3.31730730240874560621 2.34691226202405722745 = -0.00000981922036714017 @ 398683 163468 1
4.14133139850032883089 2.47701103460289751013 2.66982010259879354308 = -0.00001034871869090137 @ 398448 163365 1
1.75761670003526759842 1.59573489775441634819 -4.30894077814090792344 = -0.00001040353149801170 @ 399500 163826 1
1.75761670003526759842 1.59573489775441634819 -4.30894077814090792344 = -0.00001040353149801170 @ 399996 164042 1
4.14126190031779639611 2.47693804283381702191 2.66983114540079968791 = -0.00001042972582905813 @ 399269 163725 1
-1.56152863047539169905 4.40001528953729170723 3.28513085457908138309 = -0.00001150853171243333 @ 399593 163866 1
-1.56152859791671705381 4.40001528953729170723 3.28513085457908138309 = -0.00001150923189748391 @ 399398 163781 1
-1.56152857907903963586 4.40001528954043408248 3.28513085457984832516 = -0.00001150947676210151 @ 398953 163586 1
1.75787942893978410552 1.59575425918355873200 -4.30892899938604667653 = -0.00001183527333310817 @ 399628 163882 1
1.75787942893978343939 1.59575425918355873200 -4.30892899938604667653 = -0.00001183527333311902 @ 396276 162413 1
4.14126769828620400204 2.47701257357689375027 2.66973990681915207546 = -0.00001223062894337858 @ 399458 163807 1
4.14126769828620400204 2.47701257357687687488 2.66973990681915207546 = -0.00001223062894363714 @ 398166 163240 1
4.14126769852720677534 2.47701257374810923650 2.66973990364991209390 = -0.00001223159119019333 @ 398761 163503 1
1.75788195058289620221 1.59573895019259537342 -4.30894158515253433706 = -0.00001260652582006858 @ 398827 163532 1
1.75788195058289620221 1.59573895019259537342 -4.30894158515253433706 = -0.00001260652582006858 @ 399969 164031 1
-1.56152734373766444165 4.40001493925203757129 3.28547565376924177727 = -0.00001369246823470862 @ 399219 163703 1
1.75779249008511140318 1.59586012108969010903 -4.30883883003262102562 = -0.00001592592081555355 @ 396341 162441 1
1.75779236176185094109 1.59586050190820016859 -4.30883883440915838037 = -0.00001597877628218769 @ 399638 163886 1
1.75760259598042600793 1.59573350194253205103 -4.30885643385432715036 = -0.00001732341301237665 @ 398729 163489 1
1.75759443649505908702 1.59572725856628294672 -4.30902249434756345892 = -0.00001857320368129461 @ 398948 163584 1
1.75759443659792746750 1.59572725858036390534 -4.30902270234980289132 = -0.00001859498517127418 @ 399765 163941 1
1.75759443659792813364 1.59572725858036390534 -4.30902270234980289132 = -0.00001859498517130978 @ 399423 163792 1
1.75791668076308349455 1.59577716073597453139 -4.30891662802086372608 = -0.00001945894002301828 @ 397413 162910 1
1.75791668079092211485 1.59577716073597453139 -4.30891662802086372608 = -0.00001945894681129221 @ 399038 163624 1
-3.39513330345729880122 -3.31720109227069048785 2.34683452290956129360 = -0.00001977193335099826 @ 398524 163399 1
-3.39513330346502284485 -3.31720109220109016235 2.34683452290956129360 = -0.00001977195449913126 @ 399595 163867 1
1.75774230916265383762 1.59567438804728123358 -4.30875645623060865574 = -0.00002117665711904444 @ 396850 162663 1
1.75774230916265383762 1.59567438804728123358 -4.30875645623060865574 = -0.00002117665711904444 @ 399981 164036 1
1.75774988959181954762 1.59594654509359923367 -4.30893391823193994128 = -0.00002699329025834708 @ 399024 163618 1
-3.39525446520883855683 -3.31731789286743339318 2.34684284285613831145 = -0.00003406722367066174 @ 393769 161316 1
4.14126197425239617189 2.47714387045872364013 2.66978882690693808399 = -0.00003440790127544041 @ 398904 163565 1
4.14126197425239617189 2.47714387045872186377 2.66978878887069770443 = -0.00003441225689297496 @ 399693 163910 1
4.14126197507514337559 2.47714387112246647860 2.66978762029426075486 = -0.00003455297162914200 @ 396964 162713 1
1.75772921897438894057 1.59573027982551951531 -4.30916817962260445540 = -0.00003581206958733426 @ 399531 163839 1
1.75772921897437628402 1.59573027982551951531 -4.30916817962260445540 = -0.00003581206958748211 @ 398902 163564 1
1.75772921897659406554 1.59573028000225880518 -4.30916837452388179486 = -0.00003587080792916440 @ 398962 163590 1
-1.56151950761464086703 4.40013111847763038753 3.28501586701314218786 = -0.00003806023469789657 @ 399388 163777 1
4.14126788035165294133 2.47701274217991418425 2.66996470269993135815 = -0.00003924095498691708 @ 399654 163893 1
4.14126788035165205315 2.47701274217991418425 2.66996471529091516928 = -0.00003924767249704324 @ 399728 163925 1
4.14135565571701391718 2.47688809656394592906 2.66981995441331854124 = -0.00004673918825214778 @ 398558 163414 1
1.75794562792011821450 1.59575833626023255718 -4.30911158409801675617 = -0.00004974407025255075 @ 398447 163365 1
4.14125507617564725393 2.47702638021922538769 2.66965036128571275853 = -0.00005423530008866534 @ 399597 163868 1
4.14145592470570900190 2.47701301259451556191 2.66982412550509851101 = -0.00007388862082446341 @ 399213 163700 1
4.14145592474010104667 2.47701301257827255498 2.66982412560727588868 = -0.00007388865422009739 @ 398031 163180 1
-3.39502336925316328120 -3.31732687032036732688 2.34702995205314746130 = -0.00007805872243146453 @ 397058 162755 1
-1.56155570497618434445 4.40056650363532941839 3.28529879075789787990 = -0.00012127913051377100 @ 396171 162365 1
-1.56154605256344125586 4.40049987071497916702 3.28480589388233257253 = -0.00019470330989954936 @ 399279 163729 1
1.75711889253744546480 1.59568649026347997300 -4.30895935656208362019 = -0.00025059349415887605 @ 396177 162368 1
4.14148363525682050579 2.47700551598984741730 2.67017307825094141194 = -0.00032835824822448280 @ 398933 163578 1
1.75772805948132493370 1.59573552348322356131 -4.30817019755581132046 = -0.00036937373458408582 @ 399367 163768 1
-3.39512917118175527875 -3.31783477396262860282 2.34684038550300622106 = -0.00047161358878546094 @ 398785 163513 1
-1.56155942552486770580 4.39998833282927570565 3.27184058832053414889 = -0.07607076046388057400 @ 398760 163502 1
1.75747224131602930441 1.59571274901095572218 -4.33498867269533860735 = -0.41448635053985177779 @ 398590 163428 1
1.77461631682233988982 1.64101001000549495679 -4.30926594134355323007 = -1.32659278437963212838 @ 399752 163936 1
-1.56154250427597074413 4.40004386297124572280 3.18280524226421723810 = -4.74066657352103248968 @ 399879 163991 1
-1.56154250427568053183 4.40004386297124217009 3.18280524226756478257 = -4.74066659436686688167 @ 395651 162138 1
-1.56154250427597074413 4.40004386297124572280 3.18280524226756478257 = -4.74066659617853858322 @ 399609 163873 1
4.14125015378425409551 2.47700993388836954168 2.73595587885426638763 = -8.00051481540892872601 @ 399682 163905 1
-1.41265497262208294948 4.44336126027774724889 3.28528622346974463753 = -8.14115030646069470777 @ 398879 163554 1
-1.41265497262208294948 4.44336126028971811763 3.28528622346955989642 = -8.14115042021647461468 @ 399369 163768 1
-1.41265497262208294948 4.44336126028971811763 3.28528622346954479738 = -8.14115042110020148414 @ 399272 163726 1
1.86630798363477090618 1.55517667758225952568 -4.31631143163697039711 = -8.69930988959107409642 @ 398417 163350 1
1.86630798363477090618 1.55517667758225952568 -4.31631143163697039711 = -8.69930988959107409642 @ 399898 164000 1
1.74609690702886855007 1.59413567823493496078 -4.18271589248401820527 = -11.23340241012998497183 @ 399525 163837 1
-0.49900615381713986363 -4.01313749165232014349 -4.88063292840623841329 = -12.45285379027784244954 @ 399103 163652 1
-0.49900615381742374765 -4.01313749165232014349 -4.88063292840612117374 = -12.45285504937654508240 @ 397007 162732 1
-0.49900615381742374765 -4.01313749165232014349 -4.88063292890631217347 = -12.45300945650258128694 @ 398610 163436 1
-0.49900609049931399230 -4.01313736795182318673 -4.88063297155584407960 = -12.51552800912377527709 @ 388680 159091 1
-0.49900759550377921103 -4.01313938778478718206 -4.88063308325485056827 = -12.73958413717484461358 @ 399230 163708 1
-0.50038293308734560494 -4.01204864637623437318 -4.88116265275864957829 = -13.93187045782540245398 @ 399430 163795 1
4.04184909814774151471 2.47669688269296583982 2.66983493067862154291 = -18.88142011548817222888 @ 399566 163855 1
4.04184909814774151471 2.47669688269297427752 2.66983493067862154291 = -18.88142011575247281030 @ 398897 163562 1
4.04184909002318182303 2.47669688562923262509 2.66983493066949817418 = -18.88144725267529722146 @ 399596 163868 1
1.78447636388553831921 1.79441702679092829342 -4.30895641941820084497 = -23.03509901619003485962 @ 398457 163369 1
1.78447636388553831921 1.79441702679460934888 -4.30895641941518015017 = -23.03509909253447673905 @ 398094 163208 1
1.78447221730663141415 1.79441701657185737062 -4.30895642072496798392 = -23.03736684324324457407 @ 398387 163337 1
1.78447221730663185824 1.79441701657194463415 -4.30895642072496798392 = -23.03736684521933852920 @ 399727 163925 1
1.78447222099299973586 1.79441702679460934888 -4.30895641941820084497 = -23.03737432140155760862 @ 395976 162280 1
1.78447218911508964645 1.79468089433892052931 -4.30895641034464027541 = -23.06827888054697694997 @ 396158 162359 1
4.11383152688284159382 2.35138879202017125891 2.69937563281659187453 = -28.95575791131154730351 @ 399513 163832 1
4.11383152688278830311 2.35138879202021922055 2.69937563281565173767 = -28.95575794306417805046 @ 399422 163792 1
4.14126811458365295948 2.47721917959862514280 2.81107372511355357858 = -34.81271055183488272178 @ 399662 163897 1
4.14126811458365295948 2.47721917959862514280 2.81107372511355357858 = -34.81271055183488272178 @ 399932 164014 1
4.14126811454890386699 2.47721917981520345364 2.81107372511152409089 = -34.81271493264067373730 @ 397894 163121 1
-1.56136835743480850702 4.39998960333393274169 3.61954180574017625460 = -36.27858745822117469970 @ 399586 163863 1
-1.56136835739500989817 4.39998960333295219272 3.61954180522883728344 = -36.27861203980126703073 @ 397073 162761 1
1.75488453940295641154 1.59731953488711164724 -4.56584984861064402395 = -36.50775374105629111909 @ 398631 163446 1
1.75488453940295641154 1.59731953488430922228 -4.56584984861064402395 = -36.50775393202908958301 @ 398773 163508 1
-0.50453091003620409438 -4.01770809657186589448 -4.87886093441286661232 = -55.22006912935706424150 @ 399817 163964 1
-0.50453091018840734439 -4.01770809705970410874 -4.87886093445668933555 = -55.22076946768157768020 @ 399025 163618 1
1.48972463381079722744 1.39112169252634565453 -4.30893024165400095882 = -67.45487780987170367553 @ 394723 161733 1
1.48972463381079722744 1.39112169252634565453 -4.30893024165398230707 = -67.45487781002118765628 @ 399598 163869 1
1.48972463374232688693 1.39112169120469908457 -4.30893024155894632798 = -67.45490817685274009818 @ 399386 163776 1
1.48972468821781811599 1.39112169316300349209 -4.30893024345881947568 = -67.45515276497503975861 @ 396679 162589 1
1.48972468821765668956 1.39112169316300349209 -4.30893024345881947568 = -67.45515277769794693086 @ 399140 163668 1
1.48972468821781811599 1.39112169316508005323 -4.30893024345881947568 = -67.45515293072867279989 @ 398301 163299 1
2.12493206388879363189 1.63564313216751755498 -4.16862435687123245032 = -83.97231354285975157836 @ 399491 163822 1
2.12493206258178135570 1.63564313216750734092 -4.16862435687110899352 = -83.97234604536362212457 @ 399326 163750 1
2.12493206258178135570 1.63564313216750734092 -4.16862435687110899352 = -83.97234604536362212457 @ 399914 164007 1
2.12493206258195055369 1.63564313216750734092 -4.16862435687110899352 = -83.97234605711024357788 @ 399426 163793 1
2.12493206258200917347 1.63564313216750734092 -4.16862435687110899352 = -83.97234606120363764603 @ 399207 163698 1
-1.76049432703106645270 4.77060564942806308864 3.26072316715575372115 = -91.89155316905315373788 @ 399896 163999 1
-1.76049432703106645270 4.77060564961963962105 3.26072316703553877204 = -91.89156156040309042510 @ 398996 163605 1
-1.76049432703106645270 4.77060564961963962105 3.26072316703579945241 = -91.89156165730356917720 @ 399155 163675 1
-1.76049432703137065381 4.77060564961996824707 3.26072316715575372115 = -91.89158367599091548072 @ 399026 163619 1
-1.76049432707838771073 4.77060564960594390982 3.26072316804088613296 = -91.89162236122632521074 @ 399355 163762 1
-0.99893848253367156786 4.99990924934197522589 4.26415320809416620307 = -93.65972882884082650889 @ 398314 163305 1
-0.99893848253367156786 4.99990924934197522589 4.26415320809445397288 = -93.65972919436350707656 @ 398766 163505 1
-0.99893848252486416861 4.99990924934430225335 4.26415320809416620307 = -93.65973062121176440087 @ 398439 163359 1
-0.99893848215112901467 4.99990924934197522589 4.26415320809980880057 = -93.66017733522159005588 @ 399110 163655 1
-0.99893848215094238618 4.99990924934197522589 4.26415320809980880057 = -93.66017763140318663773 @ 399341 163756 1
-0.99894067202850267417 4.99990924617619203474 4.26415288516255230888 = -93.68486895893900623378 @ 398724 163486 1
2.15386730377676460790 1.68110812891683059078 -4.49297420171088113250 = -102.81893491077020996727 @ 399168 163681 1
2.15386730377687340976 1.68110812891683059078 -4.49297420171088113250 = -102.81893493460418653740 @ 397683 163029 1
2.15387132961735172643 1.68110812890093619387 -4.49297420170659211891 = -102.82307256901127345827 @ 399245 163714 1
-0.74963773800954058846 3.64449767106789357385 3.25384979504861293620 = -103.72635775898123711158 @ 399828 163969 1
-0.74963773801111288630 3.64449767106860011978 3.25384979501412763270 = -103.72637173184867265263 @ 398905 163565 1
-0.74963773800954058846 3.64449767106789357385 3.25384979501412763270 = -103.72637417642859247735 @ 397900 163124 1
-0.74963773800954058846 3.64449767106860011978 3.25384979501412763270 = -103.72637461798635172272 @ 398331 163312 1
-0.74963773800444732931 3.64449688560011475502 3.25384979281055430889 = -103.77235886291879296550 @ 398498 163388 1
4.14126945766518339553 2.47701475527863923531 2.92486482901565780779 = -105.68726613162144190028 @ 398230 163268 1
4.14126945766518339553 2.47701475527863923531 2.92486482901818245494 = -105.68726630510785469141 @ 398382 163334 1
-0.75024775273936517017 3.64456122533750237480 3.25374949698236015649 = -106.38096443296279858259 @ 398181 163246 1
-1.04979705678380397238 3.64278892432943823820 4.20856184043517167481 = -112.53191808481878410930 @ 397268 162847 1
-1.04979705673155288004 3.64278892434361356578 4.20856184043517167481 = -112.53192709140373040100 @ 398437 163358 1
-1.04979705673155288004 3.64278892434361356578 4.20856184043517256299 = -112.53192709175675645383 @ 399558 163851 1
-1.04979705672938350425 3.64278892434246381882 4.20856184043517167481 = -112.53193177587877471524 @ 399126 163662 1
-1.04979704483255642522 3.64278892427953548960 4.20856184043517167481 = -112.53667230536188981205 @ 396972 162717 1
-1.04979695759257585230 3.64278870058304482527 4.20856183393079508193 = -112.57159991952067912280 @ 398711 163481 1
4.41714863797301227066 2.47734091213419471700 2.66977998878274203065 = -115.36340524928388617809 @ 399015 163614 1
4.41714863797301227066 2.47734091213419471700 2.66977998878359334967 = -115.36340535505931370608 @ 398150 163233 1
4.41714863624655595942 2.47734088893290360645 2.66977997803779976138 = -115.36404757251173691657 @ 399695 163911 1
4.41714863624654618945 2.47734088893290316236 2.66977997803610289651 = -115.36404761251665718191 @ 399612 163875 1
1.75925366390961057661 1.58904545447046308126 -4.80848548845482870462 = -131.81005197172314069576 @ 399482 163818 1
1.75925366390961057661 1.58904545447046308126 -4.80848548845485357361 = -131.81005197356600433523 @ 398135 163226 1
-0.74960414341683345718 4.99973166100759058850 3.27939256040383231294 = -134.92069991395055694738 @ 398595 163430 1
-0.74960414341185577225 4.99973166100758881214 3.27939256019676550480 = -134.92088114833103418277 @ 398532 163402 1
-0.74960413708727502424 4.99973166100758881214 3.27939255412793073674 = -134.92248992471837709672 @ 396795 162639 1
-0.74960413613559295776 4.99973170753265172550 3.27939256369507070588 = -134.92809758082410098723 @ 399509 163830 1
-0.74960407973262932479 4.99973174261683706021 3.27939256371096288234 = -134.93343546217903394790 @ 398860 163546 1
-0.74960409958800877650 4.99973120305723295331 3.27939256371096288234 = -134.93907120518957754030 @ 396712 162604 1
-1.41054103325387680812 3.98230769427640307612 2.95780574542105911817 = -150.75998023447385776308 @ 399091 163647 1
-1.41054103325387680812 3.98230769427640307612 2.95780574542105911817 = -150.75998023447385776308 @ 399800 163957 1
-1.41054103325387680812 3.98230769427640218794 2.95780574542105911817 = -150.75998023522259927631 @ 399715 163920 1
-1.41055358338341796376 3.98230769428810171817 2.95780580660111791502 = -150.76590858830496699738 @ 398713 163482 1
-1.41055358337808067759 3.98230769428726416592 2.95780580660065472998 = -150.76591232303547940319 @ 398847 163540 1
-1.41055358337808067759 3.98230769422954278269 2.95780580659894942741 = -150.76593412670430893741 @ 397822 163089 1
-2.03394228332592197361 4.40018600348968913494 3.28534178944937504951 = -154.04065257989515203008 @ 399488 163821 1
-2.03394228332592197361 4.40018600348968913494 3.28534178944937504951 = -154.04065257989515203008 @ 399840 163974 1
-2.46686292537233198274 2.27771061284036724359 3.68167070508398364126 = -159.82800279025107670350 @ 399487 163820 1
-2.46686292537095530619 2.27771061283352382887 3.68167070508433313947 = -159.82804052115275794677 @ 399804 163958 1
-2.46686292537095486210 2.27771061283352382887 3.68167070508433313947 = -159.82804052194177302226 @ 399673 163901 1
-2.46686284132512811951 2.27771056159557794274 3.68167061457606470398 = -159.82975157918033914939 @ 399292 163735 1
-2.46686284095782371040 2.27771056091334767046 3.68167061492769454034 = -159.83040484480545728729 @ 399094 163648 1
-2.46686284095781127590 2.27771056089759360574 3.68167061492879232887 = -159.83041455911450157146 @ 399567 163855 1
-2.46688268588870585063 2.27768700457624451161 3.68163198735988528298 = -161.76224372827061870339 @ 394088 161455 1
-2.46681444955114859141 2.27762517599177849448 3.68168891041287515975 = -162.21379476230430327632 @ 399221 163704 1
-2.46381605285712623754 3.64099376482782988163 3.72106062697354333935 = -169.94159413900595723135 @ 398787 163514 1
-2.46381605285587701459 3.64099376482782988163 3.72106062697354333935 = -169.94159467438947785922 @ 394601 161680 1
-2.46381605338099474167 3.64099376482782988163 3.72106062697354333935 = -169.94195978451983819468 @ 399636 163885 1
-2.46381605285121674243 3.64099376482782988163 3.72106065436973576510 = -169.94220733342154971979 @ 398682 163468 1
-2.46381612277743355932 3.64099371450339770462 3.72106062600956732922 = -169.94983369120484439918 @ 392251 160652 1
-2.46381605281820537101 3.64093801453694698722 3.72106085976471856469 = -171.03986367917053712517 @ 399629 163882 1
-2.46381605281820803555 3.64093801453694698722 3.72106085976471856469 = -171.03986368137816498347 @ 398114 163217 1
-3.39075785660393957954 -4.03157956147840756955 3.18280650217312022221 = -172.62267939588377885229 @ 398887 163558 1
-3.39075785660393957954 -4.03157956147840756955 3.18280650217341021246 = -172.62267945743104746725 @ 398116 163218 1
-3.39075785661332140819 -4.03157956141739681755 3.18280650209271520623 = -172.62275397786646635723 @ 397741 163054 1
-3.39075785660422557299 -4.03157956141739681755 3.18280650209281956720 = -172.62276451399867482905 @ 398587 163426 1
-3.39076459275062580545 -4.03156290078007550903 3.18280511118012521266 = -172.70079935102177159933 @ 396643 162573 1
-3.37575737079352089509 -4.03416521857629284398 3.18258402263169504209 = -177.19618271712340629165 @ 399324 163749 1
-3.37575737079352089509 -4.03416521857629284398 3.18258402263169504209 = -177.19618271712340629165 @ 399966 164029 1
-2.03393611709472654780 4.32446676976324617669 4.94648773876403513583 = -179.10627253511461276503 @ 398858 163545 1
-2.03393611709479404936 4.32446676976324617669 4.94648773876956937556 = -179.10627309377156279879 @ 399278 163729 1
-2.03393611708782584557 4.32446676988357481264 4.94648773876956937556 = -179.10631889473148703473 @ 396999 162729 1
-2.03393611351399528075 4.32446677082124253388 4.94648773976486921811 = -179.10651856404052750804 @ 397309 162865 1
-2.03393611714132438451 4.32446677643049870454 4.94648773988783307942 = -179.10889563207194896677 @ 399003 163608 1
-2.03393611714132438451 4.32446677864080619713 4.94648773258092333549 = -179.11132475001571151552 @ 392511 160765 1
-2.03365353867940479304 4.32419812153848504011 4.94641830400031334847 = -179.46957854829076950409 @ 398113 163216 1
0.31590979827572596150 4.95835084906583478670 4.71624498850084084012 = -185.38537396149737901396 @ 399768 163943 1
0.31590979827572596150 4.95835084903688017022 4.71624498850084084012 = -185.38541849874025047029 @ 398696 163474 1
0.31590979827572596150 4.95835084903688461111 4.71624498849556150759 = -185.38542197974547320882 @ 398956 163588 1
0.31590979827572596150 4.95835084903688461111 4.71624498849556150759 = -185.38542197974547320882 @ 399563 163853 1
0.31590979827572596150 4.95835084903688461111 4.71624498849556150759 = -185.38542197974547320882 @ 399606 163872 1
0.31590873086216225696 4.95833200614221425440 4.71629675110953527906 = -185.41454052365403981639 @ 399557 163851 1
0.31589551416118377691 4.95835014011161590020 4.71624418130300071539 = -185.79926652971377620815 @ 394555 161660 1
1.90262726157279526973 2.37131731890612851288 -4.43784135616500829968 = -186.34993507996904327229 @ 399677 163903 1
1.90262726157279526973 2.37131731890612629243 -4.43784135616500829968 = -186.34993508022947139580 @ 397645 163012 1
1.90262726155808925554 2.37131731890612629243 -4.43784135616500829968 = -186.34994123051717451744 @ 397070 162760 1
1.90262726157279526973 2.37131731890612629243 -4.43784135610122554283 = -186.34996382646434653907 @ 398008 163171 1
1.90262782255606333059 2.37130975573638425047 -4.43777827926671619707 = -186.49898496387592672363 @ 399122 163661 1
0.31556795722122576997 4.95806735193286929331 4.71626179663992406432 = -187.35815445374456089667 @ 399562 163853 1
-2.09964699419315570239 2.92439680988919237237 4.88457242457033213867 = -201.78603709701962998224 @ 398472 163376 1
-2.09964699419290434790 2.92439680988919237237 4.88457242457033213867 = -201.78603773923489939079 @ 399070 163638 1
-2.09964699419421307880 2.92439680988919237237 4.88457242456314766343 = -201.78604113735605096736 @ 398852 163543 1
-2.09964699448764546830 2.92439680509411736864 4.88457242356888610146 = -201.78608665703561086957 @ 398427 163354 1
-1.59544431382107010364 4.99984019486668351817 2.88033801230404806759 = -210.06813688986750321419 @ 399732 163927 1
-1.59544431382107010364 4.99984019486668351817 2.88033801230404895577 = -210.06813689006037293439 @ 399497 163825 1
-1.59544431221170746049 4.99985008323873536540 2.88033801232839348216 = -210.09337528390273064360 @ 398413 163348 1
-1.59544432103893618624 4.99999946813211870733 2.88033801305569037154 = -210.54985588416414543644 @ 399510 163830 1
-3.74882155375328007807 -4.67837919401588919754 1.98644224068507746495 = -211.13931337750670991227 @ 399754 163937 1
-3.74882155375328007807 -4.67837919401588919754 1.98644224068507746495 = -211.13931337750670991227 @ 399802 163958 1
-3.74882155374645220647 -4.67837919398028390106 1.98644224068507746495 = -211.13933008806870361695 @ 397418 162913 1
-3.74882508268523606532 -4.67837919398028390106 1.98644224077872455503 = -211.16273524867136757166 @ 399604 163871 1
-3.74882508268523606532 -4.67837919398028390106 1.98644224077872455503 = -211.16273524867136757166 @ 399793 163954 1
-3.74882497670211112251 -4.67837941989656158626 1.98642962280179991019 = -211.34243759083994973480 @ 398172 163242 1
-3.74887630739491362064 -4.67835924117705470593 1.98642934977668805807 = -211.37654138609187270959 @ 395461 162054 1
-3.74895055121559028777 -4.67849774759823500148 1.98638118058205592753 = -211.77429154719416715125 @ 397661 163019 1
0.26132914460221823294 3.54736735000276626195 4.65797074249476050767 = -215.98691307578732789807 @ 398204 163256 1
0.26132914460221823294 3.54736735000246738991 4.65797074249476050767 = -215.98691353402711001763 @ 399057 163632 1
0.26132914460221823294 3.54736734994857005887 4.65797074249476050767 = -215.98699301641772763105 @ 398146 163231 1
0.26132914249334632251 3.54736508425924013110 4.65796483621145629428 = -216.08263361445753503176 @ 398993 163604 1
0.26132914249334632251 3.54736508425921881482 4.65796483621145629428 = -216.08263366424415607980 @ 398923 163573 1
0.26132953756256066535 3.54736515084927050978 4.65797075397395143881 = -216.13316724391521006510 @ 396205 162381 1
1.48972397764546515830 1.39109805770481576026 -3.86516408466198901905 = -218.97945167767429097694 @ 398613 163438 1
1.48972397764546515830 1.39109805770481576026 -3.86516408466197036731 = -218.97945168281410133204 @ 399541 163844 1
1.48972388188936544218 1.39109805770481576026 -3.86516408469689665139 = -218.98059712784828434451 @ 398699 163475 1
1.48972388188936544218 1.39109805770481576026 -3.86516408469689665139 = -218.98059712784828434451 @ 399958 164026 1
-3.15102066329737828809 2.40229347937284831715 1.33296176033076374523 = -221.75597013243231003798 @ 396809 162645 1
-3.15102066329737828809 2.40229347937284831715 1.33296176033101620995 = -221.75597131066712108804 @ 399104 163653 1
-3.15102066887093901215 2.40229348042594992307 1.33296175951623263600 = -221.75748706173908431083 @ 399153 163674 1
-3.15102066887093901215 2.40229348042594992307 1.33296175951623263600 = -221.75748706173908431083 @ 399742 163931 1
-3.15102031330242393636 2.40229407296562014196 1.33295990649460383004 = -221.91248964306748803210 @ 399736 163929 1
-3.15102031330236709294 2.40229407296562014196 1.33295990649460383004 = -221.91248986252350050563 @ 399186 163688 1
-4.45192780386889097599 -4.78081588599583451327 3.85743565336761884410 = -222.56262182074374322838 @ 397238 162834 1
-4.45192780386898601108 -4.78081588599583451327 3.85743565336761884410 = -222.56262187367534011173 @ 399018 163615 1
-4.45192780386885633703 -4.78081588601432638796 3.85743565333421312147 = -222.56267313821498987636 @ 399547 163846 1
-4.45192793318198098973 -4.78081603343745520363 3.85743559327044227558 = -222.57461432299649572997 @ 398492 163385 1
-4.45192793318198098973 -4.78081603343745520363 3.85743559327046714458 = -222.57461433516874649285 @ 399060 163633 1
-4.45192973652361434489 -4.78081892848557554743 3.85743558409168763035 = -222.60045596685114333013 @ 398079 163202 1
-4.45183915413018294061 -4.78082139027190144986 3.85746798125486201059 = -222.71841082862755456517 @ 398003 163168 1
-4.45192827901913990019 -4.78113110562879217724 3.85888324923936520960 = -228.67598320426051827781 @ 396364 162451 1
-3.15114302243440791429 2.40228569411684311774 1.33328969570829580782 = -229.34426656152132295574 @ 397160 162799 1
-3.15114302243440835838 2.40228569411684311774 1.33328969570829580782 = -229.34426656235322639077 @ 399618 163877 1
-3.07014905609882893245 -4.80824714860911583969 4.33310894059122908573 = -249.11377917864945175097 @ 394118 161468 1
-3.07014905650343816745 -4.80824714859447066573 4.33310894059122908573 = -249.11393223692769538502 @ 398774 163508 1
-3.07014905650906078094 -4.80824714859447066573 4.33310894059122908573 = -249.11393349560040633150 @ 399106 163654 1
-3.07014922523103850338 -4.80824715548213976746 4.33310893943384822791 = -249.11522616450156419887 @ 395639 162132 1
-3.07012252284532216606 -4.80822847652135543228 4.33311867016953655707 = -249.32659877907985901402 @ 399349 163760 1
-3.07012252284532216606 -4.80822847776751238769 4.33311867016331841995 = -249.32752834541275888114 @ 398420 163351 1
-3.07012252502398474974 -4.80822847692757715521 4.33311867009833306952 = -249.32820642604815475352 @ 398282 163291 1
2.23320828507294599774 1.59470179831922576064 -3.77892814938138155156 = -255.30132365576247366334 @ 399803 163958 1
2.23320828507294555365 1.59470179831922576064 -3.77892814938138155156 = -255.30132365581215481143 @ 399199 163694 1
2.23320828516620295545 1.59470179831922576064 -3.77892814937977838952 = -255.30132403420023479157 @ 399521 163835 1
2.23320828453672604041 1.59470179831922576064 -3.77892814937977838952 = -255.30151014208405513273 @ 399450 163804 1
-3.09556415813430518824 3.81419781598272233936 1.39179412710939098829 = -256.97200290465679017871 @ 398915 163570 1
-3.09556415813421281769 3.81419781598272233936 1.39179412710588246149 = -256.97201813585581930965 @ 398504 163390 1
-3.09556415813421281769 3.81419781598272233936 1.39179412726873574790 = -256.97210142936245347300 @ 396300 162423 1
-3.09556448146143159406 3.81419915607937332069 1.39179388995456609912 = -257.10338869586684040769 @ 399028 163619 1
-3.09556417398040029099 3.81419962420071856357 1.39179812246646950058 = -257.48993558288549365898 @ 399083 163644 1
-3.39508397294300756641 3.81198745545711892291 2.34632754563109902080 = -268.24384692253988760058 @ 399666 163898 1
-3.39508397159252828246 3.81198947013412903217 2.34632754564631706984 = -268.38203360667660035688 @ 399032 163621 1
-3.39508397159309671665 3.81198947013402644757 2.34632754563611367615 = -268.38203471812414591113 @ 398303 163300 1
-3.39508397159270458587 3.81198943134190848525 2.34632754563611367615 = -268.38464138212452780863 @ 398958 163589 1
-3.39508721566802140757 3.81199780044352909414 2.34632731894810042661 = -268.62933789019609776005 @ 395208 161944 1
-3.39508721566802140757 3.81199780043459890422 2.34632449894714811833 = -268.71466520046101322805 @ 398297 163297 1
-0.12757185547364602307 2.92382349708144095857 3.44813234464444340333 = -284.60673294907644503837 @ 399670 163900 1
-0.12757185544572496871 2.92382349755396564461 3.44813234464444295924 = -284.60698320118535775691 @ 396455 162491 1
-0.12757185613179791717 2.92382350284455494460 3.44813234908338417384 = -284.60893141831962793731 @ 399143 163670 1
-3.39508126326298942388 3.81431082712754632169 2.34666791652318496020 = -284.81217613909763031188 @ 399222 163704 1
-3.38722117438425041058 -2.68420027533174421208 3.22519478744211740562 = -286.88395907799565520691 @ 398026 163178 1
-3.38722117438425041058 -2.68420027533174421208 3.22519478744211740562 = -286.88395907799565520691 @ 399686 163907 1
-3.38722117435579939126 -2.68420027533174421208 3.22519478744211740562 = -286.88404615694605581666 @ 398012 163172 1
-3.38722117409069500837 -2.68420027235492764106 3.22519478732132292009 = -286.88413276391463568871 @ 394951 161832 1
-3.38722090330853298212 -2.68420004830893477177 3.22519483046330091014 = -286.88934318240006859924 @ 393727 161298 1
-3.38720228553951896444 -2.68420001699477150936 3.22519479202236070137 = -287.85329862935026312698 @ 397494 162946 1
-3.53256174265175859617 0.96365219196374063415 2.21922728234943411607 = -290.16202890180431950284 @ 399397 163781 1
-3.53256174265175859617 0.96365219196374463095 2.21922728234957311599 = -290.16202920904140682978 @ 399137 163667 1
-3.53256174269948841626 0.96365219196400420110 2.21922728237980138033 = -290.16214627611884679936 @ 397996 163165 1
-3.53256174356257757196 0.96365219310014116338 2.21922728243262845638 = -290.16305499975942439050 @ 399619 163878 1
-3.53256174133592981690 0.96365222081286572298 2.21922728300433869109 = -290.17212632112267556295 @ 399021 163616 1
-3.53255752095664510293 0.96365651379003380850 2.21922553948310907757 = -290.35898802365124993230 @ 398110 163215 1
-4.99560786395313805031 -3.20911758982675632268 1.59775122678993275471 = -301.11857973424133660956 @ 399518 163834 1
-4.99560786395313183306 -3.20911758982675632268 1.59775122678995029624 = -301.11857974700171780569 @ 399710 163918 1
-4.99560786395313183306 -3.20911758982675632268 1.59775122678995029624 = -301.11857974700171780569 @ 399774 163945 1
-4.99560786395313805031 -3.20911758982675632268 1.59775122678995185055 = -301.11857976259130964536 @ 399075 163640 1
-4.99560588445247955036 -3.20909863063412581496 1.59775256446840518976 = -301.79324059699064264350 @ 399708 163917 1
-4.99560588445247955036 -3.20909863063412581496 1.59775256639228180333 = -301.79340489019330107112 @ 398831 163533 1
-4.99560588445249287304 -3.20909863063678102435 1.59775256639707308182 = -301.79341710740851567607 @ 398317 163306 1
-4.99465648071313239598 -2.57966426706786622347 3.73778811807150734836 = -303.35068754320639072830 @ 399154 163675 1
-4.99465648069251333396 -2.57966426706786622347 3.73778811219249673670 = -303.35138403643372839724 @ 398017 163174 1
-4.99465649300673319999 -2.57968776265317289997 3.73788312880433082341 = -304.35356288025764115446 @ 399659 163895 1
-4.99465649300673319999 -2.57968776265313382012 3.73788312880438633456 = -304.35356302513503123919 @ 399357 163763 1
-4.99465649299976899300 -2.57968776262891008599 3.73788312880438633456 = -304.35356658334325175019 @ 398300 163298 1
-4.98862853918406301545 -3.15643217479931914582 1.60163321569528283028 = -309.56093637353700387393 @ 399141 163669 1
-4.98862853918519455476 -3.15643217479920412671 1.60163321569505678887 = -309.56093777720951720767 @ 399690 163909 1
-4.98862853918519455476 -3.15643217479931914582 1.60163321569580463510 = -309.56093909509718287154 @ 399276 163728 1
-4.39810461479615621982 -3.93671231754201533803 1.78035689031431920704 = -312.15109629349399256171 @ 398990 163603 1
-4.39810461479615621982 -3.93671231754193007291 1.78035689031432808882 = -312.15109639121908458037 @ 399401 163782 1
-4.39810461573343935981 -3.93671825883450976491 1.78038712847419722252 = -312.62731026820614488315 @ 396047 162311 1
-3.39467969338714459226 -3.94205850396175616623 2.28027035920295828575 = -312.65801618642609582821 @ 399113 163657 1
-3.39467962551241608793 -3.94205850440295835213 2.28027035891439799897 = -312.65899160997253147798 @ 397578 162983 1
-3.39467962551241608793 -3.94205850432364712788 2.28027035891439844306 = -312.65905307001690971447 @ 399409 163786 1
-4.97748254574714721343 -2.58144477154721974088 3.73789470146885749458 = -314.88930589673702797882 @ 399165 163679 1
-1.99316299732956836444 -2.69974915177498475671 3.70543450473239088794 = -318.93665034656748957786 @ 398545 163408 1
-1.99316299732956836444 -2.69974915178461438714 3.70543450473193392014 = -318.93665046502212589985 @ 398193 163252 1
-1.99316299732956836444 -2.69974915178461438714 3.70543450473193392014 = -318.93665046502212589985 @ 399747 163934 1
-1.99316299732956836444 -2.69974915178461438714 3.70543450473193392014 = -318.93665046502212589985 @ 399935 164016 1
-1.99316316878252064448 -2.69974914715858016478 3.70543523220057124945 = -318.94373845321638327732 @ 399565 163854 1
-1.99316316878252064448 -2.69974914715858016478 3.70543523220057124945 = -318.94373845321638327732 @ 399845 163976 1
-2.12023609785708710973 -4.18058683593635382891 3.62009515957451100121 = -328.62220024177719324143 @ 399445 163802 1
-2.12023609785708710973 -4.18058683593634583531 3.62009515957451277757 = -328.62220024552414088248 @ 399164 163679 1
-2.12023609785708710973 -4.18058683593634583531 3.62009515957451100121 = -328.62220024845549914971 @ 398672 163464 1
-2.12023609785708710973 -4.18058683593583513272 3.62009515957451100121 = -328.62220064981738687493 @ 398378 163333 1
-2.12023609791724432228 -4.18058683606256042964 3.62009515957451100121 = -328.62240405812701737887 @ 398272 163286 1
-4.99710939884896188090 -4.00864445526433854639 3.56934303928873530865 = -329.26361936757280091115 @ 397478 162939 1
-4.99710939884896188090 -4.00864445526433854639 3.56934303928873619682 = -329.26361936810661745767 @ 399683 163906 1
-4.99710939884898408536 -4.00864460205551154104 3.56934125692261883245 = -329.30686407535336002184 @ 398257 163280 1
-4.99710939884896188090 -4.00864460788766940880 3.56928686531195982212 = -329.60231612627472941313 @ 398777 163510 1
-1.33613241570638940914 4.99999833700453422125 4.99999259888919223016 = -369.84652908062707865611 @ 397231 162831 1
-1.33613241570630281174 4.99999833700453422125 4.99999259888919223016 = -369.84652911093814964261 @ 399449 163803 1
-1.33613241570638940914 4.99999833698728490816 4.99999259888919223016 = -369.84655698956254354925 @ 397697 163035 1
-2.67729782509308300575 -2.57512365583210245390 1.35674351252882274821 = -382.62765258204433393985 @ 397954 163147 1
-2.53303817273731501913 -4.77876171186917453326 2.71636365602010165787 = -403.61380972635259922754 @ 398399 163342 1
-2.53303817273731501913 -4.77876171186917453326 2.71636365602010165787 = -403.61380972635259922754 @ 399984 164037 1
-2.53303817273731501913 -4.77876205646858398524 2.71636365601898566169 = -403.61609120911640502527 @ 399124 163661 1
-2.53303863423790120990 -4.77876215817141236641 2.71636366965325892764 = -403.61986529177443117078 @ 399352 163761 1
-2.97292556122404416641 -1.21406203160565651089 2.35112252650712516555 = -414.38354418480321328389 @ 399007 163610 1
-2.97292556122404416641 -1.21406203160532522034 2.35112252650712516555 = -414.38354441442845654819 @ 398945 163583 1
-2.97292556122404549868 -1.21406203166922654901 2.35112252643630093019 = -414.38371088581823187269 @ 399526 163837 1
-2.97292556122404416641 -1.21406203166922654901 2.35112252643630093019 = -414.38371089432263261187 @ 399019 163615 1
-0.91609743267142218492 -0.59114391742282867970 3.07779069689325757153 = -431.20452204102957693976 @ 399505 163828 1
-0.91609743267132148770 -0.59114391670298682691 3.07779069970025043190 = -431.20924248313571069957 @ 398093 163208 1
-0.91609743267118548538 -0.59114391670298682691 3.07779069970025043190 = -431.20924281594773219695 @ 399308 163742 1
-1.75727459120837758988 -4.90198299996538722212 4.78316200618202991279 = -440.48785442803347223162 @ 398415 163349 1
-1.75727459120837758988 -4.90198299996522202093 4.78316200618202991279 = -440.48785477189403536613 @ 394960 161836 1
-1.75727459120835205475 -4.90198299996522202093 4.78316200618203080097 = -440.48785485552855334390 @ 399099 163650 1
4.38642606237813037495 2.77092788129874767478 3.35453095295179615221 = -447.72252768389512311842 @ 398814 163526 1
4.38642606237815346759 2.77092788130691092263 3.35453095295179615221 = -447.72252905023827906916 @ 398964 163591 1
4.38642606237828314164 2.77092788132310108296 3.35453095295186587421 = -447.72253187609305769001 @ 398776 163509 1
