3.58442517053463882704 -1.84850926391973979790 = 199.99999784279128789422 @ 49129 13081 1
3.58442429565448561490 -1.84850926391973979790 = 199.99999784013525072623 @ 44746 11987 1
-2.80528491602550511530 3.13151786554165001419 = 199.99999744470858331624 @ 49719 13231 1
-2.80528491616411468357 3.13151786554165001419 = 199.99999744470710538735 @ 49257 13115 1
-2.80482521249273153430 3.13096410342138975480 = 199.99999246592639678965 @ 48398 12898 1
2.99966190861853565508 1.99955839956706205029 = 199.99998947085947520463 @ 49525 13182 1
2.99966190861853565508 1.99955839956563741211 = 199.99998947085944678292 @ 49817 13255 1
2.99966184224607790298 1.99955839906758026103 = 199.99998946860202408971 @ 48948 13036 1
-3.77900354879988586987 -3.28344543464785409981 = 199.99998931431056803376 @ 49297 13124 1
-3.77900358414077919278 -3.28344554587264392254 = 199.99998931231900201055 @ 48949 13036 1
-3.77900354791865922266 -3.28344554374988328860 = 199.99998931082902231537 @ 49497 13174 1
-3.77900354791865922266 -3.28344554577313996191 = 199.99998931076515873428 @ 49716 13230 1
-3.77900354791865922266 -3.28344555122695336280 = 199.99998931059295159685 @ 48694 12973 1
2.99964420888954208522 2.00128231098669573385 = 199.99997647201635686542 @ 48714 12978 1
2.99964416647410114791 2.00128231098091724505 = 199.99997647198782146916 @ 49779 13246 1
-2.80530413176541237874 3.13222300744699388986 = 199.99996574530678117299 @ 49448 13162 1
3.58470962615008570396 -1.85219141489300964665 = 199.99976102040335490528 @ 49556 13190 1
3.58625025197725166848 -1.84601876559516808740 = 199.99973423240993497529 @ 48328 12881 1
-2.80978776705072297304 3.13082383850585665996 = 199.99927815799912877992 @ 49723 13232 1
3.58471547769439391473 -1.85755160207366665226 = 199.99870574820175761488 @ 48407 12901 1
3.00034212958706714147 1.98988132072479673162 = 199.99833252621766632728 @ 48850 13011 1
3.00034208423138393229 1.98988132072479673162 = 199.99833251819595147936 @ 45333 12132 1
3.00034208423138393229 1.98988092545339512185 = 199.99833238587470418679 @ 48414 12902 1
3.58976209698988091290 -1.84226447588982233938 = 199.99778709546851018786 @ 47336 12627 1
2.99248855391292689632 2.01050162341748617223 = 199.99761148734796734061 @ 49844 13262 1
2.99248855391181534102 2.01050162341748617223 = 199.99761148734759785839 @ 49643 13212 1
2.99197585781092589841 2.01055180552696999285 = 199.99741549234360604714 @ 48474 12918 1
-2.79587717564249160773 3.13190013645320108893 = 199.99721460156487751192 @ 48114 12826 1
-2.79587717564249160773 3.13190014867980259794 = 199.99721460083702595512 @ 48590 12947 1
3.58395936327132469401 -1.83398562923302232974 = 199.99712363826745331608 @ 49211 13103 1
3.58395937390780083831 -1.83398562923302232974 = 199.99712363774145273965 @ 49195 13099 1
-2.81674255377497040342 3.12983714618626063242 = 199.99548466451355466234 @ 49681 13222 1
-3.77925639188032969074 -3.29341431800988804213 = 199.99535470593809804996 @ 48580 12944 1
-3.77889582365190612734 -3.29341479910952417143 = 199.99524019121210471894 @ 47792 12742 1
-3.77889582365190612734 -3.29341479910952461552 = 199.99524019121210471894 @ 49975 13295 1
3.58674194811877544709 -1.86868046161121226234 = 199.99378925114240246330 @ 49435 13159 1
3.58674194811877544709 -1.86868046955359101702 = 199.99378924640672039459 @ 48515 12928 1
-3.76789072026524785031 -3.27863221603683241412 = 199.99299543221508201896 @ 46423 12401 1
3.01045301288057087774 2.00924226641745118371 = 199.99254900906282728101 @ 48816 13002 1
2.98425385989924230046 2.00800116979664577954 = 199.99229835270651278734 @ 49920 13281 1
2.99169394822765744024 2.02477986276931432030 = 199.99101665002405070481 @ 48105 12823 1
2.99169394822765744024 2.02478123134482057566 = 199.99101570498032742762 @ 47318 12622 1
3.00922790880617796461 1.97487860757557598390 = 199.99086684103968991622 @ 49715 13230 1
-2.80937603300579485932 3.11275866967524583728 = 199.98554506083638671043 @ 49073 13067 1
3.58366401399050937826 -1.81579249098959683018 = 199.98506213914166096401 @ 48846 13010 1
3.58366440225625382254 -1.81579251143290365533 = 199.98506210105747982197 @ 48834 13007 1
3.58362957038548657351 -1.81578207692033011256 = 199.98505754567392500576 @ 48821 13004 1
3.58443343277481751841 -1.88328716990140132559 = 199.98155180622435977966 @ 49287 13121 1
3.58443343277481751841 -1.88328716990140132559 = 199.98155180622435977966 @ 49998 13301 1
3.58849006270758685844 -1.80812420689571595744 = 199.97500018648796071830 @ 47512 12670 1
-2.83335705150415684273 3.13264802003637177208 = 199.97382546836254846312 @ 49729 13233 1
-2.78259475821900581494 3.11277639549745588354 = 199.97046195200960028160 @ 48465 12915 1
3.59171079704947526778 -1.89273718209107100208 = 199.96960809807771397573 @ 49773 13244 1
3.55953776983493863639 -1.85046963635728167752 = 199.96727896401009161309 @ 49586 13197 1
3.01903337487848588694 1.95209375040791521805 = 199.96655600480607972713 @ 49801 13251 1
3.01903337487848677512 1.95209375040791521805 = 199.96655600480607972713 @ 49961 13291 1
-2.79496324717521416048 3.15939952360577125390 = 199.96426168715359494854 @ 49851 13264 1
-2.79496324425349662590 3.15939952360216746996 = 199.96426168512996923710 @ 49656 13215 1
-2.79496324425336473141 3.15939952360216746996 = 199.96426168512991239368 @ 49917 13280 1
-3.80318370556647034064 -3.30192402276923457904 = 199.96376052194079875335 @ 45930 12280 1
-2.83154107107237917873 3.11300402275063392565 = 199.96312637579393367560 @ 48581 12944 1
-2.83154107107237917873 3.11300398691178692445 = 199.96312632234645434437 @ 49091 13072 1
-2.83154122487377435391 3.11300402275063392565 = 199.96312610494612727052 @ 49910 13279 1
-2.80421258168792109089 3.16154751023677871302 = 199.96282119143191380317 @ 49158 13089 1
-2.77222307743752560683 3.14011420115445405443 = 199.96173156128455161706 @ 47200 12593 1
-2.77222307743752560683 3.14011420115446648893 = 199.96173156128452319535 @ 49922 13281 1
-2.77222307745447515970 3.14011452976095428724 = 199.96173131250424148675 @ 49697 13226 1
-3.77123180871601926256 -3.25098725882400829690 = 199.95823986708339248253 @ 43600 11699 1
-3.77123178714589180061 -3.25098725902039520363 = 199.95823986694620089111 @ 49514 13179 1
-3.77123178714589180061 -3.25098725735576277174 = 199.95823986266265137601 @ 49494 13173 1
-3.77123178714589180061 -3.25098725735576277174 = 199.95823986266265137601 @ 49973 13295 1
2.97874466073363564078 2.05491651716719259113 = 199.95421973986088914899 @ 49162 13090 1
2.97874420551294560866 2.05491651716719259113 = 199.95421953182835750340 @ 48263 12864 1
2.99987596479755191936 2.05491878663517546499 = 199.94752896211096526713 @ 47865 12761 1
2.97900952322136136630 2.05978659271757580385 = 199.94651711142134331567 @ 41863 11264 1
3.56603628923769022663 -1.79152191616261124985 = 199.94402776112141850717 @ 49093 13073 1
3.56603628923769022663 -1.79152191337006772009 = 199.94402775704890018460 @ 48898 13023 1
3.56593061043568582136 -1.79100093574371954652 = 199.94310382254812452629 @ 49728 13233 1
3.55102763896012518785 -1.84590528083933147485 = 199.94252195408722627690 @ 45593 12197 1
3.00064897369362615365 1.93400556404802070887 = 199.92907629250763079654 @ 47479 12662 1
-3.74185562035303620476 -3.26445792168190607185 = 199.92359049931854997340 @ 49570 13193 1
-3.74183180824384686858 -3.26445713750042854073 = 199.92350033863101543830 @ 48981 13044 1
-3.74178743999182916724 -3.26453657188582768711 = 199.92337917404682912093 @ 49916 13280 1
-2.85287655243685289719 3.12361745016349257043 = 199.92188715802112142228 @ 47667 12711 1
2.94948035771728012122 2.02950610800473274509 = 199.92185154591541618174 @ 48083 12817 1
-2.75342346988628339233 3.12413320011878425930 = 199.91320840478735476609 @ 44043 11811 1
-2.75347675213365228331 3.12204921873142549060 = 199.91215699160426311209 @ 49671 13219 1
-2.80482517242827933401 3.08383383824362811154 = 199.91068351714062600877 @ 49526 13182 1
-2.80482506795764763297 3.08383378904210569971 = 199.91068333741029050543 @ 49002 13050 1
-2.80482209064585008562 3.08381928511026526252 = 199.91062927678427740830 @ 47601 12694 1
3.02427672014652859644 1.91934257541187291984 = 199.91052277561792038796 @ 49768 13243 1
3.02427689486767770077 1.91934257541187291984 = 199.91052273896346491711 @ 49691 13224 1
3.02427689486767770077 1.91934257541187114349 = 199.91052273896346491711 @ 49951 13289 1
3.56795558476412244531 -1.91520920318835585761 = 199.91012374938924267553 @ 45712 12226 1
3.56795558476412244531 -1.91520920322644694345 = 199.91012374930627970571 @ 49680 13222 1
3.57007157169498379190 -1.76386927614513000506 = 199.89809367918661564545 @ 48666 12965 1
3.57007152516806769427 -1.76386927614513000506 = 199.89809363726689639407 @ 49360 13140 1
-3.78305239961680328520 -3.33323122481009281870 = 199.89235076777910649071 @ 49495 13174 1
-3.78305229945472731856 -3.33323126552143822465 = 199.89235048976530606524 @ 46998 12544 1
-3.78305456250981952948 -3.33359175095481408135 = 199.89075758272917937575 @ 49490 13172 1
3.57647807120789584800 -1.75357953054357507128 = 199.87714620753999383851 @ 47386 12639 1
-2.86812782573740587821 3.13748553133142449312 = 199.86717285477445216202 @ 49926 13283 1
-2.86812782573740587821 3.13748554409867974613 = 199.86717284938453076393 @ 48990 13047 1
-2.79158600788690280936 3.18690001407423340041 = 199.86655465666933650937 @ 47196 12592 1
-2.79157931668194692065 3.18690784917902636408 = 199.86651215138203951938 @ 48787 12995 1
-2.79157931668194692065 3.18690784917902636408 = 199.86651215138203951938 @ 49810 13253 1
3.06306499458806280600 1.93934003200459659233 = 199.86556534447200306204 @ 49965 13292 1
3.06307178853862582812 1.93934274492879965557 = 199.86554290912224018939 @ 48039 12806 1
3.06368707625852643162 1.93936938972651740087 = 199.86333779244029074107 @ 49561 13191 1
-3.83090666448269878686 -3.30174192210836459083 = 199.85506285517536184670 @ 45455 12163 1
3.63614050682149869687 -1.88332998950077712408 = 199.85211352714463828306 @ 49309 13127 1
3.63614051063659093899 -1.88332998950077712408 = 199.85211350698213550459 @ 48645 12961 1
-3.80318370556647034064 -3.23655575750715440719 = 199.84066302892153998982 @ 49292 13123 1
-3.80318370556647034064 -3.23655575719471899632 = 199.84066302745301868526 @ 49855 13265 1
3.60686570849434096075 -1.94877559127594057742 = 199.83262024822394664625 @ 49341 13135 1
3.60686570849434096075 -1.94877559486552720536 = 199.83262023733877299492 @ 49233 13108 1
3.60686573329167892155 -1.94877558862079758306 = 199.83262021449198186929 @ 49260 13116 1
3.52654547271454932300 -1.80832055115180345695 = 199.82038226095903610258 @ 48272 12866 1
3.03110808365350381521 1.88324847203910583637 = 199.81666868489440958001 @ 47834 12753 1
3.03112250784396541903 1.88324847203910583637 = 199.81666846555370398164 @ 49050 13062 1
3.03110808432098055576 1.88249387708197035707 = 199.81436715196696241037 @ 49020 13054 1
2.95238332341928488844 2.10818860815401754039 = 199.81180550982250565539 @ 48178 12843 1
2.95238332599868558148 2.10818909406768062453 = 199.81180405731763016774 @ 49270 13118 1
2.95238411373216669276 2.10937673727730867768 = 199.80821923693451935833 @ 46922 12525 1
-2.85389661292106078250 3.07679193517466309515 = 199.80096884484024144513 @ 48206 12850 1
3.58466115527097262117 -1.97220291614864984275 = 199.76010765636718247151 @ 49547 13187 1
3.57482484330339911338 -1.71423893322082299129 = 199.75901692845218349248 @ 49146 13086 1
3.56983937936798589874 -1.71397351236028239185 = 199.75660083027906921416 @ 49320 13130 1
3.56983937936798589874 -1.71394929628355963125 = 199.75651762222994989315 @ 48571 12942 1
-2.85143259548643701606 3.06552200217009396255 = 199.75538677885774063725 @ 49613 13204 1
-2.85143454859623446396 3.06552237810672512097 = 199.75538258017866155569 @ 48000 12796 1
-2.85143456146647578109 3.06552237810672512097 = 199.75538253969097013396 @ 48739 12983 1
-2.77715808579103429210 3.20436917183367242501 = 199.75219914149249689217 @ 49254 13114 1
-2.77715798868839813807 3.20436917183211100735 = 199.75219895662533531322 @ 49889 13274 1
-2.79114115213726199372 3.05258989442026207328 = 199.75179550106790316022 @ 48567 12941 1
-2.86207648673782477644 3.19154705316085607336 = 199.74838019808356648355 @ 48564 12940 1
-2.86207648673782477644 3.19154705316085607336 = 199.74838019808356648355 @ 49335 13134 1
-2.86207648673782477644 3.19154943159695170252 = 199.74836854118461815233 @ 49785 13247 1
3.61563885146538588344 -1.97479255069669479283 = 199.72470285223135988417 @ 48562 12940 1
3.52746978977959235735 -1.74374893388795593197 = 199.72306443120231733701 @ 49747 13238 1
3.52794338262688622621 -1.74132458541482582071 = 199.71954645965547570086 @ 49210 13103 1
3.05114089523634213208 1.85329692462536410602 = 199.70916010974195842209 @ 48711 12977 1
3.05114089777499186695 1.85329692462536410602 = 199.70916010730971379417 @ 49353 13138 1
-2.73175194295423251489 3.07377603487134720694 = 199.70447210530980441945 @ 49319 13129 1
-2.73175194295423251489 3.07377603487087069922 = 199.70447210530770121295 @ 49866 13268 1
-3.71303408568616344354 -3.30173216599859431497 = 199.69916662597910317345 @ 48628 12956 1
-2.73196371986732788884 3.06882442806474831087 = 199.68262504146528613092 @ 48278 12868 1
-3.71552065869589975833 -3.21135724967084046355 = 199.67277844373072070994 @ 47773 12737 1
-3.71552026160059467585 -3.21135724967084046355 = 199.67277636591646228226 @ 48851 13011 1
3.58668479886392255196 -1.69104693333166289371 = 199.66342412947327034090 @ 48830 13006 1
-3.71294685068994168020 -3.21103708144683341885 = 199.65756668957618558125 @ 48119 12827 1
-3.71294685066120999650 -3.21103708144683341885 = 199.65756668941790508143 @ 49659 13216 1
-3.85965479200901517842 -3.31385216038107222047 = 199.64513969919346436654 @ 49764 13242 1
-3.85965479203970041056 -3.31385216038107222047 = 199.64513969892473710388 @ 49610 13203 1
-3.85965710970760556009 -3.31463652722543677953 = 199.64473831297976857968 @ 49857 13265 1
-3.83629489473747264938 -3.23655583131535617980 = 199.63869915695246959331 @ 48520 12929 1
3.09051143271713346650 1.85985486487991003024 = 199.62809802736538244972 @ 46663 12460 1
3.60015532723325115683 -2.00661035471799564789 = 199.60525223558369134480 @ 47938 12780 1
-2.91346706119418374925 3.13864766440999698460 = 199.60306026020910508123 @ 49949 13288 1
-3.86491017327500996359 -3.33222902693859168721 = 199.57656534777575529915 @ 49432 13158 1
-3.79634231748893080649 -3.38376911504816613174 = 199.57206178334811852437 @ 49215 13104 1
-3.79634231748893080649 -3.38376911510867017796 = 199.57206178281634834093 @ 49507 13177 1
3.54727142418256846668 -1.99228838019918752522 = 199.56583699884987481710 @ 49569 13193 1
3.54727142475897050389 -1.99229603272155197935 = 199.56579924108405066363 @ 49402 13151 1
2.88071872578564303069 2.09415024745609601453 = 199.56032140877428560088 @ 49404 13151 1
2.88071873228478247952 2.09536348980296782685 = 199.55906179901373320718 @ 49253 13114 1
2.92200943504126575689 1.91937462425892313433 = 199.55047928833417358874 @ 49679 13221 1
2.92200943504126575689 1.91937462425892313433 = 199.55047928833417358874 @ 49847 13263 1
2.97670294023284354168 2.16819632460933497953 = 199.53977816271350320676 @ 49661 13216 1
2.97670363567017481898 2.16819632496862135795 = 199.53977697808406333024 @ 49638 13211 1
-2.68413363414808037177 3.14380862854123632744 = 199.53563399028899993937 @ 49763 13241 1
-2.68412132961773508555 3.14376366282505648186 = 199.53559706338225510081 @ 49252 13113 1
-2.68412132841678019446 3.14382239530200946476 = 199.53552639936037849111 @ 48159 12837 1
3.10822093787992326241 2.00800116979664577954 = 199.53270621198862500023 @ 49434 13159 1
3.63414626294765197301 -2.00823156019343240786 = 199.51540740013544450449 @ 45092 12074 1
3.09036385820057057927 1.81945189732705614460 = 199.50416974835766836804 @ 47428 12649 1
3.11267074713029501254 2.01096102057186243428 = 199.48591310198202108950 @ 49807 13252 1
3.67591868417240652533 -1.78870784573049990129 = 199.46077471274284675928 @ 48829 13006 1
3.67591873755163334181 -1.78870784573049990129 = 199.46077415805768850987 @ 47498 12667 1
3.67591873755163334181 -1.78870784573049990129 = 199.46077415805768850987 @ 49970 13294 1
-2.93121710197946372389 3.14206915868953773341 = 199.45765686541452055280 @ 48301 12874 1
-2.93121710197946372389 3.14206915868953773341 = 199.45765686541452055280 @ 49549 13188 1
2.90981476777650405197 2.17681812072006453107 = 199.45278994386629278779 @ 49192 13098 1
2.90981476777650405197 2.17685062923779648614 = 199.45262955504188084888 @ 48138 12832 1
-2.80530200583379007995 3.24739633029817031940 = 199.43826807803640122074 @ 49732 13234 1
-2.80530200583379096813 3.24739633029817031940 = 199.43826807803640122074 @ 49947 13288 1
-3.81307498798766220105 -3.39975871667355455941 = 199.42501219845360083127 @ 49826 13257 1
-3.79372243764113870057 -3.39975880587212575534 = 199.41527430474491211498 @ 48310 12877 1
-3.67077808124997106987 -3.25630817369120784122 = 199.38443009044470954905 @ 48646 12961 1
-3.67077807867353156368 -3.25630817369120784122 = 199.38443006121946154963 @ 49731 13234 1
-3.67077807866819227911 -3.25630817369120784122 = 199.38443006115889488683 @ 47820 12749 1
-2.91137473580500882875 3.20876253535636069003 = 199.38290200358119363955 @ 49200 13100 1
3.56985583681262452771 -1.62826662055165205523 = 199.37996298819618345988 @ 49445 13161 1
3.56985583681262452771 -1.62826662055165205523 = 199.37996298819618345988 @ 49847 13263 1
3.56985583681262452771 -1.62826661871723388231 = 199.37996297846612492322 @ 49237 13109 1
3.56986437447257998201 -1.62765827393785511568 = 199.37673165139426600945 @ 48883 13019 1
2.89986820212840212818 1.91936985399020865195 = 199.37604756058942712116 @ 47702 12720 1
-3.66907558555358859209 -3.24158844338417972963 = 199.36644319223242405315 @ 49072 13067 1
-3.66907558555358859209 -3.24158844338418017372 = 199.36644319223242405315 @ 49956 13290 1
-2.93241404203610089851 3.08368574336013656634 = 199.35468927905583313986 @ 49528 13182 1
-2.73912093719799010216 3.01505959476619223025 = 199.34692503505050353851 @ 49202 13101 1
-2.85314052309901233784 3.00794577894629577841 = 199.32931678051701851473 @ 48165 12839 1
-2.85314052309901233784 3.00794575946375575271 = 199.32931659750352082483 @ 49712 13229 1
-2.85313407728873658087 3.00793950115052632910 = 199.32927910242855773504 @ 49581 13196 1
3.58696927317248048794 -2.05350097527423258725 = 199.31882241887933560065 @ 48955 13038 1
3.58696922009406549137 -2.05350097527423258725 = 199.31882236168357280803 @ 47634 12702 1
3.46717344846523722879 -1.84219229932776795700 = 199.30675838267268318305 @ 49023 13054 1
3.02828770395960278350 1.76961637626503076604 = 199.29053118877217798399 @ 49012 13052 1
3.02828764997977772921 1.76961580882093438838 = 199.29052761633772661298 @ 47896 12769 1
3.49616955192519718310 -1.97220496245520715561 = 199.29018157256925292131 @ 48291 12871 1
3.08354408351532383037 1.76608683242889497045 = 199.28890658908431987584 @ 45723 12227 1
3.08354408351551390055 1.76608683242889497045 = 199.28890658908395039361 @ 49792 13249 1
-2.65401567832343765474 3.11075821611069569528 = 199.28470698685791262506 @ 48502 12924 1
-2.65401567832343765474 3.11075821611069569528 = 199.28470698685791262506 @ 49868 13268 1
3.14775416376736272284 1.86374532828481442870 = 199.26044603877485883459 @ 47621 12699 1
3.14775416376736272284 1.86374369592681254915 = 199.26044395096411676604 @ 47295 12616 1
-2.79506911986197170705 2.99239288091136490522 = 199.25519953454278265781 @ 48993 13048 1
-2.79506911977116967449 2.99239288091136490522 = 199.25519953449727950101 @ 49508 13177 1
-3.88376488530046515280 -3.37524917396061763242 = 199.23958198407009945186 @ 49693 13224 1
-3.88376488533960317895 -3.37524918252525996110 = 199.23958193700991614605 @ 46900 12520 1
-3.88376488533960317895 -3.37527573613425158072 = 199.23943721111496074627 @ 49464 13166 1
-2.65323861826946494347 3.16533823672902236979 = 199.23394693771334118537 @ 48957 13038 1
-2.91384928037037260751 3.22833793172325478338 = 199.22486099767220935064 @ 49238 13110 1
-3.71992486871407779248 -3.38115844117524133594 = 199.19742416419796882110 @ 49457 13164 1
2.87993315575947272933 2.20589816011300143828 = 199.19351671375142132092 @ 49760 13241 1
2.87993315575904595960 2.20589816012950112878 = 199.19351671365748757125 @ 49743 13237 1
2.87993315575904595960 2.20589816013781536697 = 199.19351671361110334146 @ 49537 13185 1
-2.70125602665704178662 3.24183090243515481532 = 199.13391795664981032132 @ 47351 12630 1
-2.70125602665704178662 3.24183090243515481532 = 199.13391795664981032132 @ 49780 13246 1
2.83420391792054804370 2.15216448479964261864 = 199.11840260029825344645 @ 49797 13250 1
2.83420391685995509690 2.15216448484002498276 = 199.11840259138975284259 @ 49596 13200 1
3.58237972852045061245 -2.08305653797352041678 = 199.08852372251286055871 @ 47748 12731 1
3.58237972852045061245 -2.08305653797352041678 = 199.08852372251286055871 @ 49991 13299 1
3.55068955721242218715 -1.56849069989456313401 = 199.02007383791016081886 @ 49356 13139 1
3.54977016510718756948 -1.56849069713980471263 = 199.01871949082638479922 @ 47967 12787 1
3.54964221046729333509 -1.56728135561946735343 = 199.01092207722456350893 @ 49264 13117 1
3.44254130471583108530 -1.80884389659042232879 = 199.00117419679475005978 @ 49736 13235 1
3.68555995221171306397 -1.69104693333166289371 = 198.99694805166092237414 @ 49966 13293 1
2.92585808166682648235 2.24945777951875358625 = 198.99190418195681218094 @ 48486 12921 1
2.96333410103666494706 2.24723422346209789069 = 198.97221204110417147604 @ 48368 12892 1
-3.66455695238252499024 -3.15406134321424946876 = 198.96094732051022901942 @ 47693 12718 1
-3.66455695238252499024 -3.15406134321424946876 = 198.96094732051022901942 @ 48238 12858 1
-3.73382291160767287863 -3.11741393935014921013 = 198.93768250931768193368 @ 49397 13149 1
-3.73382291160767287863 -3.11741237833429840620 = 198.93766329056256836338 @ 49128 13081 1
-3.73382291160767287863 -3.11741236498993901094 = 198.93766312627005277136 @ 48496 12923 1
-3.72448022169195080977 -3.11568222621272283845 = 198.90620036795155556320 @ 47028 12552 1
-2.94409349091804362075 3.02376308566555795920 = 198.88037612227324757441 @ 49461 13165 1
-2.94409349091804362075 3.02376308566540252798 = 198.88037612227194017578 @ 49863 13267 1
3.45839230325020663415 -1.97219970910883968251 = 198.85533887139669673161 @ 49567 13193 1
3.45837358356709900775 -1.97219970119812137987 = 198.85508992460333388408 @ 49615 13205 1
3.06482671299617059901 1.69047292983129282540 = 198.83205363937545939734 @ 49799 13250 1
3.06482671299617059901 1.69047292982972696684 = 198.83205363936431808725 @ 49846 13262 1
3.06482671368571324422 1.69047292722517794594 = 198.83205362160279605632 @ 49796 13250 1
-2.98874008955272429944 3.14366167289639131255 = 198.83046727965427180607 @ 47374 12635 1
-2.98874984943557508998 3.14366167289639131255 = 198.83033963095437002266 @ 48833 13007 1
-3.92506647952759513132 -3.36922628723943340390 = 198.74279168477076495947 @ 49815 13254 1
-3.92506647953226606163 -3.36922628723943340390 = 198.74279168469868750435 @ 48164 12839 1
-3.92506647971969879762 -3.36922628723943340390 = 198.74279168180723331716 @ 49438 13160 1
3.61707601663897859723 -2.12227186801370892866 = 198.74158005501126922354 @ 49244 13111 1
3.61707602311007381246 -2.12227186745755469488 = 198.74158004949256906002 @ 48253 12861 1
3.62218064313348797612 -2.12226870647728116381 = 198.73165774989098508740 @ 49322 13130 1
-3.62219329435824777264 -3.19727051883980939451 = 198.68037686359204485598 @ 49080 13069 1
2.81109427718561244447 2.22522086211033531811 = 198.65698012159808172328 @ 48872 13016 1
2.81109427718561244447 2.22522086538199825867 = 198.65698010509689197534 @ 49750 13239 1
2.81109427829328550885 2.22522494784959379288 = 198.65695952329531337455 @ 49111 13077 1
-2.80420443341115577240 2.94104598696100749677 = 198.62906057691736805282 @ 49038 13058 1
-2.80420535993556319099 2.94104507832956807434 = 198.62904777286081525745 @ 46709 12471 1
3.54609604587386195718 -1.50699604986357083014 = 198.59622900050987936993 @ 49748 13238 1
-2.61846680215258320601 3.23573209244483939173 = 198.45067410483176217895 @ 48596 12948 1
-2.61846655378238413192 3.23573209244483939173 = 198.45067132005135590589 @ 47483 12663 1
-2.79111859329678679842 3.32219466772468319249 = 198.43517108112658320351 @ 48604 12950 1
-2.79111857056575374259 3.32240569325514556454 = 198.43162770833359331846 @ 49148 13087 1
3.12384584575199708567 1.63962583374263437541 = 198.43074082379635569851 @ 49183 13096 1
-2.57461620579188998903 3.13190001758280445188 = 198.40891930662922959527 @ 47983 12792 1
-2.61844496080262256754 3.00794557675909279837 = 198.38424938616324766372 @ 48960 13039 1
2.88490170049728078538 2.31051870089562738642 = 198.36873697024574880743 @ 45937 12281 1
2.88490170049728078538 2.31051870089562783050 = 198.36873697024574880743 @ 49955 13290 1
3.21338604587252785194 1.76813891258324051847 = 198.36719409616009102137 @ 49959 13291 1
3.21345549331947433203 1.76813891258324051847 = 198.36630904916847839559 @ 46561 12434 1
2.88489880128255915537 2.31074848676737332198 = 198.36630094836871762709 @ 49755 13240 1
3.21593118835973301728 1.76813838628982744616 = 198.33447664905233409627 @ 46374 12389 1
-3.62230433895317061044 -3.33329188113370999957 = 198.29190152882330266948 @ 49095 13073 1
3.08259237588511592065 2.23803246686861490033 = 198.26068165157522571462 @ 49668 13218 1
3.08259237588511592065 2.23803246686861490033 = 198.26068165157522571462 @ 49810 13253 1
3.08260029990433759295 2.23803246873372341241 = 198.26059198940029659752 @ 49258 13115 1
3.08260104453467720376 2.23803246501614205854 = 198.26058360726753448944 @ 48573 12942 1
-2.58174256275104330172 3.20436917183367242501 = 198.25164192870374790800 @ 49838 13260 1
-2.58174256275012181661 3.20436917183336777981 = 198.25164192869371504457 @ 49876 13270 1
3.71147740799461711703 -2.10480972954412459686 = 198.24727637608339136932 @ 49722 13231 1
3.71147823917221764134 -2.10480972604504579238 = 198.24726623640586353758 @ 49203 13101 1
3.55039279306176736029 -1.45907413254658635537 = 198.23434662272816808581 @ 49609 13203 1
3.55039279306176736029 -1.45907413233894778237 = 198.23434662106691916961 @ 49913 13280 1
-2.93916387057642047864 2.95771764215512389384 = 198.22565650473083564975 @ 48402 12899 1
3.51459344878562696124 -2.14046286743677205422 = 198.17730602639716153135 @ 49119 13079 1
3.51434763720042075974 -2.14051110382267806287 = 198.17458969228204068713 @ 48875 13017 1
-3.88887014219805360327 -3.47637154785090096709 = 198.15036200423585910357 @ 49477 13169 1
-3.88887014164270894412 -3.47637154983322727020 = 198.15036197808476003956 @ 48535 12933 1
-3.88851384522527743215 -3.47718109493960847445 = 198.14062539069385593393 @ 48308 12876 1
-2.68173228049073664181 2.93796006952652000166 = 198.13972943243172153416 @ 44589 11947 1
3.40126828561332539280 -1.67175791896111536339 = 198.13675272176610064889 @ 47124 12575 1
2.89028913786562036137 2.33299683887150122175 = 198.12456118222760892422 @ 48895 13023 1
2.89028911719845638117 2.33299683887150122175 = 198.12456116249052229250 @ 47342 12628 1
-3.01306570446835886301 3.22953899517372500227 = 198.11509482394566816765 @ 48163 12839 1
-3.01306647885625400463 3.22953899517372500227 = 198.11508326083944098173 @ 46763 12485 1
3.72462690859383549480 -2.10503808251150470454 = 198.07456967529927283067 @ 48752 12987 1
3.02550172583981691332 1.60527845653938694426 = 197.98866162369705534729 @ 47854 12758 1
-3.57164182845144706491 -3.22392274152734437109 = 197.81536718700263577375 @ 49294 13123 1
-3.57164182845744804240 -3.24158842976104422107 = 197.79082106580634103921 @ 49665 13218 1
-3.57164182845144706491 -3.24158842976104422107 = 197.79082106567980758882 @ 47777 12738 1
-3.05726661392215559587 3.13339098011024796975 = 197.75161834667269999954 @ 49316 13129 1
-3.05726663031596945785 3.13339098011024796975 = 197.75161804206618398894 @ 48152 12836 1
2.72452157482053758386 2.22522378266364917465 = 197.71558058951478642484 @ 49618 13206 1
2.72452157482053758386 2.22522379368615430550 = 197.71558055297785472249 @ 49883 13272 1
3.11196008735551998825 1.54683615068661395320 = 197.71054287812503957866 @ 48855 13012 1
3.11196061639850585223 1.54683569888347949295 = 197.71053896690037277040 @ 49296 13124 1
3.11643685907982614935 1.54684878124778690811 = 197.71035456319808076842 @ 48753 12987 1
3.36902838395806458749 -1.86636760025524894857 = 197.67989883193303057851 @ 49735 13235 1
3.59308101941257440615 -2.21353305646993891997 = 197.67952745499931666018 @ 48963 13040 1
3.59308101941257440615 -2.21353335878912282908 = 197.67952327569523163220 @ 48482 12920 1
3.59301084422495486947 -2.21353335835891007477 = 197.67942663733614949706 @ 49524 13181 1
3.56054338660864155841 -1.38219589572218515272 = 197.57499982838714913669 @ 49770 13243 1
3.56054338660864155841 -1.38219589572218515272 = 197.57499982838714913669 @ 49979 13296 1
3.56440026070791615709 -1.38199719319543601337 = 197.56799185542007535332 @ 48925 13030 1
3.55708672481744159199 -2.21556764577730103127 = 197.53471885497114612917 @ 48199 12848 1
-3.55622530445404105848 -3.17659986737060062723 = 197.44289086139181677026 @ 49660 13216 1
3.41245001833398475810 -1.48024860959156234763 = 197.35207873876083795039 @ 49155 13088 1
3.41244985339832274107 -1.48024864942391509715 = 197.35207666006445492712 @ 48896 13023 1
3.41244985339832274107 -1.48024861500713633689 = 197.35207643300694257960 @ 49938 13285 1
-3.63794219532862239674 -3.03402158410280620160 = 197.30846158308344229226 @ 49627 13208 1
-3.63788414485055211500 -3.03402161353260746424 = 197.30795292262570228559 @ 49600 13201 1
-3.63788414479379396127 -3.03402161353260746424 = 197.30795292212775393637 @ 49602 13201 1
-3.02534147884203585832 2.96826235743243360687 = 197.26782143350916953750 @ 48748 12986 1
-3.02534147884203585832 2.96826235743243360687 = 197.26782143350916953750 @ 49976 13295 1
3.27801782128353558221 1.68783344795544687500 = 197.18336049328596004671 @ 49505 13176 1
3.27801782145534570390 1.68783344795544687500 = 197.18336049035724499845 @ 49455 13163 1
-2.56675849038731085372 2.94198777710918069062 = 197.00902548755348675513 @ 48136 12831 1
3.53566634322857042960 -1.31670931174931937768 = 196.97104852602987534738 @ 48649 12961 1
3.53564786392864993658 -1.31670883541906991177 = 196.97102817759014214971 @ 49538 13185 1
3.40456228664623639091 -2.11211669337249086098 = 196.93707697009867274573 @ 49641 13212 1
3.40456087664618456401 -2.11211669235073085105 = 196.93705021435766866489 @ 49451 13163 1
3.40456087664618456401 -2.11211669337249086098 = 196.93705020377717573865 @ 49351 13138 1
-2.79497883668814495195 2.84196192360658983489 = 196.92787440071612081738 @ 49034 13057 1
-2.79495847515068085443 2.84196159146216764668 = 196.92785884828066400587 @ 48297 12873 1
2.77334589213414295372 2.39302128365066568705 = 196.91211219822017142178 @ 48462 12914 1
2.77334589213414295372 2.39302128365066568705 = 196.91211219822017142178 @ 49515 13179 1
2.77334585106142617050 2.39302141833646819791 = 196.91211021719621498960 @ 49476 13169 1
-3.91749415531016875747 -3.10026261102577782580 = 196.74095737673528105915 @ 48260 12863 1
3.19889683446746087014 1.45687717915641634647 = 196.70641252254853270642 @ 49746 13238 1
3.19889679210182720226 1.45687707939300392646 = 196.70641191600199704226 @ 49099 13074 1
3.19889683446746087014 1.45687707829117485403 = 196.70641167502927260102 @ 49588 13198 1
2.80232077235056387110 2.42844610886762701796 = 196.59480031809488309591 @ 48828 13006 1
-3.98104499684156376560 -3.50096366723435403756 = 196.55614026512890291087 @ 49900 13277 1
2.69743430523900906692 1.93936938851597640010 = 196.52250845312798332998 @ 49753 13240 1
2.69743390654129022721 1.93936938838509553840 = 196.52250034383877164146 @ 49612 13204 1
2.69743390475346211943 1.93936938851597640010 = 196.52250030849671702526 @ 49251 13113 1
-2.96272143206231008961 3.38576300877366342945 = 196.39430167428500340066 @ 49025 13055 1
-2.96272143206231008961 3.38576301907157484194 = 196.39430144103101838482 @ 48980 13044 1
-2.96272148266739998590 3.38582446510041856769 = 196.39290891678533057529 @ 48406 12900 1
-3.51962225156461450126 -3.11568670430355521006 = 196.35466628979227721175 @ 47229 12600 1
-3.51962230049775826046 -3.11568401052200982804 = 196.35464944546114907098 @ 48160 12838 1
3.61988835001415454329 -1.28381853183821692532 = 196.32841948448415791972 @ 48952 13037 1
3.61995308938231641349 -1.28381847241140101268 = 196.32787442176746139921 @ 48661 12964 1
-2.49870781478699655054 3.27710164886420418640 = 196.27219583927410440083 @ 49652 13214 1
-2.49870781478699655054 3.27710164929184655236 = 196.27219583358444765508 @ 48359 12889 1
-2.49870780919302815093 3.27710368204594448827 = 196.27216869157615519725 @ 47452 12655 1
-2.64345365951492627943 2.84196706748665439690 = 196.17618912603475678225 @ 49141 13085 1
-2.64345369462053492171 2.84196702535022227565 = 196.17618860135419822655 @ 49929 13283 1
-2.64345332159170576247 2.84196377268888467071 = 196.17611961264299225149 @ 48968 13041 1
2.99793990936888610221 2.43301056355841227585 = 196.14631924442227273175 @ 49372 13143 1
2.99793990936888610221 2.43301056701142393024 = 196.14631917708058495009 @ 49388 13147 1
-3.92475221331269752412 -3.57205143941523051154 = 195.94190567340538677854 @ 49631 13209 1
3.58668479886392255196 -2.31874055120239175309 = 195.93916963551967569401 @ 49966 13293 1
2.61757276900873714354 2.12944516306468711875 = 195.90103617747681141736 @ 46724 12475 1
2.69743390658753279254 2.42473686339961647107 = 195.82606034524792448792 @ 49653 13214 1
-3.78868401737429527643 -3.58117015140609495916 = 195.80276577955075367754 @ 48632 12957 1
-3.78868399618618711955 -3.58117018853218338492 = 195.80276452067130321666 @ 49049 13061 1
3.68555995221171306397 -2.31874018401799597555 = 195.67765813207788028194 @ 49401 13150 1
3.68555995221171306397 -2.31874055120239175309 = 195.67765130361183878449 @ 48884 13020 1
3.68556065086100481665 -2.31874056222610835931 = 195.67764549177579169736 @ 49939 13285 1
3.49990252182477323828 -2.30408416676027538728 = 195.61604889052509292924 @ 49304 13126 1
3.12421687281680426906 1.33252693930465104799 = 195.58065157046502235971 @ 49403 13151 1
3.12421687244212931134 1.33175929352492317115 = 195.57219938300880812676 @ 49774 13244 1
3.12421687244212931134 1.33175929352280708606 = 195.57219938298553074674 @ 48312 12877 1
3.55032281329990961893 -1.17581002582091409536 = 195.54287366898569189289 @ 49859 13266 1
3.55039279306176736029 -1.17578448892925879754 = 195.54246620095224784563 @ 48412 12902 1
3.55039293402606137562 -1.17578449031621712351 = 195.54246593858073310912 @ 49467 13167 1
-3.15310812004181251211 3.09327797689240258094 = 195.51535361738007168242 @ 49144 13085 1
-3.15310812004181251211 3.09327797689240258094 = 195.51535361738007168242 @ 49988 13298 1
-3.48258216245451857063 -3.25490126362469389676 = 195.46540175695611196716 @ 47785 12741 1
-3.48258216245451857063 -3.25490234802117939239 = 195.46539556647752533536 @ 48421 12904 1
-3.57165634549532295949 -2.95104063192887711153 = 195.10279296535674120605 @ 49444 13161 1
-3.57165634549532295949 -2.95104063192521026693 = 195.10279296528486270290 @ 49790 13249 1
-3.57165634545208998674 -2.95104063172632313794 = 195.10279296080952349257 @ 49778 13245 1
-2.44948268696265980537 2.92774127733439870624 = 194.93504363280297297933 @ 49833 13259 1
-2.44948268696265980537 2.92774127733096412030 = 194.93504363275343393980 @ 49529 13183 1
-2.44948268696265980537 2.92774127693577446152 = 194.93504362705297694447 @ 48897 13023 1
-4.07738057002891896019 -3.37098125521908897895 = 194.83738113330423402658 @ 49906 13278 1
-4.07738172638501694678 -3.37098129807167978811 = 194.83733931226822733151 @ 49953 13289 1
-2.37336354811826621969 3.17363559724836363785 = 194.70047338467304598453 @ 49674 13220 1
-2.37336354811826621969 3.17363559724836363785 = 194.70047338467304598453 @ 49944 13287 1
2.73380710071740562483 2.54501968426680713620 = 194.14886981374445440451 @ 49044 13060 1
2.73380710071739008171 2.54501968426680713620 = 194.14886981374434071768 @ 49918 13280 1
3.55350439335804413332 -1.02831701769604677565 = 193.93350106494656870382 @ 48538 12934 1
3.55350454714930741318 -1.02831701769604677565 = 193.93350049020216374629 @ 49711 13229 1
2.52197297535403119895 2.29764572944278766542 = 193.87316565188837103051 @ 49573 13194 1
2.52196496058697228193 2.29761114891751772049 = 193.87308174431035467933 @ 49410 13153 1
-2.95077390927286842270 2.73378230839981695155 = 193.66909171991380844702 @ 47641 12704 1
-2.95077390928240612666 2.73378230839981695155 = 193.66909171981691883957 @ 49628 13208 1
-3.02534147884203585832 2.76991937338398308555 = 193.61270736435736239400 @ 49065 13065 1
-3.21143855258496335736 3.22237417356959010561 = 193.54049352585479937261 @ 48658 12963 1
3.51401769252186513270 -2.41582423688828251684 = 193.33688053744739931972 @ 49389 13147 1
3.51401769216999326773 -2.41594991841914552566 = 193.33375740119234365011 @ 49903 13277 1
-3.22933496413957632498 3.22044717429963167632 = 192.96237783637275242654 @ 49429 13157 1
3.36902768544884168023 -1.02831673005049117897 = 192.91726500540386268767 @ 48334 12883 1
3.36902768540760089166 -1.02831673005049117897 = 192.91726500481482275973 @ 49853 13264 1
3.36902768540750230386 -1.02831673005049117897 = 192.91726500481340167426 @ 49705 13228 1
-3.78301633447064622473 -2.84838978374541440530 = 192.65853981512887571625 @ 48484 12920 1
-3.78301633440166718003 -2.84838974073742923210 = 192.65853846798356130421 @ 49687 13223 1
-3.78301633214554078322 -2.84838973924720484376 = 192.65853844912257386568 @ 49452 13163 1
-3.78301633447064622473 -2.84838973976651610442 = 192.65853843670089418083 @ 49411 13153 1
-3.78301633447064622473 -2.84838973893912017488 = 192.65853841076787489328 @ 48092 12820 1
-2.77079312454824933099 3.54202249081281062004 = 192.25055240860334038189 @ 49051 13062 1
-2.77079305834103095663 3.54202249034180516318 = 192.25055222079342343022 @ 49454 13163 1
-2.77079305834103095663 3.54202249081281062004 = 192.25055220206766648516 @ 48767 12991 1
3.79276536971079547556 -2.41234689141993507988 = 192.23031193525599746863 @ 49718 13230 1
3.79276606979067132386 -2.41234689141993507988 = 192.23029794651384349891 @ 49666 13218 1
3.79276610081952370024 -2.41276867568352493265 = 192.22048115745189988957 @ 49005 13051 1
3.62036682179609625720 -2.48014053325392325178 = 192.17979580051655830175 @ 48234 12857 1
3.62036682996428726966 -2.48014053325392325178 = 192.17979579937207290641 @ 48853 13012 1
3.62085224518659742898 -2.48014010573793486358 = 192.17972744225275505414 @ 49378 13145 1
3.62085219502902155853 -2.48014011049872173942 = 192.17972731740937319955 @ 48357 12889 1
3.62085219502902155853 -2.48014011050035598771 = 192.17972731736324476515 @ 49802 13251 1
3.09685745970629833224 1.05779801196621447978 = 192.12452155990459345958 @ 48352 12887 1
-3.40685192700891503748 -3.34337090557904081933 = 191.91543589590494889308 @ 49655 13215 1
-3.40685192614920051568 -3.34337113012676301338 = 191.91543231732666185962 @ 48597 12949 1
-3.49793964694459580400 -2.85516735288939216275 = 191.87341876265367091037 @ 49185 13096 1
-3.49793565602896183719 -2.85516735288939216275 = 191.87334704941667951061 @ 46961 12535 1
-3.49792392940445662219 -2.85516735288939216275 = 191.87313632370035065833 @ 47766 12735 1
-2.39241156738638771628 3.40023278733311151711 = 191.77481608140817570529 @ 48551 12937 1
-2.23791854335705675538 3.15939952360577125390 = 191.42458977743297054985 @ 49370 13143 1
-2.80529294557818831279 2.62884594351676126323 = 191.37060226235689697205 @ 49962 13292 1
-2.80529294557818831279 2.62884594351675904278 = 191.37060226235684012863 @ 49554 13189 1
-2.80530200567969911774 2.62884594351675904278 = 191.37060079504061604894 @ 49324 13131 1
-2.80533724149002727799 2.62884594351675904278 = 191.37059503934534632208 @ 48864 13014 1
-2.23791681629136007814 3.00335037750410238644 = 191.02215896379999549026 @ 46868 12512 1
2.56166956728434769275 2.61801099601341302758 = 190.85281909474232975299 @ 49520 13180 1
2.56166956728434769275 2.61801099604138620691 = 190.85281909413652101648 @ 49714 13229 1
-3.27770270817026743160 2.99465661341585054345 = 190.78799729124594364293 @ 49873 13270 1
-3.27770270817026743160 2.99465661341579725274 = 190.78799729124540363046 @ 44469 11915 1
-3.36810647752871750171 -2.97315651394564950394 = 190.75212902527448477485 @ 49496 13174 1
-3.36810647752831915369 -2.97315651394564950394 = 190.75212902526158131877 @ 49893 13275 1
-3.36810647752871750171 -2.97315516042871719193 = 190.75211153883591919111 @ 48537 12933 1
-3.36810647752871750171 -2.97315511589237368995 = 190.75211096345719852252 @ 49109 13077 1
3.49616952886169718440 -0.70633358572745275072 = 190.70328342877141380995 @ 49140 13084 1
2.51971464003071377036 1.81656930160406937524 = 190.57253356977722091870 @ 48888 13021 1
2.51971455245544584400 1.81656930245239656152 = 190.57253087325253204654 @ 49396 13149 1
3.33920920735322868111 0.86349082637824892128 = 190.47394970167374594894 @ 47413 12645 1
3.33920924132413254881 0.86349082637824892128 = 190.47394943972636838225 @ 48944 13035 1
3.33920924132413254881 0.86349082637824892128 = 190.47394943972636838225 @ 49101 13075 1
-2.69491174215275375303 2.59342262070725793066 = 189.87581802169566458360 @ 47034 12553 1
-2.57460846061706094545 2.62896924485205563116 = 189.87170849315288023718 @ 49301 13125 1
-2.57460846043338786870 2.62896924350256222525 = 189.87170844833980254407 @ 46773 12488 1
3.39193772931890213940 -2.48818840577593336505 = 189.39593324585035816199 @ 48826 13005 1
4.01044679066398135348 -2.12975364250947274414 = 188.88326307726293862288 @ 47119 12574 1
4.01044679068168630209 -2.12975364250947274414 = 188.88326307636921796984 @ 49626 13208 1
3.08259237588511592065 -1.84590528083933147485 = 188.56066816926795581821 @ 49694 13225 1
3.12396106218568458956 -2.13411660535554892348 = 188.14923719089946985150 @ 47394 12641 1
3.12396106218568458956 -2.13411660535554892348 = 188.14923719089946985150 @ 49501 13175 1
3.12396106218568458956 -2.13411660535569769337 = 188.14923719089759401868 @ 49821 13256 1
3.39122534740665004804 0.48862950474446897875 = 187.66479523563145903609 @ 49201 13100 1
3.39122534740665004804 0.48862950474216376717 = 187.66479523562082931676 @ 49830 13258 1
3.55102763896012518785 1.91936985399020865195 = 187.48975036152313577986 @ 48936 13033 1
3.55102763896047202152 1.91936985399020865195 = 187.48975036150557116343 @ 49867 13268 1
-3.20216408938623064984 3.52197686017536959469 = 187.44526321219026954168 @ 39464 10654 1
-3.23284683908079895076 2.71096649840649206453 = 187.00999386885570174854 @ 49897 13276 1
-4.16183262865611514059 -3.71011882604175058376 = 186.40769330393146674396 @ 48825 13005 1
-4.16183261614074506696 -3.71026604068540066805 = 186.40277393916719006484 @ 49888 13274 1
-4.16183261614074506696 -3.71026604068540288850 = 186.40277393916713322142 @ 49126 13081 1
-3.58494480003124582623 -2.64135014083349473069 = 186.35744675922151714076 @ 48589 12946 1
-3.58494472412168230235 -2.64135014083349473069 = 186.35744644760282540119 @ 48131 12830 1
3.03110613565998354701 -1.56849351553584948071 = 186.29334688585430512830 @ 49383 13146 1
-3.62258561913599619331 -2.63499874087958163571 = 186.20024348365041078068 @ 48106 12823 1
-3.28930457622179428512 -2.84839188621245087418 = 186.09112515697091794209 @ 49048 13061 1
-3.28930457622179428512 -2.84839188621197658691 = 186.09112515696202194704 @ 49860 13266 1
3.58442429565448561490 1.88249388149031360307 = 186.06625054548518960473 @ 49029 13056 1
3.58442429565448561490 1.88249388149031360307 = 186.06625054548518960473 @ 49415 13154 1
-3.22933498049211031855 -2.99196065545055667201 = 185.67046966762657689287 @ 48117 12826 1
-3.48258216245451857063 -2.63499881171563554716 = 185.20300183911965063999 @ 49958 13291 1
-3.49664676510047378599 -2.59418042493824430039 = 183.94021092352039659090 @ 49551 13188 1
-3.49664676491624826227 -2.59417820821089639693 = 183.94013033764412057280 @ 47884 12766 1
2.97670294022488368668 -1.56849069967588805596 = 183.80934812846606973835 @ 49791 13249 1
3.58237972851925912110 2.10818909406768062453 = 183.40912204972607923992 @ 49822 13256 1
-3.42151277916380003319 -3.65693031348094388377 = 182.58433511319904596348 @ 49299 13125 1
-3.42151277302711021022 -3.65693031348094388377 = 182.58433482919562607094 @ 46215 12349 1
-3.42151277155391975171 -3.65693031348094388377 = 182.58433476101700421168 @ 49964 13292 1
-1.93921968887262674563 3.11079835131414528249 = 182.41000775202653017004 @ 47356 12631 1
-1.93921968887262674563 3.11079835132212290105 = 182.41000775201914052559 @ 49745 13237 1
-1.93922109857446978154 3.11224361875349364581 = 182.40863362573011841050 @ 49406 13152 1
-2.79495847625250926072 2.37769822949575804216 = 182.19097353070949907305 @ 49468 13167 1
-3.48258216245451857063 3.13222300866649927542 = 181.39601153726738402838 @ 49758 13240 1
