-0.80032109997666922574 4.85805688404721713880 -7.08350640556056365682 = 2709.09350557282687077532 @ 394143 66873 1
5.48286421182711869449 -7.08350641034795902584 -7.70831374060631269174 = 2709.09350557282641602797 @ 399045 68213 1
5.48286421182711869449 -7.08350641034667471985 -7.70831374060631269174 = 2709.09350557282596128061 @ 398019 67933 1
-0.80032109997666922574 4.85805688398879720324 -7.08350640556056365682 = 2709.09350557282550653326 @ 397705 67847 1
-7.08350640696410760455 4.85805688968962190444 -7.08350640748756266163 = 2709.09350557282323279651 @ 397405 67765 1
-7.08350640696410760455 4.85805689035028009926 -7.08350640722511215586 = 2709.09350557282186855446 @ 396992 67653 1
5.48286418614103432390 -7.08350639970586826166 -7.70831373752635595764 = 2709.09350557281186411274 @ 399116 68232 1
-0.80032108729745188302 -7.70831372528907809993 -0.80032111469625866196 = 2709.09350557281095461803 @ 394407 66945 1
-0.80032108729352968712 -7.70831372528907809993 -0.80032111469625866196 = 2709.09350557281095461803 @ 398368 68028 1
-0.80032108729745188302 -7.70831372528907809993 -0.80032111469625866196 = 2709.09350557281095461803 @ 399891 68444 1
4.85805685888123495175 5.48286420254002937469 5.48286419855303819304 = 2709.09350557281049987068 @ 398953 68188 1
4.85805685888271465700 5.48286420253954176474 5.48286419855303819304 = 2709.09350557281004512333 @ 394603 66999 1
4.85805685749818128016 5.48286420253954176474 5.48286419855303819304 = 2709.09350557280913562863 @ 396474 67512 1
5.48286421035389093248 -7.70831374165214633365 5.48286418334700265120 = 2709.09350557280868088128 @ 398756 68133 1
5.48286421035389093248 -7.70831374165214633365 5.48286418337102876563 = 2709.09350557280822613393 @ 396328 67472 1
-7.08350642465754276600 -7.70831374701825478013 5.48286419343114683755 = 2709.09350557280777138658 @ 396446 67504 1
-7.08350642475143388310 -7.70831374745997166542 5.48286419408636582773 = 2709.09350557280777138658 @ 398279 68003 1
5.48286421035389093248 -7.70831374165401417287 5.48286418334954639420 = 2709.09350557280777138658 @ 398420 68042 1
-7.08350642475143388310 -7.70831374745997255360 5.48286419408636582773 = 2709.09350557280731663923 @ 399679 68385 1
5.48286420423997178375 5.48286421024190318008 -1.42512845480334338077 = 2709.09350557280276916572 @ 396558 67534 1
5.48286420423997178375 5.48286421252695443940 -1.42512845467600524074 = 2709.09350557280276916572 @ 399038 68211 1
5.48286420423997178375 5.48286421252695443940 -1.42512845467602988769 = 2709.09350557280276916572 @ 399477 68330 1
5.48286420423997178375 5.48286421252695443940 -1.42512845480334338077 = 2709.09350557280231441837 @ 394850 67067 1
-0.80032108729745188302 -7.70831371562729383839 -0.80032111469625866196 = 2709.09350557280185967102 @ 394428 66951 1
-7.70831370585037767285 5.48286421470173301884 -0.80032110161756442324 = 2709.09350557279640270281 @ 393436 66680 1
-7.70831370585037767285 5.48286421470173301884 -0.80032110161758174272 = 2709.09350557279640270281 @ 399416 68313 1
5.48286418890481108690 -0.80032109840895548913 4.85805690411707846721 = 2709.09350557279594795546 @ 399734 68400 1
5.48286418841794098711 -0.80032110159456115728 4.85805690435055126386 = 2709.09350557279412896605 @ 398715 68122 1
5.48286418841794098711 -0.80032110159456115728 4.85805690435055126386 = 2709.09350557279412896605 @ 399950 68460 1
-7.70831370830624074131 -0.80032111751353873785 5.48286420231173110551 = 2709.09350557279276472400 @ 397997 67927 1
-7.70831370816699035231 -0.80032111751353873785 5.48286420231173110551 = 2709.09350557279185522930 @ 399787 68415 1
-7.70831370816494132470 -0.80032111751353873785 5.48286420231173110551 = 2709.09350557279140048195 @ 395291 67187 1
-7.70831370816699212867 -0.80032111751353873785 5.48286420231173110551 = 2709.09350557279094573460 @ 399558 68352 1
-7.08350642275614372778 -7.70831376484838237673 5.48286421422794134628 = 2709.09350557278912674519 @ 394809 67055 1
5.48286420362541271345 -0.80032112444675607144 -7.70831371092991002314 = 2709.09350557278730775579 @ 399324 68288 1
5.48286420362541271345 -0.80032112444675607144 -7.70831371092991002314 = 2709.09350557278730775579 @ 399973 68466 1
-7.70831370816492977838 -0.80032111683387341383 5.48286422152580854572 = 2709.09350557278594351374 @ 399647 68376 1
-7.08350641719248486083 -7.70831373899549099349 -7.08350637219357004426 = 2709.09350557278457927168 @ 396186 67433 1
-7.08350641719253193429 -7.70831373901243477320 -7.08350637219357004426 = 2709.09350557278412452433 @ 399393 68307 1
-7.70831370711578145460 -0.80032111982190567989 -7.08350641746938780585 = 2709.09350557278412452433 @ 399827 68426 1
-7.08350641719253193429 -7.70831373901243477320 -7.08350637219357004426 = 2709.09350557278412452433 @ 399916 68451 1
-7.70831370667044257772 -0.80032111982190567989 -7.08350641746938780585 = 2709.09350557278321502963 @ 397438 67774 1
-7.70831370668252358058 -0.80032111982190567989 -7.08350639641670198898 = 2709.09350557278321502963 @ 398098 67954 1
5.48286422147794727522 -0.80032112381086062403 -7.70831371092169170822 = 2709.09350557278276028228 @ 399010 68203 1
5.48286422147829544116 -0.80032112381086062403 -7.70831371092169170822 = 2709.09350557278276028228 @ 399175 68248 1
-0.80032106928488522257 -7.70831372528907809993 -0.80032112033604818624 = 2709.09350557277866755612 @ 394917 67085 1
5.48286422608273049661 -0.80032112444675607144 -7.70831371092991002314 = 2709.09350557277639381937 @ 397557 67807 1
-7.70831370700858364842 5.48286423567784986233 -0.80032110161756442324 = 2709.09350557277366533526 @ 397873 67893 1
-7.70831370700465878798 5.48286423510493481359 -0.80032110161756442324 = 2709.09350557277366533526 @ 398592 68089 1
5.48286419595923035786 5.48286417267505399309 -1.42512844933377591516 = 2709.09350557277139159851 @ 393786 66775 1
5.48286421337435125878 -7.08350644331688084065 4.85805690391794264826 = 2709.09350557276411564089 @ 399691 68388 1
-7.70831370680492167224 5.48286417680161175525 -0.80032108253726719216 = 2709.09350557276047766209 @ 397626 67826 1
5.48286422042278598354 -0.80032110311770643385 4.85805692250743614835 = 2709.09350557275593018858 @ 394010 66836 1
-7.08350637488720114021 4.85805684515807545409 -0.80032110115254018190 = 2709.09350557275456594652 @ 399717 68396 1
-7.08350637488720114021 4.85805684517635327779 -0.80032110115254018190 = 2709.09350557275411119917 @ 398083 67950 1
5.48286421337435125878 -7.08350644332112722168 4.85805690959482383562 = 2709.09350557275411119917 @ 398702 68119 1
-7.08350637488720114021 4.85805684515272950819 -0.80032110115254018190 = 2709.09350557275320170447 @ 398845 68158 1
-7.08350637488720114021 4.85805684515272950819 -0.80032110115276688944 = 2709.09350557275320170447 @ 399092 68225 1
5.48286421337435125878 -7.08350644331688084065 4.85805690963751501954 = 2709.09350557275274695712 @ 396312 67467 1
4.85805683960263401389 -0.80032111726481025560 5.48286422806680739939 = 2709.09350557275229220977 @ 396288 67461 1
5.48286421337435125878 -7.08350644331688084065 4.85805690967235914712 = 2709.09350557275183746242 @ 399126 68234 1
4.85805683960263401389 -0.80032111726481025560 5.48286422822693442214 = 2709.09350557275138271507 @ 396797 67599 1
4.85805683885625416707 -0.80032111796203730947 5.48286422933370509725 = 2709.09350557274728998891 @ 395870 67346 1
-7.08350643700999516028 -7.70831374619459364084 -7.08350636856137505504 = 2709.09350557274728998891 @ 399705 68392 1
-7.70831377530874917170 5.48286423510493481359 -0.80032110161756442324 = 2709.09350557274683524156 @ 398981 68195 1
-0.80032113460029474794 -0.80032110349309504294 -1.42512846851779095836 = 2709.09350557273410231574 @ 394536 66980 1
-0.80032113460029474794 -0.80032110349309504294 -1.42512846851779095836 = 2709.09350557273410231574 @ 399831 68427 1
-7.08350636459999272176 4.85805684595562414785 -0.80032110115254018190 = 2709.09350557273182857898 @ 398866 68164 1
-7.70831378949854428839 5.48286421110817201452 -7.08350641411731274388 = 2709.09350557272591686342 @ 396952 67642 1
-0.80032114009810850774 -0.80032110671150202830 -1.42512846851839825035 = 2709.09350557272045989521 @ 399421 68315 1
-0.80032112051355808191 -0.80032113557570683238 -1.42512846840648377267 = 2709.09350557272000514786 @ 396692 67571 1
-7.70831378949854428839 5.48286421232229415068 -7.08350642380455131075 = 2709.09350557271864090580 @ 394194 66887 1
-0.80032112051355808191 -0.80032113557570683238 -1.42512846922980718212 = 2709.09350557271773141110 @ 396612 67549 1
-7.08350637845395603165 -1.42512837776293088687 -0.80032109809417051327 = 2709.09350557271318393759 @ 396403 67492 1
-7.08350637735399324413 -1.42512837775406109309 -0.80032109809417051327 = 2709.09350557271091020084 @ 399333 68291 1
-7.08350637735399146777 -1.42512837775406109309 -0.80032109809417051327 = 2709.09350557271045545349 @ 397069 67673 1
-1.42512837112769652492 -0.80032109985804344987 -7.08350639390475045332 = 2709.09350557271045545349 @ 397168 67700 1
-7.08350637734684696056 -1.42512837775406109309 -0.80032109809417051327 = 2709.09350557271045545349 @ 398568 68082 1
-1.42512837112769652492 -0.80032109985804344987 -7.08350639316422192593 = 2709.09350557270954595879 @ 397990 67925 1
-1.42512837112769652492 -0.80032109985804344987 -7.08350639315793895179 = 2709.09350557270909121144 @ 398376 68030 1
-7.08350638002402277493 4.85805693149495354533 -7.08350641103066980264 = 2709.09350557270863646409 @ 398029 67935 1
-7.08350638002402277493 4.85805693149495354533 -7.08350641102986777753 = 2709.09350557270863646409 @ 399070 68219 1
5.48286421088345843344 -7.70831378930324540022 -7.08350643510160171701 = 2709.09350557270545323263 @ 399390 68306 1
5.48286421088345843344 -7.70831378930324540022 -7.08350643510160171701 = 2709.09350557270545323263 @ 399912 68450 1
-1.42512836841242629404 -0.80032109958142128026 -7.08350639390475045332 = 2709.09350557269999626442 @ 397114 67686 1
5.48286419661557111738 -1.42512836620736815796 5.48286420891334724814 = 2709.09350557269362980151 @ 397801 67873 1
5.48286419660756774164 -1.42512836620736815796 5.48286420891334724814 = 2709.09350557269362980151 @ 398654 68106 1
5.48286419661584822904 -1.42512836620736815796 5.48286420891334724814 = 2709.09350557269362980151 @ 398806 68147 1
-7.08350634167367765315 -7.08350640517371488158 -1.42512843147286183410 = 2709.09350557268726333859 @ 396424 67498 1
-7.08350634167367765315 -7.08350640517371488158 -1.42512843147383860831 = 2709.09350557268726333859 @ 398215 67986 1
-7.08350634167569381816 -7.08350640516846841166 -1.42512843147286183410 = 2709.09350557268726333859 @ 398769 68137 1
5.48286424028255758856 -0.80032115257914882012 -7.70831371280936927803 = 2709.09350557268726333859 @ 399600 68363 1
5.48286418220106952504 -7.70831378927827692848 -7.08350643510160171701 = 2709.09350557268680859124 @ 398565 68082 1
-7.08350634157091363363 -7.08350640488609606393 -1.42512842007043816217 = 2709.09350557268453485449 @ 398242 67993 1
-7.70831370092819767592 -0.80032114042580937419 -0.80032115000177428410 = 2709.09350557265634051873 @ 395690 67296 1
-7.70831370092819767592 -0.80032114042580937419 -0.80032115000177428410 = 2709.09350557265634051873 @ 399995 68472 1
-7.70831370092754930567 -0.80032114042580937419 -0.80032115000177428410 = 2709.09350557265543102403 @ 398901 68173 1
-7.70831370018440864555 -0.80032114042580937419 -0.80032115000177428410 = 2709.09350557265452152933 @ 396572 67538 1
-7.08350634120123956450 -7.08350640244823814839 -7.70831369992992687656 = 2709.09350557264269809821 @ 399395 68308 1
-7.08350633526012618546 -7.08350643389980749731 4.85805688140227776017 = 2709.09350557263724113000 @ 398823 68152 1
-7.70831369185795178822 -0.80032113592835640858 -0.80032115211169330138 = 2709.09350557263678638265 @ 396035 67391 1
-7.08350648136097138519 -7.70831371588101887937 -0.80032109125996619969 = 2709.09350557263678638265 @ 399052 68214 1
-7.08350633526012618546 -7.08350643389980749731 4.85805688147489700413 = 2709.09350557263633163529 @ 397372 67756 1
-7.08350648141737870844 -7.70831371576989621275 -0.80032109125996619969 = 2709.09350557263633163529 @ 398218 67987 1
-7.08350633528114759230 -7.08350643476883767846 4.85805688147578962344 = 2709.09350557263587688794 @ 398606 68093 1
-7.08350633526012618546 -7.08350643389980749731 4.85805688147507730434 = 2709.09350557263587688794 @ 399315 68286 1
-7.08350648141737870844 -7.70831371576595092421 -0.80032109133874240747 = 2709.09350557263542214059 @ 397165 67699 1
-0.80032102233505342248 -0.80032110069138973074 4.85805688233757582140 = 2709.09350557263132941443 @ 397467 67782 1
-0.80032102233505342248 -0.80032110069138973074 4.85805688233966215250 = 2709.09350557263132941443 @ 398163 67972 1
-0.80032102233511370759 -0.80032110069138973074 4.85805688233966215250 = 2709.09350557263132941443 @ 399380 68303 1
-0.80032102233505342248 -0.80032110083621776919 4.85805687881198533518 = 2709.09350557263041991973 @ 397627 67826 1
-0.80032102233505342248 -0.80032110083621776919 4.85805687892955884166 = 2709.09350557263041991973 @ 398770 68137 1
-7.08350638205863880614 4.85805684856612973732 5.48286413888056323174 = 2709.09350557262860093033 @ 399602 68364 1
-1.42512846663695125216 -7.08350633881901625699 -7.08350640308813339630 = 2709.09350557262450820417 @ 396983 67650 1
-1.42512846663695125216 -7.08350633881758984245 -7.08350640308813339630 = 2709.09350557262450820417 @ 398652 68105 1
-1.42512846683330640651 -7.08350633881965041638 -7.08350640308813339630 = 2709.09350557262405345682 @ 398119 67960 1
-7.08350634167367765315 -7.08350640517368823623 -1.42512847214569204901 = 2709.09350557262314396212 @ 399337 68292 1
-0.80032118166233878753 -7.70831373351849258313 5.48286421756984410081 = 2709.09350557261223002570 @ 399914 68450 1
-0.80032118189286960419 -7.70831373351849258313 5.48286421756928810112 = 2709.09350557261086578364 @ 395408 67219 1
-0.80032118189286960419 -7.70831373351851567577 5.48286421756980324460 = 2709.09350557261041103629 @ 399357 68297 1
-7.08350633324043155170 -7.08350640244831897263 -7.70831369992992687656 = 2709.09350557260586356279 @ 398416 68041 1
-7.08350633324079748121 -7.08350640244822216118 -7.70831369992992687656 = 2709.09350557260586356279 @ 398960 68189 1
5.48286424377157999288 -1.42512835526888514970 5.48286420361109705368 = 2709.09350557260222558398 @ 396505 67520 1
5.48286424377157999288 -1.42512835527172487815 5.48286420361109705368 = 2709.09350557260222558398 @ 398854 68160 1
-7.08350638647951491578 -1.42512840289978859332 5.48286412861664995688 = 2709.09350557259585912107 @ 398285 68005 1
-7.08350638647951491578 -1.42512840289978859332 5.48286412863088123970 = 2709.09350557259540437371 @ 397711 67849 1
-7.08350638647176733542 -1.42512840289978859332 5.48286412860242045042 = 2709.09350557259494962636 @ 398289 68006 1
-7.08350638647176733542 -1.42512840289211206724 5.48286412860242045042 = 2709.09350557259494962636 @ 398468 68055 1
-7.08350635907292947024 -1.42512843293775115505 5.48286413276870909783 = 2709.09350557257585023763 @ 394450 66957 1
-7.08350635907292947024 -1.42512843263611643785 5.48286413276870909783 = 2709.09350557257585023763 @ 397286 67732 1
-7.08350638237385243912 4.85805684856612884914 5.48286412518392207716 = 2709.09350557256266256445 @ 396396 67490 1
-7.08350638205860505536 4.85805684856612884914 5.48286412537071043971 = 2709.09350557256266256445 @ 397118 67687 1
-0.80032100880056589176 -0.80032108196964890645 4.85805688279904135385 = 2709.09350557254629165982 @ 397799 67873 1
-7.08350644497318970849 4.85805679421982716804 -7.08350640019339650166 = 2709.09350557253856095485 @ 393221 66621 1
-7.08350650282427984905 -7.70831373806745556720 -0.80032109593017530802 = 2709.09350557253628721810 @ 395993 67379 1
-7.08350650283465732571 -7.70831373806745556720 -0.80032109593017530802 = 2709.09350557253583247075 @ 398318 68014 1
-7.08350649623535311150 -0.80032113637282131791 4.85805688468332963481 = 2709.09350557253355873399 @ 399284 68278 1
-7.08350649623535311150 -0.80032113635506774152 4.85805688468364493815 = 2709.09350557253310398664 @ 398004 67929 1
-7.08350649623535311150 -0.80032113637261503847 4.85805688468364493815 = 2709.09350557253310398664 @ 398992 68198 1
-7.08350646311101606045 -0.80032108706939442122 -1.42512851059832978962 = 2709.09350557249399571447 @ 396795 67599 1
-7.08350646311101606045 -0.80032108703953142026 -1.42512851059832978962 = 2709.09350557249399571447 @ 397957 67916 1
-7.08350645131958245315 -0.80032108697718418178 -1.42512851762935599531 = 2709.09350557249035773566 @ 397636 67828 1
-0.80032107177931988140 5.48286411630404746376 -1.42512846610886212417 = 2709.09350557249035773566 @ 397739 67856 1
-0.80032107177931988140 5.48286411630404746376 -1.42512846598333187131 = 2709.09350557249035773566 @ 399925 68453 1
-7.08350645131958245315 -0.80032108697718418178 -1.42512851762935888189 = 2709.09350557248990298831 @ 399695 68389 1
-0.80032107042974631739 5.48286411594437605999 -1.42512846542110804826 = 2709.09350557248717450420 @ 396881 67622 1
-7.08350630281310955638 -0.80032109729546274668 -7.70831372450080731795 = 2709.09350557247034885222 @ 399669 68382 1
-7.08350630284325610830 -0.80032109348711077956 -7.70831372450080731795 = 2709.09350557246989410487 @ 398401 68037 1
-7.08350630281310955638 -0.80032109345576696313 -7.70831372450080731795 = 2709.09350557246943935752 @ 397604 67819 1
-0.80032108163384407806 4.85805682208094857799 5.48286429661303031935 = 2709.09350557244806623203 @ 399656 68379 1
-0.80032108163384407806 4.85805682208094857799 5.48286429661303031935 = 2709.09350557244806623203 @ 399979 68468 1
-0.80032100196087274657 -7.70831371917712537822 -7.08350645707109016769 = 2709.09350557242987633799 @ 396489 67516 1
-0.80032100196087274657 -7.70831371917712537822 -7.08350645707109016769 = 2709.09350557242987633799 @ 399813 68422 1
-0.80032100196087274657 -7.70831371917741048350 -7.08350645707109016769 = 2709.09350557242896684329 @ 398948 68186 1
-0.80032116776634032451 4.85805678578395561118 -0.80032112574579816755 = 2709.09350557236848544562 @ 398346 68022 1
-0.80032116776634032451 4.85805678578395561118 -0.80032112574580227538 = 2709.09350557236848544562 @ 399657 68379 1
-0.80032116770186223498 4.85805678582667432863 -0.80032112574579816755 = 2709.09350557236757595092 @ 396098 67409 1
-0.80032116770186223498 4.85805678582667432863 -0.80032112574579816755 = 2709.09350557236757595092 @ 399881 68441 1
5.48286431738378432499 4.85805690955985269852 -7.08350635762753633173 = 2709.09350557232301071053 @ 398003 67928 1
-0.80032122516960890746 -1.42512843513846299004 -0.80032108235759580328 = 2709.09350557231664424762 @ 399616 68368 1
-0.80032122516960890746 -1.42512843513846299004 -0.80032108235759580328 = 2709.09350557231664424762 @ 399989 68470 1
-0.80032122516960890746 -1.42512843513851628074 -0.80032108236923582556 = 2709.09350557231618950027 @ 399269 68273 1
-0.80032098355177816451 -7.08350636723080651080 4.85805691442115339385 = 2709.09350557229208789067 @ 399454 68324 1
-0.80032098453669298088 -7.08350636279152556796 4.85805691430547348375 = 2709.09350557228981415392 @ 398069 67946 1
-0.80032098453669298088 -7.08350636279154599606 4.85805691430547348375 = 2709.09350557228981415392 @ 399339 68292 1
-0.80032098355177816451 -7.08350636274995970609 4.85805691442045883832 = 2709.09350557228162870160 @ 399188 68251 1
5.48286433867929190455 -7.70831373027049338020 5.48286423933479305504 = 2709.09350557223388022976 @ 398766 68136 1
-1.42512831790774452401 5.48286419244772371684 -7.08350648262909032837 = 2709.09350557222796851420 @ 399210 68257 1
4.85805675112702672891 -0.80032113845424968090 -7.08350639112665181329 = 2709.09350557222023780923 @ 398384 68032 1
-1.42512835722981789921 -0.80032109872308510035 -0.80032121712714643369 = 2709.09350557221978306188 @ 397701 67846 1
-1.42512835720100738968 -0.80032109872308510035 -0.80032121712714643369 = 2709.09350557221978306188 @ 399056 68216 1
-1.42512835720116459726 -0.80032109854432920137 -0.80032121712714643369 = 2709.09350557221932831453 @ 396977 67649 1
5.48286423663320743316 5.48286427318179558910 4.85805676158291177558 = 2709.09350557219158872613 @ 395801 67327 1
5.48286423663320743316 5.48286427318453473134 4.85805676158291177558 = 2709.09350557219158872613 @ 398141 67966 1
5.48286423663320743316 5.48286427318179558910 4.85805676158291177558 = 2709.09350557219158872613 @ 399790 68416 1
4.85805696289997346327 5.48286422185062161105 5.48286431983250821531 = 2709.09350557217067034799 @ 396617 67550 1
4.85805696495978800442 5.48286422185062161105 5.48286431983250821531 = 2709.09350557215930166421 @ 398451 68050 1
4.85805685129092967856 -7.08350640218644578283 -7.08350655082907021409 = 2709.09350557214338550693 @ 399100 68228 1
4.85805685129078401729 -7.08350640065231651477 -7.08350655234772297320 = 2709.09350557212883359171 @ 399622 68369 1
5.48286420311292843621 -0.80032118859405021460 -1.42512831118497151905 = 2709.09350557211337218178 @ 399220 68260 1
-7.08350633339815338729 -7.08350653435492194632 -7.70831369993553217057 = 2709.09350557209154430893 @ 396501 67519 1
-0.80032096523543727606 4.85805692002673250585 -7.08350635205194212318 = 2709.09350557208381360397 @ 389753 65666 1
5.48286416357968242608 -0.80032118859405021460 -1.42512831118497151905 = 2709.09350557205516452086 @ 398464 68054 1
5.48286416357932004928 -0.80032118859405021460 -1.42512831118497151905 = 2709.09350557205470977351 @ 396059 67397 1
5.48286419922276291317 -7.70831358459218130008 -7.08350642348300674200 = 2709.09350557204788856325 @ 399356 68297 1
4.85805673719351638340 -7.08350639532482695415 5.48286426242544777665 = 2709.09350557204516007914 @ 396542 67530 1
4.85805673719351638340 -7.08350639517694169456 5.48286426231135504139 = 2709.09350557204516007914 @ 398097 67954 1
4.85805673719742614480 -7.08350639517694169456 5.48286426231135504139 = 2709.09350557204470533179 @ 398313 68013 1
4.85805673707106144832 -7.08350639532482695415 5.48286426242544777665 = 2709.09350557204425058444 @ 397621 67824 1
5.48286421735925966203 -7.70831373692875576609 -0.80032094294430422554 = 2709.09350557202742493246 @ 398122 67960 1
5.48286421735925966203 -7.70831373679166720336 -0.80032094294430422554 = 2709.09350557202697018511 @ 395879 67348 1
5.48286420248586914283 -7.70831373947172693306 -0.80032094232807216017 = 2709.09350557202424170100 @ 397647 67831 1
5.48286432807324075611 5.48286411138505780372 -7.70831369960100332150 = 2709.09350557201969422749 @ 399662 68380 1
5.48286432807324075611 5.48286411138506313279 -7.70831369960100332150 = 2709.09350557201923948014 @ 399466 68327 1
5.48286424573285557926 5.48286420295093268606 -7.70831358376455089143 = 2709.09350557199832110200 @ 395563 67262 1
5.48286405936180809562 -0.80032115703388118089 -1.42512839709732452853 = 2709.09350557199559261790 @ 397611 67821 1
-0.80032101266304422893 -0.80032096230394067504 -7.70831373046171730579 = 2709.09350557196694353479 @ 399129 68235 1
-7.70831375865227919064 5.48286411059891598541 -7.08350653881036240733 = 2709.09350557196239606128 @ 399048 68213 1
-7.70831386968541032445 5.48286415791696324362 5.48286412682355095427 = 2709.09350557193783970433 @ 398411 68040 1
-7.70831386968541032445 5.48286415791666215114 5.48286412682355095427 = 2709.09350557193738495698 @ 399268 68273 1
5.48286404845558017485 -1.42512847674669318465 -0.80032112077781092374 = 2709.09350557193147324142 @ 398762 68135 1
5.48286404845524533158 -1.42512847674669318465 -0.80032112077781092374 = 2709.09350557193101849407 @ 398718 68123 1
-0.80032100263287042630 -0.80032096376488848222 -7.70831374195362961643 = 2709.09350557192010455765 @ 396644 67558 1
-0.80032100263237282434 -0.80032096376488848222 -7.70831374195362961643 = 2709.09350557192010455765 @ 398808 68148 1
5.48286407986109125545 4.85805677080587372529 5.48286419209739772640 = 2709.09350557190919062123 @ 399699 68391 1
5.48286407986109125545 4.85805677080587372529 5.48286419210267972346 = 2709.09350557190919062123 @ 399974 68466 1
5.48286437343539123646 -7.70831373023769028663 5.48286423534906930399 = 2709.09350557190828112653 @ 398436 68046 1
5.48286431738378432499 4.85805690924215749504 -7.08350628330103582186 = 2709.09350557190737163182 @ 397431 67772 1
5.48286431738383406298 4.85805690924215749504 -7.08350628330103582186 = 2709.09350557190737163182 @ 399244 68267 1
5.48286407979949430569 4.85805676986468615297 5.48286419209630615512 = 2709.09350557190282415831 @ 398788 68142 1
-0.80032101266304422893 -0.80032095519340484824 -7.70831373046171730579 = 2709.09350557190236941096 @ 398393 68035 1
5.48286437381049740480 -7.70831373027049338020 5.48286423933479305504 = 2709.09350557189691244275 @ 397479 67785 1
-1.42512829415278430290 5.48286425629152063266 -7.08350650230341294389 = 2709.09350557185189245502 @ 392091 66308 1
-0.80032104445070861853 -7.70831374879805863998 -7.08350624101890424811 = 2709.09350557183051932952 @ 399394 68307 1
-0.80032104444940022070 -7.70831374879805863998 -7.08350624101882520023 = 2709.09350557183006458217 @ 397768 67864 1
5.48286422752150404136 -7.70831373919226514602 -0.80032092474217919609 = 2709.09350557182142438251 @ 397384 67759 1
5.48286404973875107771 -1.42512850644302258019 -0.80032111882835621497 = 2709.09350557181960539310 @ 397662 67835 1
-7.08350658114163156398 -0.80032113637282131791 4.85805688468364493815 = 2709.09350557181960539310 @ 398925 68180 1
-1.42512831790774452401 5.48286419244772371684 -7.08350654475470875582 = 2709.09350557180596297258 @ 397673 67838 1
-7.08350642905688943074 4.85805686732860841914 5.48286402941847050840 = 2709.09350557180141549907 @ 397800 67873 1
-7.08350642905688943074 4.85805686732860841914 5.48286402941844119852 = 2709.09350557180096075172 @ 399443 68321 1
-1.42512831539271322967 5.48286419244772371684 -7.08350654558151138218 = 2709.09350557178004237358 @ 393969 66825 1
-1.42512831539271322967 5.48286419230356436572 -7.08350654558151138218 = 2709.09350557178004237358 @ 397538 67801 1
-1.42512831539226536570 5.48286419244772371684 -7.08350654560005477123 = 2709.09350557177913287887 @ 398608 68093 1
-7.08350634927669187135 -7.08350657498942837265 4.85805684437852214330 = 2709.09350557177822338417 @ 399148 68240 1
-7.70831389104495023901 5.48286418046094059520 5.48286412382108334640 = 2709.09350557176730944775 @ 398947 68186 1
-7.70831389104495734443 5.48286418046094059520 5.48286412382108334640 = 2709.09350557176730944775 @ 399547 68349 1
-1.42512835186201680671 -0.80032111943344486082 -7.08350624301097475666 = 2709.09350557174911955371 @ 397793 67871 1
-0.80032108163384407806 4.85805682208089262275 5.48286438081497262687 = 2709.09350557173411289114 @ 397017 67659 1
-0.80032114264641063262 5.48286407670395092850 -1.42512830729031736432 = 2709.09350557173274864908 @ 396567 67537 1
5.48286402972832842551 -1.42512842418972662806 -0.80032104621639021946 = 2709.09350557172774642822 @ 395436 67227 1
-0.80032126750737664356 5.48286413448245735225 4.85805692883883910582 = 2709.09350557168090745108 @ 397614 67822 1
-0.80032126752449173068 5.48286413448245735225 4.85805692883883910582 = 2709.09350557168090745108 @ 397923 67907 1
-0.80032125799190212412 5.48286413171888220575 4.85805695094586731386 = 2709.09350557167635997757 @ 394628 67006 1
-0.80032125799190212412 5.48286413171888220575 4.85805695094586731386 = 2709.09350557167635997757 @ 399949 68460 1
4.85805669600772294103 -0.80032113702416274315 -7.08350636112875609030 = 2709.09350557158450101269 @ 397170 67701 1
4.85805669598099942874 -0.80032113689283268521 -7.08350636113070208921 = 2709.09350557158450101269 @ 399668 68382 1
4.85805669523461780557 -0.80032113702416274315 -7.08350636112875609030 = 2709.09350557157540606568 @ 396898 67627 1
5.48286422043485455191 5.48286427147940891302 4.85805669702453801762 = 2709.09350557156858485541 @ 393830 66787 1
-7.08350630564894157004 -7.08350657498942837265 4.85805684437829565780 = 2709.09350557155448768754 @ 396332 67473 1
4.85805669094478265180 -0.80032113702416274315 -7.08350636096740959857 = 2709.09350557152038163622 @ 399161 68244 1
-0.80032130613538543518 -0.80032109548518870490 -7.70831376158130421317 = 2709.09350557144762206008 @ 396843 67612 1
-7.08350636235868336144 -0.80032130218317720782 -1.42512844565903962213 = 2709.09350557144625781802 @ 395875 67347 1
-1.42512852337126694202 -7.08350634942149248729 -0.80032127629980398531 = 2709.09350557142170146108 @ 398860 68162 1
5.48286418504305572696 -0.80032110943436030048 4.85805708150222503861 = 2709.09350557142124671373 @ 399497 68335 1
-7.70831353614980141487 -0.80032104482686972080 -7.08350641366906685903 = 2709.09350557138304793625 @ 397033 67664 1
-7.70831353614980141487 -0.80032104483148835961 -7.08350641366906685903 = 2709.09350557138304793625 @ 398309 68011 1
-0.80032121211805284933 5.48286418575458256441 -7.70831355875476997852 = 2709.09350557135712733725 @ 399919 68452 1
-0.80032121211805284933 5.48286418575458256441 -7.70831355866022160939 = 2709.09350557135621784255 @ 397870 67892 1
5.48286413888407420103 -7.08350620487362281352 -1.42512844964654084023 = 2709.09350557134621340083 @ 398252 67996 1
5.48286413887482648732 -7.08350620487362281352 -1.42512844964654084023 = 2709.09350557134621340083 @ 398758 68134 1
5.48286413887228274433 -7.08350620487362281352 -1.42512844964654084023 = 2709.09350557134621340083 @ 398875 68166 1
5.48286413346828549464 -7.08350620537174258118 -1.42512842562450869899 = 2709.09350557134348491672 @ 395455 67232 1
5.48286400062670331579 4.85805682272009864420 5.48286417357793265381 = 2709.09350557132484027534 @ 399221 68260 1
-7.08350658291403689759 -0.80032119731698303511 -7.70831365522811662316 = 2709.09350557132393078064 @ 394092 66859 1
5.48286419547793624218 -7.08350639848308016866 4.85805709067587176975 = 2709.09350557130346714985 @ 397536 67801 1
5.48286422064466982818 -7.70831386718739608455 -0.80032127537934782957 = 2709.09350557125344494125 @ 397835 67883 1
5.48286422064466982818 -7.70831386726530976006 -0.80032127534777497413 = 2709.09350557125344494125 @ 397879 67895 1
5.48286422064466982818 -7.70831386726530976006 -0.80032127537509833992 = 2709.09350557125344494125 @ 398547 68077 1
-0.80032108702192616967 -7.08350648091557033581 -7.70831393861387059729 = 2709.09350557125344494125 @ 399270 68274 1
-0.80032108702192616967 -7.08350648091557033581 -7.70831393861387059729 = 2709.09350557125344494125 @ 399820 68424 1
5.48286436548249955791 4.85805681920034437837 -7.08350626321340914870 = 2709.09350557122979807900 @ 399300 68282 1
4.85805686223220067887 -0.80032108414731017998 -0.80032132885039442005 = 2709.09350557113702961942 @ 397755 67861 1
4.85805686223220067887 -0.80032108414731017998 -0.80032132884076823132 = 2709.09350557113702961942 @ 398434 68046 1
4.85805686223220067887 -0.80032108414731017998 -0.80032132884076923052 = 2709.09350557113702961942 @ 399197 68254 1
-0.80032110585756477406 -7.08350628554499373024 -1.42512823338814298424 = 2709.09350557106381529593 @ 399378 68303 1
-0.80032110586073867964 -7.08350628555075179094 -1.42512823338817984364 = 2709.09350557106336054858 @ 397502 67792 1
-0.80032110586073867964 -7.08350628554499373024 -1.42512823338817984364 = 2709.09350557106336054858 @ 397660 67835 1
4.85805685129078312912 -7.08350622711901856121 -7.08350656942267153937 = 2709.09350557091784139629 @ 398640 68102 1
4.85805685129079733997 -7.08350622711901856121 -7.08350656942267153937 = 2709.09350557091784139629 @ 399215 68259 1
-1.42512863585339277783 5.48286408473057207402 5.48286421499661269507 = 2709.09350557089146604994 @ 398338 68020 1
-1.42512863585339277783 5.48286408473057207402 5.48286421499692178116 = 2709.09350557089146604994 @ 398739 68129 1
-1.42512863585339277783 5.48286408473057207402 5.48286421497727616270 = 2709.09350557089101130259 @ 398575 68084 1
-1.42512863585339277783 5.48286408473057207402 5.48286421497727705088 = 2709.09350557089101130259 @ 399675 68384 1
5.48286426618653699450 5.48286409087234449800 -7.70831353067692948144 = 2709.09350557086418120889 @ 399060 68217 1
-0.80032103495012552052 -7.08350646012343432290 -7.70831350736905918097 = 2709.09350557084098909399 @ 399162 68244 1
-0.80032103494942408162 -7.08350646012343432290 -7.70831350736905918097 = 2709.09350557084098909399 @ 399182 68250 1
-0.80032103495012552052 -7.08350646012624274306 -7.70831350736905918097 = 2709.09350557084053434664 @ 396224 67443 1
4.85805711967238806892 -7.08350637928490023398 5.48286420125985607399 = 2709.09350557084007959929 @ 399796 68418 1
5.48286420159292031684 -7.70831381349254840529 -7.08350616927977583259 = 2709.09350557079869759036 @ 397081 67677 1
4.85805688213182840229 -0.80032110040377757443 -0.80032084437782513575 = 2709.09350557072502851952 @ 399785 68415 1
4.85805688213182840229 -0.80032110040377879567 -0.80032084437782513575 = 2709.09350557072457377217 @ 399109 68230 1
4.85805688213607123060 -0.80032110040377879567 -0.80032084438181971819 = 2709.09350557072320953012 @ 398694 68117 1
-1.42512852838633485852 -7.08350646348224533000 5.48286397853232099209 = 2709.09350557071957155131 @ 399273 68275 1
-1.42512852838633485852 -7.08350646348224533000 5.48286397853227480681 = 2709.09350557071957155131 @ 399451 68323 1
-1.42512852337126694202 -7.08350624303105469437 -0.80032127629980398531 = 2709.09350557066181863775 @ 397670 67838 1
-7.08350646119241034171 -7.70831360323298753201 -7.08350662397812058657 = 2709.09350557064271924901 @ 396700 67573 1
-0.80032112446751202395 -1.42512831198485812045 5.48286397582093254499 = 2709.09350557064180975431 @ 399642 68375 1
-0.80032112430695923067 -1.42512831188641087010 5.48286397582093254499 = 2709.09350557064135500696 @ 397587 67815 1
-0.80032112446751202395 -1.42512831189574340485 5.48286397582093254499 = 2709.09350557064135500696 @ 397615 67823 1
-0.80032112446751202395 -1.42512831189574340485 5.48286397582093254499 = 2709.09350557064135500696 @ 399873 68439 1
-1.42512862696314823729 -0.80032095369319333766 5.48286412987715365830 = 2709.09350557061225117650 @ 398317 68014 1
-0.80032112912553987627 -1.42512831195778622018 5.48286397370610423252 = 2709.09350557060179198743 @ 397543 67803 1
-1.42512850395844337115 -7.08350646959011331916 -0.80032135349918065437 = 2709.09350557045809182455 @ 395599 67271 1
-1.42512850395844337115 -7.08350646959705176897 -0.80032135349918065437 = 2709.09350557045809182455 @ 398728 68126 1
-0.80032132677580181124 5.48286427216082383751 -7.70831359183596376283 = 2709.09350557034986195504 @ 396619 67551 1
-0.80032094399368225446 4.85805674816420296480 5.48286401276926760318 = 2709.09350557025936723221 @ 398863 68163 1
-0.80032094399368225446 4.85805674816420296480 5.48286401276709778330 = 2709.09350557025891248486 @ 396377 67485 1
-7.08350641076663123386 5.48286418837963296369 -7.70831345986990967845 = 2709.09350557024708905374 @ 397337 67746 1
-7.08350641076663123386 5.48286418837450550967 -7.70831345986990967845 = 2709.09350557024708905374 @ 398505 68065 1
-7.08350641076663123386 5.48286418837207278898 -7.70831345986990967845 = 2709.09350557024708905374 @ 398842 68157 1
-7.08350641088805499379 5.48286418495512428706 -7.70831345986990967845 = 2709.09350557024254158023 @ 394926 67087 1
-1.42512852890072694301 -7.08350655030587184058 5.48286397997587204856 = 2709.09350557018433391931 @ 396200 67437 1
-0.80032084565346750527 -1.42512840106458438250 -7.08350654625355691252 = 2709.09350557010429838556 @ 398488 68061 1
-0.80032084565346750527 -1.42512840106458438250 -7.08350654625386688679 = 2709.09350557010429838556 @ 399146 68240 1
-1.42512851450723165847 -7.08350656978334836111 5.48286397961666072121 = 2709.09350557007928728126 @ 397439 67774 1
-0.80032084356849175766 -1.42512840083055847273 -7.08350654849104266475 = 2709.09350557004881920875 @ 396918 67633 1
-1.42512844193109500246 -7.08350631415851683670 -7.08350612581482508290 = 2709.09350556999424952664 @ 399250 68268 1
-1.42512844193109500246 -7.08350631415842091343 -7.08350612581482508290 = 2709.09350556999379477929 @ 398814 68149 1
-1.42512852890072694301 -7.08350655030587184058 5.48286444794301885963 = 2709.09350556996696468559 @ 397026 67662 1
-0.80032139065178531379 4.85805687712180134241 -7.08350649408149912745 = 2709.09350556988829339389 @ 396687 67570 1
-7.08350647331064386947 -0.80032105498307748448 -1.42512871471828161951 = 2709.09350556984918512171 @ 398749 68132 1
-0.80032140130409323842 -7.70831365830032488873 5.48286424014120932213 = 2709.09350556968956880155 @ 398687 68115 1
-0.80032140130409323842 -7.70831365832048209796 5.48286424014120932213 = 2709.09350556968820455950 @ 398053 67942 1
-7.70831382603070647264 -7.08350628197029497102 -7.08350668662721894009 = 2709.09350556954905187013 @ 398841 68157 1
-7.70831382602967352113 -7.08350628197029497102 -7.08350668662721894009 = 2709.09350556954859712278 @ 398550 68077 1
-7.70831390439410846227 5.48286392340838357740 5.48286416763833361898 = 2709.09350556924118791358 @ 399489 68333 1
-7.70831381886995981034 -7.08350624197467571008 -7.08350668670770122759 = 2709.09350556921572206193 @ 399015 68205 1
-7.70831381894399836341 -7.08350624198440392831 -7.08350669526343068583 = 2709.09350556906019846792 @ 397554 67806 1
-0.80032107021611686992 5.48286440688822906964 -7.70831346237854386771 = 2709.09350556899062212324 @ 398235 67991 1
-0.80032114468411097441 -7.70831338875925986542 -0.80032111508831160762 = 2709.09350556869094361900 @ 395652 67286 1
5.48286399388538470134 -1.42512869399116492986 -0.80032096579025668870 = 2709.09350556840627177735 @ 391010 66012 1
-1.42512877260293446824 -0.80032095369319333766 5.48286419440866890085 = 2709.09350556812341892510 @ 399099 68227 1
-1.42512877260296977333 -0.80032095369319333766 5.48286419440866890085 = 2709.09350556812341892510 @ 399559 68352 1
-1.42512877369135471106 -0.80032095369319333766 5.48286419440866890085 = 2709.09350556809795307345 @ 398885 68169 1
-1.42512878419767829996 5.48286408474430153603 5.48286421497745735110 = 2709.09350556806475651683 @ 396910 67630 1
-0.80032082106423407808 5.48286438970740075405 -7.70831393403318365642 = 2709.09350556791832786985 @ 398871 68165 1
-1.42512877435946072602 -0.80032095344677101068 5.48286413000640759918 = 2709.09350556789649999700 @ 397508 67793 1
4.85805685158554911851 5.48286402684740803437 -7.08350603040136395094 = 2709.09350556720255553955 @ 398705 68120 1
4.85805685158554911851 5.48286402684740803437 -7.08350603040136395094 = 2709.09350556720255553955 @ 399866 68437 1
4.85805685158425948345 5.48286402684740803437 -7.08350603039833170982 = 2709.09350556720210079220 @ 398607 68093 1
4.85805685260036046458 5.48286402628658287028 -7.08350603042862481118 = 2709.09350556719937230810 @ 398102 67955 1
-7.08350635454870669605 -1.42512886134202831911 -7.08350641020312910001 = 2709.09350556639583373908 @ 399523 68343 1
-7.08350635454870669605 -1.42512886134202831911 -7.08350641020312910001 = 2709.09350556639583373908 @ 399823 68425 1
-0.80032112946392774955 -7.08350600074866321165 -1.42512822050159959630 = 2709.09350556603158111102 @ 396534 67528 1
-0.80032112946360400851 -7.08350600074866321165 -1.42512822050159959630 = 2709.09350556603158111102 @ 399336 68291 1
5.48286466660547855412 -1.42512843530429389460 -7.08350633561519504866 = 2709.09350556587787650642 @ 398615 68095 1
5.48286466660547855412 -1.42512843530429389460 -7.08350633561519860137 = 2709.09350556587787650642 @ 399433 68318 1
5.48286466662380611581 -1.42512843520613863291 -7.08350633561519504866 = 2709.09350556587742175907 @ 396341 67475 1
5.48286466662380611581 -1.42512843530429389460 -7.08350633561540554695 = 2709.09350556587742175907 @ 399166 68245 1
-7.08350635454870669605 -1.42512888648763280663 -7.08350641020661520031 = 2709.09350556563776990515 @ 398714 68122 1
-7.08350635437516285009 -1.42512888839737072999 -7.08350640932452435550 = 2709.09350556557774325483 @ 394954 67095 1
-1.42512843085316087688 -0.80032061977859969559 -0.80032119104375543106 = 2709.09350556515573771321 @ 395924 67361 1
-1.42512843058709082200 -0.80032061977859969559 -0.80032119104375543106 = 2709.09350556515528296586 @ 396854 67615 1
-7.08350634409878132658 5.48286421846499827382 -7.70831422420418288510 = 2709.09350556461731684976 @ 399021 68206 1
4.85805640641060509921 5.48286406440533280460 -0.80032106025772287161 = 2709.09350556457911807229 @ 398135 67964 1
4.85805640641060509921 5.48286406437298090566 -0.80032106025772287161 = 2709.09350556457866332494 @ 398993 68199 1
4.85805644148359938583 5.48286405237566487614 -0.80032086098198784718 = 2709.09350556375648011453 @ 398378 68031 1
4.85805644146842841025 5.48286405237566487614 -0.80032086098198784718 = 2709.09350556375557061983 @ 397720 67851 1
-1.42512798057968548271 -7.08350617887225020297 -0.80032130182593907985 = 2709.09350556307026636205 @ 398037 67938 1
-1.42512790377516052054 5.48286433682987706106 -0.80032122848055387010 = 2709.09350556245453844895 @ 396470 67510 1
-1.42512790377516052054 5.48286433680348128661 -0.80032122848055387010 = 2709.09350556245453844895 @ 397342 67748 1
-1.42512790366282837695 5.48286433682987706106 -0.80032122848055387010 = 2709.09350556245044572279 @ 397423 67770 1
-7.70831316160817259231 -7.08350635314289522881 5.48286412511956111615 = 2709.09350556138269894291 @ 399596 68362 1
-7.70831316160817259231 -7.08350635314289522881 5.48286412511956111615 = 2709.09350556138269894291 @ 399784 68414 1
-7.70831316270264288448 -7.08350635314289522881 5.48286411685653973791 = 2709.09350556137997045880 @ 399514 68340 1
-7.70831316270263311452 -7.08350635314289522881 5.48286411685653973791 = 2709.09350556137906096410 @ 399081 68222 1
-7.08350659706542007399 -7.70831379991942799990 5.48286361114683629125 = 2709.09350556016443078988 @ 397776 67866 1
-7.08350634477376672749 -7.08350578395807417564 -7.70831365440271110145 = 2709.09350556000663345912 @ 395155 67150 1
-7.70831310541021608174 -7.08350636756672802363 5.48286408538459379969 = 2709.09350555887931477628 @ 392373 66386 1
-7.70831375602243973333 5.48286421174456073402 -7.08350706693799381242 = 2709.09350555887795053422 @ 397318 67741 1
5.48286416200566950607 4.85805623526171270754 -0.80032116901070149417 = 2709.09350555860510212369 @ 398241 67993 1
5.48286416203857562834 4.85805623526171270754 -0.80032116901070149417 = 2709.09350555860464737634 @ 395562 67261 1
5.48286416207509041953 4.85805623464527158717 -0.80032116288333132736 = 2709.09350555860464737634 @ 396530 67527 1
-1.42512904854806166099 -0.80032110160724234671 -0.80032141896804653847 = 2709.09350555656692449702 @ 397250 67723 1
-0.80032181980309946567 -0.80032094304700374110 -7.70831372664170544340 = 2709.09350555544051530887 @ 397064 67672 1
5.48286426629125855925 -7.08350608323656150134 -1.42512778679631835210 = 2709.09350555542278016219 @ 395584 67267 1
5.48286415940887472686 4.85805615877261320890 -0.80032117258556911832 = 2709.09350555505579905002 @ 398191 67979 1
-0.80032033481551434484 -0.80032094320192304071 -7.70831372958123051120 = 2709.09350555323862863588 @ 398481 68059 1
-1.42512877941443005803 5.48286350031592473186 5.48286421004487589670 = 2709.09350555266109950026 @ 398979 68195 1
-0.80032030872890091988 -7.70831365157370207442 5.48286422375257043171 = 2709.09350555248329328606 @ 396839 67611 1
-0.80032165724769555037 -1.42512902364359494989 -0.80032089603740219630 = 2709.09350554956427004072 @ 397844 67885 1
-0.80032165724769555037 -1.42512902364359494989 -0.80032089603741951578 = 2709.09350554956427004072 @ 399498 68336 1
-7.70831338200560001184 -7.08350572342214679367 -0.80032063718817714193 = 2709.09350554671027566656 @ 399408 68311 1
-7.70831338200560001184 -7.08350572342253936853 -0.80032063719016166559 = 2709.09350554670982091920 @ 398440 68047 1
-7.70831338200560001184 -7.08350572342253936853 -0.80032063718817714193 = 2709.09350554670982091920 @ 398905 68174 1
-7.70831338200560001184 -7.08350572342263085091 -0.80032063718817714193 = 2709.09350554670982091920 @ 399388 68306 1
-7.70831338470138405228 -7.08350572034912762120 -0.80032063420605781268 = 2709.09350554655111409375 @ 395552 67259 1
-7.70831349305298907382 -7.08350550415038959784 -0.80032111694336971475 = 2709.09350554466072935611 @ 396665 67564 1
-0.80032108016560621344 -7.08350546649210066619 -1.42512842853945165267 = 2709.09350554441607528133 @ 395471 67236 1
4.85805691087623348068 -0.80032117731886265322 5.48286325938564989002 = 2709.09350554383172493544 @ 397187 67705 1
4.85805691087623348068 -0.80032117756050891177 5.48286325920896278063 = 2709.09350554381990150432 @ 394615 67002 1
-1.42512919135683868710 -0.80032130876871965253 -7.08350696330851548055 = 2709.09350554184993598028 @ 396190 67434 1
-7.08350637697148410865 5.48286424308912412329 -1.42512745673618779207 = 2709.09350554083539464045 @ 398383 68032 1
-7.08350637697225948841 5.48286424312055853392 -1.42512745673618779207 = 2709.09350554083539464045 @ 398543 68076 1
-0.80032021223397675769 -0.80032091024772378240 -1.42512801450130033309 = 2709.09350554058164561866 @ 395895 67353 1
-0.80032150547991276479 -7.08350561321395844061 -7.70831419272139406473 = 2709.09350554026605095714 @ 397010 67657 1
-7.08350641991728036118 5.48286389966938347840 4.85805591554835114465 = 2709.09350553842068620725 @ 399201 68255 1
-7.08350666614455448666 5.48286418468190106523 -1.42512745023987186244 = 2709.09350553832155128475 @ 394439 66954 1
-7.08350641991728036118 5.48286389966938347840 4.85805589969644735504 = 2709.09350553738113376312 @ 399233 68264 1
-7.08350641991741447612 5.48286389966938347840 4.85805589969639672887 = 2709.09350553738113376312 @ 399260 68271 1
-7.08350641991728124935 5.48286389966938347840 4.85805589969644735504 = 2709.09350553738113376312 @ 399436 68319 1
-7.08350641991728036118 5.48286389966938347840 4.85805589969639672887 = 2709.09350553738067901577 @ 396136 67419 1
-0.80032109662027162145 -7.70831365951842073514 5.48286315167892013278 = 2709.09350553694548580097 @ 392397 66392 1
-1.42512947879818097086 5.48286418192676983097 -0.80032105803061448501 = 2709.09350553543617934338 @ 398132 67963 1
-0.80032150948459646056 4.85805675326875618936 -0.80032211796542418458 = 2709.09350553373860748252 @ 397313 67740 1
-7.70831326687930040720 -0.80032109714924093424 -0.80032211938135910945 = 2709.09350553211697842926 @ 396282 67459 1
-0.80032221104480461005 -7.08350641656059032414 -7.70831437126442153840 = 2709.09350551961506425869 @ 399274 68275 1
-7.08350536857566481785 -0.80032116414246456948 4.85805787775021435948 = 2709.09350550434419346857 @ 398810 68148 1
-7.08350536857566481785 -0.80032116414246456948 4.85805787775227138070 = 2709.09350550434237447917 @ 394476 66964 1
-0.80032071211930644328 -0.80032234198017360161 4.85805754640398657074 = 2709.09350550350745834294 @ 398869 68164 1
5.48286255337483385830 -7.08350641978011186239 4.85805717391658209436 = 2709.09350548224165322608 @ 399094 68226 1
5.48286464184596944449 4.85805636446556299290 -7.08350797161492096166 = 2709.09350547939175157808 @ 397524 67798 1
5.48286464184596944449 4.85805636445318000938 -7.08350797161492096166 = 2709.09350547939038733603 @ 398154 67969 1
5.48286427620393101989 -7.08350609858770408067 -1.42513011680609080756 = 2709.09350547320718760602 @ 398182 67977 1
-7.70831545470336099157 -7.08350641171888106840 -7.08350636484032225582 = 2709.09350547282610932598 @ 392283 66361 1
4.85805516119096836292 -7.08350642609744785005 -0.80032166499605372767 = 2709.09350546283621952171 @ 399692 68389 1
4.85805516119096836292 -7.08350642609744785005 -0.80032166499609491694 = 2709.09350546283576477435 @ 398809 68148 1
4.85805516119112112960 -7.08350642609744785005 -0.80032166499606327559 = 2709.09350546283576477435 @ 399176 68248 1
4.85805516118261238034 -7.08350642609744785005 -0.80032166499606327559 = 2709.09350546283485527965 @ 397985 67923 1
5.48286390819178404143 -7.08350443906799309701 -7.70831372890822130728 = 2709.09350544572589569725 @ 396334 67473 1
-7.08350634857905347985 -1.42512872449016403387 -7.08350441328966429211 = 2709.09350544223025281099 @ 398140 67965 1
-0.80032085203583913646 -1.42512885202886852021 -0.80031888802826312013 = 2709.09350540784589611576 @ 396934 67637 1
-7.08350633175192800906 -1.42512836407197962529 -0.80032361133712959234 = 2709.09350537038108086563 @ 398963 68190 1
-7.08350633175192800906 -1.42512836407197962529 -0.80032361133773755046 = 2709.09350537038062611828 @ 397591 67816 1
4.85805514579456776403 -7.08350638643990926369 -0.80032303751173372586 = 2709.09350535096018575132 @ 399009 68203 1
5.48286413446707054931 -0.80031846152237251513 4.85805723349326168403 = 2709.09350534513760067057 @ 397598 67818 1
-0.80032286359285520483 4.85805479940248652326 -0.80032112391164900167 = 2709.09350532693133573048 @ 393992 66831 1
4.85805546306437641135 -7.08350614241443921060 -0.80031873436324518778 = 2709.09350532330608984921 @ 398959 68189 1
4.85805546755147155125 -7.08350613957846597657 -0.80031871891272476915 = 2709.09350532133248634636 @ 394672 67018 1
-0.80032294243618262719 4.85805480710768744501 -0.80032112217803252907 = 2709.09350531890322599793 @ 397556 67806 1
-7.08350641715199902393 5.48286697597426631035 -1.42512902464169166628 = 2709.09350531493601010880 @ 395810 67329 1
-0.80032108385990341493 5.48286707581979548820 -1.42512844597957477610 = 2709.09350530889514629962 @ 398738 68129 1
-7.08350327418089342757 -1.42512846428715889147 -0.80032096943710118175 = 2709.09350525744548576768 @ 399792 68417 1
4.85805369367540240688 -7.08350658298507696031 -7.08350641049932150395 = 2709.09350522878912670421 @ 398405 68038 1
4.85805733922117344292 5.48286751332388178071 5.48286420717194999952 = 2709.09350521512487830478 @ 396078 67403 1
-1.42512870273398872811 -0.80032083524999542146 5.48286794945237510035 = 2709.09350511892307622475 @ 398076 67948 1
5.48286068621826228053 -7.70831362843945644414 -7.08350474790094253308 = 2709.09350508677152902237 @ 396924 67634 1
-7.70831749564442958444 -7.08350630755200771915 -0.80032039694116918760 = 2709.09350507855833711801 @ 399120 68233 1
4.85805261382303843476 -0.80032110040377879567 -0.80032084437782513575 = 2709.09350495563785443665 @ 397157 67697 1
-1.42512865218569917403 -7.08350159667996326363 -7.08350589825140097844 = 2709.09350482076661137398 @ 397080 67676 1
-7.70831353657439155569 -0.80031500809524980244 -7.08350641366906685903 = 2709.09350438150931950076 @ 398973 68193 1
4.85805654646978357647 -0.80032119866846096468 5.48285720799790521340 = 2709.09350399841196121997 @ 399682 68386 1
-7.08349921649433245108 4.85805739609450615291 5.48286420299456800365 = 2709.09350390586405410431 @ 399429 68317 1
-0.80032232022767502144 -7.08350637732804688795 4.85804907396712160050 = 2709.09350346530163733405 @ 398239 67992 1
-7.70831938946524886092 -7.08350514754891147362 5.48285861748608649435 = 2709.09350343945015993086 @ 397788 67870 1
5.48286367955635256521 -1.42511995457425078015 5.48286408798695124034 = 2709.09350313549612110364 @ 398178 67976 1
5.48285238022684495718 -0.80032110943436030048 4.85805705298214629551 = 2709.09350108767557685496 @ 393624 66731 1
5.48285238022684495718 -0.80032112067485272622 4.85805705298214629551 = 2709.09350108766511766589 @ 399608 68366 1
-1.42514034249974930191 -7.08350617820485428666 -0.80032131185079324887 = 2709.09350076996315692668 @ 392983 66556 1
-0.80032140805510887382 -0.80032041106203899439 -1.42511465892301170122 = 2709.09349914359881950077 @ 397894 67899 1
-7.08350640444500800896 5.48286419534284430455 -7.70833032822686714525 = 2709.09349626335961147561 @ 398688 68115 1
-0.80032121269942024799 4.85805355019312745668 5.48288519069889090929 = 2709.09349108082733437186 @ 397676 67839 1
-0.80034810093905017769 -1.42512825091654327103 5.48286393424297369137 = 2709.09348219662524570595 @ 397950 67914 1
-0.80032042488399557367 -7.08346576740239530778 4.85805772216557851806 = 2709.09345258293433289509 @ 396037 67391 1
5.48290244253515268724 -1.42512720140034288008 -0.80030579122735512332 = 2709.09345113689641948440 @ 398692 68116 1
-0.80024481038311656711 -1.42512775093236343515 -0.80032104131004877523 = 2709.09331896340290768421 @ 399397 68308 1
-7.08350662804345354573 -1.42530058360903466586 -0.80032158429333222216 = 2709.09250346758926752955 @ 398672 68111 1
-1.42458722504545676202 -0.80032050767254891976 5.48286384177138153007 = 2709.08359991323914073291 @ 397404 67765 1
-7.70831521455311019508 -7.08294132338052850884 5.48285960332740174294 = 2709.08326819835656351643 @ 399546 68349 1
-0.80032002859426354391 -1.42512681602080704124 5.47763810700448150470 = 2708.21727496684206926147 @ 394125 66868 1
-7.70831361760272937289 -1.42512826389890112644 -1.42512825628587536109 = 2132.18694656787738495041 @ 398316 68013 1
-7.70831361760272937289 -1.42512826389890112644 -1.42512825628587536109 = 2132.18694656787738495041 @ 399763 68409 1
-7.70831361760328448440 -1.42512826376113799220 -1.42512825628587536109 = 2132.18694656787602070835 @ 397234 67718 1
-7.70831361760326672083 -1.42512826376113799220 -1.42512825628587536109 = 2132.18694656787602070835 @ 399554 68351 1
-7.70831339306215301832 -1.42512810638735465396 -1.42512825677605459163 = 2132.18694656309162382968 @ 397735 67855 1
-7.70831279124475177156 4.85805715171206475844 -7.70831452815275497414 = 2132.18694652732347094570 @ 397857 67889 1
-7.70831279124475177156 4.85805715171206475844 -7.70831452815627837793 = 2132.18694652732347094570 @ 398121 67960 1
-7.70831279101691002609 4.85805715320653508371 -7.70831452952573670245 = 2132.18694652723206672817 @ 396697 67572 1
4.85805563767948900278 -1.42512830922297673020 4.85805608805318644983 = 2132.18694651173609599937 @ 396716 67577 1
4.85805563762867187450 -1.42512830922297673020 4.85805608806232847030 = 2132.18694651173245802056 @ 398454 68051 1
-7.70831293755449564742 4.85805561789474271706 -7.70831317770301005510 = 2132.18694650221459596651 @ 399398 68308 1
-7.70831293755459601158 4.85805561789474271706 -7.70831317770296209346 = 2132.18694650221368647180 @ 397831 67881 1
-1.42513113745677522104 4.85806086062116015967 4.85646317101204605393 = 2132.11938459328302997164 @ 399510 68339 1
-1.42513113745677522104 4.85806086062114772517 4.85646317101204605393 = 2132.11938459328212047694 @ 399550 68350 1
-1.42513113768804178250 4.85806086085867683266 4.85646317101204605393 = 2132.11938459319753746968 @ 397843 67885 1
-1.42513112161757682372 4.85806086085867683266 4.85644038104080788543 = 2132.11743901991121674655 @ 397832 67882 1
-1.42513110905530715478 4.85806028061903294457 4.85637754189517334424 = 2132.11193158595142449485 @ 398412 68040 1
-7.70273524080136962056 4.85805697550297299614 4.85631255154011931552 = 2131.27653075193620679784 @ 399601 68364 1
-7.70273524080136962056 4.85805697550297299614 4.85631254493466535394 = 2131.27653013939470838523 @ 396006 67383 1
-7.70273524080136962056 4.85805697550297299614 4.85631254488679520165 = 2131.27653013495637424057 @ 398217 67987 1
-7.70273524080136962056 4.85805697550297299614 4.85631254488598695929 = 2131.27653013488088618033 @ 398576 68085 1
4.85805682640892388946 -1.42512891991803636316 -7.76816437762981060189 = 2039.38057488484651003091 @ 398491 68061 1
4.85805682640892388946 -1.42512891994682577845 -7.76816437763994649401 = 2039.38057485397416712658 @ 398329 68017 1
4.85805682640892388946 -1.42512471209569113739 -7.76816437776026447182 = 2039.38057414209561102325 @ 398799 68145 1
4.85805682640892388946 -1.42512891991803636316 -7.76816465577018089306 = 2039.37972765593849544530 @ 397558 67807 1
-1.42512843104721498300 -1.42510501089470076330 -7.76936950327042641362 = 2035.67509782715956134780 @ 399258 68270 1
-1.42512843104721498300 -1.42510501089470076330 -7.76936950327042641362 = 2035.67509782715956134780 @ 399899 68446 1
-1.42512876654408593424 -1.42510501092191255168 -7.76936950329146025496 = 2035.67509775901044122293 @ 398197 67981 1
-1.42512843198918437437 -1.42510500568558184931 -7.76936955793935268844 = 2035.67492815964624242042 @ 398997 68200 1
-1.42512845804801990823 -1.42510664455383140314 -7.76939140559164886923 = 2035.60711595701559417648 @ 397577 67812 1
-7.70279719487751179940 -7.80867051624346686367 4.85660122879031419529 = 1877.72857486351495026611 @ 399240 68266 1
-7.70279719487751179940 -7.80867051624346686367 4.85660122879031419529 = 1877.72857486351495026611 @ 399838 68429 1
-7.70283434991270876679 -7.80868417241952350594 4.85654731910209314094 = 1877.66816543627101054881 @ 399587 68360 1
-7.70283434991270343772 -7.80868417241952350594 4.85654731910212955626 = 1877.66816543627055580146 @ 397691 67843 1
-7.70831350161797246301 -7.80926503268169458494 -7.70831588453614635625 = 1875.59970059951979237667 @ 399381 68304 1
-7.70831350161797246301 -7.80926503268169458494 -7.70831588453613036904 = 1875.59970059951911025564 @ 399526 68343 1
-7.70831350161797246301 -7.80926503268177363282 -7.70831597027536385980 = 1875.59970059033480538346 @ 397859 67889 1
-7.70831350161797246301 -7.80926503268177363282 -7.70831597027540649236 = 1875.59970059033480538346 @ 399055 68215 1
5.48286483434239269030 -6.47036800334677142388 -0.80030351408230970822 = 1791.00969545774341895594 @ 399528 68344 1
5.48286483434239269030 -6.47036800334677142388 -0.80030351408230970822 = 1791.00969545774341895594 @ 399988 68470 1
5.48286483436063054597 -6.47036800334557238301 -0.80030241822456182899 = 1791.00969461479394340131 @ 399309 68284 1
5.48286483436075577913 -6.47036800334871298190 -0.80029851938986817927 = 1791.00969120633953934885 @ 398359 68025 1
5.48286504386445550097 -6.47035665735048581837 -0.80029859273417958132 = 1791.00460127426345025015 @ 398834 68155 1
5.48286670668394293671 -6.46836765676311298279 -7.08350656064771744269 = 1790.00451433644980170357 @ 398047 67940 1
5.48286670668394293671 -6.46836765676311298279 -7.08350656064771744269 = 1790.00451433644980170357 @ 399908 68449 1
5.48286670669087339292 -6.46836765676311298279 -7.08350656064771744269 = 1790.00451433644911958254 @ 399212 68258 1
5.48286670649480711859 -6.46836765676311298279 -7.08350623798815259846 = 1790.00451433635566900193 @ 397427 67771 1
5.48286419799291913080 -0.11756465230129334310 -0.80038347661687647694 = 1635.50293044239310802368 @ 397460 67780 1
5.48285839426343279968 -0.11748273180055278375 5.48286444108336823433 = 1635.18376773249929101439 @ 393461 66686 1
