0.49999999972926700842 0.37500000074736078437 = -2.00000000000000177636 @ 196139 35792 1
0.83333333467512171744 0.62499999877734646603 = -2.00000000000000710543 @ 197848 36237 1
0.83333333467639680858 0.62499999877734646603 = -2.00000000000000710543 @ 198766 36475 1
0.49999999573188758095 0.37499999904356057234 = -2.00000000000003197442 @ 192839 34930 1
0.49999999573188758095 0.37499999890648993972 = -2.00000000000003197442 @ 197294 36093 1
0.83333332962507922215 0.12499999672667813644 = -2.00000000000005151435 @ 197926 36257 1
0.83333333010555299403 0.12499999660221920716 = -2.00000000000005151435 @ 197931 36258 1
0.83333333010555299403 0.12499999651616033880 = -2.00000000000005329071 @ 196552 35899 1
0.83333333752891836088 0.62500000313202808133 = -2.00000000000005684342 @ 194766 35432 1
0.83333332927404946133 0.12499999651616033880 = -2.00000000000006217249 @ 194942 35478 1
0.50000000648416753624 0.87499999978689779745 = -2.00000000000006750156 @ 196216 35812 1
0.16666666644955116516 0.87500000492579010913 = -2.00000000000006927792 @ 198060 36292 1
0.16666666644471628267 0.87500000492579010913 = -2.00000000000006927792 @ 198652 36446 1
0.83333332738626586522 0.87499999781361170736 = -2.00000000000007105427 @ 197301 36094 1
0.83333332736761500659 0.87499999781361170736 = -2.00000000000007105427 @ 198007 36278 1
0.83333334520339430451 0.87499999788973825687 = -2.00000000000023803182 @ 197494 36145 1
0.83333334622428090199 0.87499999606388823015 = -2.00000000000031086245 @ 196064 35772 1
0.16666665763762603114 0.87500000973851799202 = -2.00000000000039968029 @ 196350 35847 1
0.49999999984182752488 0.12499998727712297031 = -2.00000000000046007642 @ 197267 36086 1
0.49999999983766063583 0.12499998727712297031 = -2.00000000000046007642 @ 198747 36471 1
0.49999999987473553453 0.12499998687206764769 = -2.00000000000049027449 @ 197292 36092 1
0.50000003127643899425 0.87499999951917617480 = -2.00000000000156497038 @ 197191 36066 1
0.50000003127643899425 0.87499999950075835198 = -2.00000000000156497038 @ 198416 36385 1
0.16666666388283560285 0.12499997535545473437 = -2.00000000000173905335 @ 197656 36187 1
0.16666666388645742791 0.12499997535545473437 = -2.00000000000173905335 @ 198927 36517 1
0.16666666388645742791 0.12499997535545473437 = -2.00000000000173905335 @ 199895 36771 1
0.16666666388283560285 0.12499997511792085292 = -2.00000000000177280413 @ 195956 35744 1
0.50000003462890552086 0.37499999963314806228 = -2.00000000000191668903 @ 198938 36520 1
0.49999999741746331550 0.62500002717106240002 = -2.00000000000210853557 @ 197982 36272 1
0.49999999559021457429 0.62500002739399185270 = -2.00000000000216360263 @ 198207 36330 1
0.49999999559021457429 0.62500002739357363168 = -2.00000000000216360263 @ 199169 36581 1
0.50000003163646766779 0.87500001477392885807 = -2.00000000000222044605 @ 196881 35985 1
0.16666666387157896834 0.12499997201244542055 = -2.00000000000223820962 @ 198138 36312 1
0.16666664838506445312 0.12499997332478061940 = -2.00000000000255617749 @ 196258 35823 1
0.83333332184072139714 0.37499997085452885237 = -2.00000000000262545541 @ 199387 36637 1
0.49999998516162547091 0.62500002865589732171 = -2.00000000000268585154 @ 196865 35981 1
0.83333335503119565502 0.37500002673368332262 = -2.00000000000278532752 @ 199566 36683 1
0.83333335728119439789 0.37500002673461257929 = -2.00000000000294875235 @ 197918 36255 1
0.83333335472481417927 0.37499997085393682594 = -2.00000000000314770432 @ 198813 36488 1
0.16666667234712861934 0.37500003986234903275 = -2.00000000000456701343 @ 198134 36311 1
0.16666667234712861934 0.37500003986234925479 = -2.00000000000456701343 @ 199576 36686 1
0.16666667234712861934 0.37500003986234864417 = -2.00000000000456701343 @ 199684 36716 1
0.16666667234713075652 0.37500003986234925479 = -2.00000000000456701343 @ 199702 36721 1
0.16666667234712853607 0.37500003986234864417 = -2.00000000000456701343 @ 199871 36764 1
0.83333335543931152944 0.37499995984166573093 = -2.00000000000536637401 @ 197493 36145 1
0.83333335543931152944 0.37499995984149797623 = -2.00000000000536637401 @ 199135 36572 1
0.16666671608733285570 0.62499997348154412435 = -2.00000000000590283378 @ 199284 36610 1
0.49999993884623522566 0.12499998656019634113 = -2.00000000000649258425 @ 197788 36221 1
0.49999994331825758920 0.62499997485616387571 = -2.00000000000693312074 @ 195237 35555 1
0.16666671608733285570 0.62499993735832726216 = -2.00000000001505817693 @ 198108 36304 1
0.16666671608733285570 0.62499993735832648500 = -2.00000000001505817693 @ 199642 36704 1
0.16666671608733285570 0.62499993735832726216 = -2.00000000001505817693 @ 199932 36780 1
0.83333333853343205533 0.87499992655133285169 = -2.00000000001537614480 @ 197849 36237 1
0.16666671705297581019 0.62499993273848397646 = -2.00000000001691802254 @ 197006 36018 1
0.83333345603553143910 0.62499999975513931272 = -2.00000000002407318789 @ 198588 36429 1
0.83333345604455943967 0.62499999978685427671 = -2.00000000002407496424 @ 191832 34666 1
0.16666684551791030588 0.62500003209401955306 = -2.00000000005407230219 @ 199926 36778 1
0.49999975395486084828 0.37500000965020324761 = -2.00000000009705836135 @ 198620 36438 1
0.83333338947553869946 0.12500018144014352073 = -2.00000000009861444994 @ 198928 36518 1
0.16666677541427377118 0.87499982843363133256 = -2.00000000010257394933 @ 195676 35670 1
0.50000000270276345748 0.37500020183438853572 = -2.00000000011580603143 @ 197150 36055 1
0.49999986378266458864 0.62499981472919718950 = -2.00000000012723511134 @ 196831 35972 1
0.49999972017240373878 0.12499990932970575508 = -2.00000000014856560426 @ 196914 35994 1
0.83333365019234451054 0.37500000382997378257 = -2.00000000016056844743 @ 197707 36200 1
0.16666702443122027866 0.87500008205454760102 = -2.00000000022378721098 @ 198338 36364 1
0.16666702917061224087 0.87500008227840053721 = -2.00000000022935076061 @ 198268 36346 1
0.16666704813455421319 0.12500000942562941586 = -2.00000000023291768514 @ 198629 36440 1
0.83333291402845821594 0.37499997085393682594 = -2.00000000028352431514 @ 198906 36512 1
0.83333280964229716758 0.12500000138388572823 = -2.00000000043850079123 @ 198499 36406 1
0.83333280964229716758 0.12500000138354896984 = -2.00000000043850079123 @ 198900 36510 1
0.50000003876172405270 0.62500044576648738914 = -2.00000000056721738417 @ 198159 36318 1
0.83333332810423554893 0.62499953358278903526 = -2.00000000061840488286 @ 198146 36314 1
0.83333332810421612002 0.62499953358278903526 = -2.00000000061840488286 @ 199698 36720 1
0.49999942583176409938 0.87500024528460729201 = -2.00000000069811356695 @ 198970 36529 1
0.49999942583179196598 0.87500024528460729201 = -2.00000000069811356695 @ 199168 36580 1
0.49999942582318451789 0.87500024528460729201 = -2.00000000069812955417 @ 198477 36401 1
0.49999942010297210304 0.62500028096979309833 = -2.00000000076206596589 @ 198200 36328 1
0.50000001710170305369 0.87499943468519547629 = -2.00000000090885876602 @ 197179 36063 1
0.83333257328305931910 0.62500002503576168600 = -2.00000000092541441177 @ 198081 36297 1
0.83333257328305931910 0.62500002518093067394 = -2.00000000092543572805 @ 196656 35927 1
0.16666681484681000747 0.87500061865426703722 = -2.00000000112300391208 @ 197647 36185 1
0.49999914817976476300 0.12499998813389956442 = -2.00000000116054188481 @ 197762 36214 1
0.49999914815375234856 0.12499998813512001872 = -2.00000000116061116273 @ 198799 36484 1
0.16666664830529759334 0.87499935323124689024 = -2.00000000118956045014 @ 192182 34759 1
0.83333430729029045470 0.37500005589814172646 = -2.00000000152556189903 @ 198444 36392 1
0.50000093639931342260 0.87499978205450379409 = -2.00000000153698209715 @ 199076 36556 1
0.16666557608702867177 0.37499975843728955427 = -2.00000000206750883081 @ 198183 36324 1
0.16666557608702867177 0.37499975837449006644 = -2.00000000206759587229 @ 194275 35304 1
0.16666557608702867177 0.37499975837266080747 = -2.00000000206759764865 @ 198859 36500 1
0.83333333282449417734 0.62500093582433380313 = -2.00000000248932074953 @ 199600 36693 1
0.50000127119194048841 0.37500001569366314680 = -2.00000000258437005130 @ 198509 36409 1
0.50000127119194048841 0.37500001571664182132 = -2.00000000258437182765 @ 198555 36421 1
0.16666794300343973356 0.12499996297584139993 = -2.00000000260852317524 @ 198300 36354 1
0.50000129038165808115 0.37499998578446469555 = -2.00000000266283883832 @ 198522 36412 1
0.50000131027945537987 0.62500020505650577540 = -2.00000000286452106479 @ 199194 36587 1
0.83333462747873088272 0.62499971796107822719 = -2.00000000290392243585 @ 198365 36371 1
0.83333462747873088272 0.62499971795317432743 = -2.00000000290393487035 @ 198559 36422 1
0.16666801355442462107 0.37500004028460992567 = -2.00000000290514456935 @ 199202 36589 1
0.49999867035330225473 0.37499977235570741696 = -2.00000000297404945115 @ 196978 36010 1
0.49999867034585132597 0.37499977235570741696 = -2.00000000297408142558 @ 198131 36310 1
0.16666663360033007191 0.12499883781802886840 = -2.00000000384094533956 @ 199470 36658 1
0.83333485864619105676 0.62499971793373854112 = -2.00000000394606125553 @ 194113 35262 1
0.83333485332624412933 0.12500031459536881107 = -2.00000000397532673446 @ 198232 36337 1
0.83333485334146739643 0.12500031459536881107 = -2.00000000397539956509 @ 194768 35433 1
0.83333481883441717919 0.87500044465883031197 = -2.00000000409027300918 @ 199281 36609 1
0.83333481883441840044 0.87500044465883031197 = -2.00000000409027300918 @ 199525 36673 1
0.83333481922517238516 0.87500044426708978307 = -2.00000000409113987132 @ 199153 36576 1
0.83333481936239872656 0.87500044427900103283 = -2.00000000409182376870 @ 197537 36156 1
0.16666505592325772667 0.12499996149087524988 = -2.00000000415248990748 @ 193170 35016 1
0.16666505592325772667 0.12499996149090711328 = -2.00000000415248990748 @ 199619 36698 1
0.50000003728618769294 0.87500121512103545829 = -2.00000000419914947258 @ 197989 36273 1
0.50000003728618769294 0.87500121512088169240 = -2.00000000419914947258 @ 199282 36610 1
0.83333323449172336250 0.87500121554903509402 = -2.00000000421550439000 @ 198975 36530 1
0.83333323446516738287 0.87500121554986065586 = -2.00000000421551682450 @ 198637 36442 1
0.16666503839179175328 0.62499994581196849364 = -2.00000000424741308791 @ 198011 36279 1
0.16666503839179175328 0.62499994581116058434 = -2.00000000424741308791 @ 199124 36569 1
0.49999907630566187144 0.62500117657384646197 = -2.00000000529905008761 @ 198198 36328 1
0.49999907638767832063 0.62500117662851062406 = -2.00000000529917443259 @ 196835 35973 1
0.49999907632329865237 0.62500117662851062406 = -2.00000000529936450278 @ 198377 36375 1
0.49999956575231385703 0.37500135673944212655 = -2.00000000553371037881 @ 196746 35950 1
0.49999998516162547091 0.62499849028146481356 = -2.00000000647899689454 @ 198005 36277 1
0.49999795644116351578 0.12499998687206764769 = -2.00000000667760780004 @ 198964 36527 1
0.49999795644114775062 0.12499998687206764769 = -2.00000000667760780004 @ 199487 36663 1
0.16666671609731578685 0.62499846280544857358 = -2.00000000672051214679 @ 197648 36185 1
0.83333313920688134591 0.12499841522652133108 = -2.00000000719907689017 @ 199177 36583 1
0.83333313882128356997 0.12499841329647165544 = -2.00000000721671611359 @ 196204 35808 1
0.50000220301252440436 0.12500019258768943486 = -2.00000000786519294138 @ 198445 36392 1
0.50000220312505838649 0.12500019258683101042 = -2.00000000786598519653 @ 198960 36526 1
0.83333105375598826026 0.37499999695007418810 = -2.00000000830854141043 @ 197228 36075 1
0.16666435628215853226 0.37500003265287962240 = -2.00000000853763282294 @ 198864 36501 1
0.16666624093073670321 0.87500172830651889999 = -2.00000000878030803619 @ 198313 36358 1
0.16666624093016535468 0.87500172830651889999 = -2.00000000878030803619 @ 198542 36417 1
0.16666893596187509763 0.87500061576156751286 = -2.00000000931148136374 @ 198147 36315 1
0.16666893596964099666 0.87500061576156751286 = -2.00000000931153820716 @ 198401 36381 1
0.16666893596547696643 0.87500061601675682699 = -2.00000000931240151658 @ 198431 36389 1
0.16666894342468913104 0.87500061604240420010 = -2.00000000936670829788 @ 197826 36231 1
0.83333604611781419980 0.37499994158822208545 = -2.00000001177614628034 @ 197729 36206 1
0.83333604611781419980 0.37499994158822214096 = -2.00000001177614628034 @ 199781 36741 1
0.83333548204808882698 0.87499838860480139147 = -2.00000001476265154565 @ 198789 36481 1
0.49999773721309070940 0.62499845542194965020 = -2.00000001496785628774 @ 199154 36577 1
0.83333548172133087295 0.87499833708449270553 = -2.00000001523990711405 @ 197387 36117 1
0.83333548197402584901 0.87499833708449270553 = -2.00000001524164261468 @ 195252 35559 1
0.49999801034779844944 0.87499816171642696983 = -2.00000001593493514918 @ 195858 35718 1
0.16666348859732291188 0.12499996522291946521 = -2.00000001615228484297 @ 199920 36777 1
0.50000007928325551632 0.62500238320299983386 = -2.00000001615416778122 @ 198103 36303 1
0.83333656021334323594 0.12499999182675949894 = -2.00000001664889204278 @ 196363 35850 1
0.49999677535404363216 0.37499982690408834030 = -2.00000001671082294763 @ 198435 36390 1
0.49999991137410887410 0.12499754581890819283 = -2.00000001713262598457 @ 196984 36012 1
0.50000156794758277012 0.37500216596416374726 = -2.00000001726582610218 @ 191459 34569 1
0.16666657452591882027 0.62500252946927614683 = -2.00000001820015427256 @ 199603 36694 1
0.83333330948447958963 0.37500255531127046904 = -2.00000001856098919006 @ 196998 36016 1
0.83333330860822596442 0.37500255531127046904 = -2.00000001856105669162 @ 197441 36131 1
0.16666324309542385196 0.62499970573690466491 = -2.00000001898629697905 @ 199141 36573 1
0.16666324308260849207 0.62499970573659102691 = -2.00000001898643908760 @ 197193 36066 1
0.49999763185313877978 0.37499806354115866602 = -2.00000001962549767143 @ 193263 35040 1
0.83332982275626776847 0.62499999470530209766 = -2.00000001970486884773 @ 198113 36306 1
0.83332982275551481521 0.62499999471753853175 = -2.00000001970487417680 @ 196019 35760 1
0.83332982175730319074 0.62499999519669513504 = -2.00000001971607055395 @ 197240 36079 1
0.16666309329703404840 0.87499999962643948415 = -2.00000002041599955760 @ 196659 35927 1
0.50000366450266608975 0.87500000651418785580 = -2.00000002147075228720 @ 197922 36256 1
0.50000366450266586771 0.87500000651418785580 = -2.00000002147075228720 @ 199761 36736 1
0.50000366451030042736 0.87500000365740970842 = -2.00000002147075939263 @ 198895 36509 1
0.16667008960237256199 0.62500113675646606914 = -2.00000002240626351124 @ 198569 36424 1
0.16667008960237256199 0.62500113675646606914 = -2.00000002240626351124 @ 199970 36789 1
0.16667008961039947446 0.62500113675336488317 = -2.00000002240633101280 @ 197174 36061 1
0.16667049270342851330 0.37500000091711260808 = -2.00000002340523863609 @ 198943 36522 1
0.16667049270342851330 0.37500000091599156038 = -2.00000002340523863609 @ 199030 36544 1
0.16666836426253864301 0.87499735385848786962 = -2.00000002451068503717 @ 199297 36614 1
0.16666664197337996423 0.12500304858645805428 = -2.00000002641832708150 @ 198617 36437 1
0.16666664197552205628 0.12500304858645805428 = -2.00000002641832708150 @ 198996 36535 1
0.16666664197337996423 0.12500304858685790110 = -2.00000002641833418693 @ 199314 36618 1
0.83332920962452017299 0.87499998134738798949 = -2.00000002718983438399 @ 198348 36367 1
0.83332920962452017299 0.87499998134912448933 = -2.00000002718983438399 @ 198394 36379 1
0.83332920608868166212 0.87499997597913503622 = -2.00000002723712988484 @ 196649 35925 1
0.83332919833430130208 0.12499980409626609834 = -2.00000002744701532720 @ 199460 36656 1
0.83332919833421281730 0.12499980409626609834 = -2.00000002744701710355 @ 198027 36283 1
0.83332917991015320602 0.12499980814732121470 = -2.00000002768670981368 @ 198601 36433 1
0.49999558985810305112 0.37499999664823774337 = -2.00000003109713198057 @ 194773 35434 1
0.16666864910370118857 0.12500306493966423238 = -2.00000003298519857253 @ 198708 36460 1
0.16667008886429759973 0.12499767383545749844 = -2.00000003410572801954 @ 199369 36632 1
0.49999903991433952699 0.62499659282271036176 = -2.00000003447133600787 @ 198383 36376 1
0.50000458871670316885 0.12499929575867119169 = -2.00000003507617130083 @ 199158 36578 1
0.50000458871715292020 0.12499929575867119169 = -2.00000003507617840626 @ 199019 36542 1
0.83332857101519530740 0.37500002795379561160 = -2.00000003626420408409 @ 199401 36641 1
0.83332856773490648905 0.37500002795379561160 = -2.00000003631417655470 @ 197065 36033 1
0.83333814398460182016 0.37500007472555735299 = -2.00000003701764228481 @ 199032 36545 1
0.49999563795110851805 0.12500203431548079225 = -2.00000004218585480942 @ 197032 36024 1
0.16667163977032176114 0.87500120517372859119 = -2.00000004367150729934 @ 199450 36653 1
0.16667163977032176114 0.87500120517371249296 = -2.00000004367150729934 @ 199721 36726 1
0.16667163977032176114 0.87500120517372859119 = -2.00000004367150729934 @ 199964 36788 1
0.16666126128181463217 0.62500004386720331429 = -2.00000004672172160269 @ 198810 36487 1
0.16666126127581384897 0.62500004386720331429 = -2.00000004672182640775 @ 197514 36150 1
0.16667059135824552341 0.37499710373960992715 = -2.00000004847117196505 @ 199046 36549 1
0.16667059135824552341 0.37499707520782804560 = -2.00000004894326011140 @ 197976 36270 1
0.83333328443131027274 0.12500415927842467578 = -2.00000004917699669704 @ 198335 36364 1
0.83333328443131027274 0.12500415927842467578 = -2.00000004917699669704 @ 199951 36785 1
0.83333363055305520462 0.12500416211082138185 = -2.00000004938140918398 @ 199110 36565 1
0.83333363055305520462 0.12500416211316267567 = -2.00000004938146602740 @ 199040 36547 1
0.16666649226854210464 0.37500427775345501757 = -2.00000005206304720673 @ 198724 36465 1
0.16666649210727180197 0.37500428094413501556 = -2.00000005214075748938 @ 198990 36534 1
0.83333814321313470774 0.37499729877000625988 = -2.00000005773022060396 @ 197731 36206 1
0.49999986386262706972 0.12500453805146091724 = -2.00000005856671414506 @ 198491 36404 1
0.49999986386262784688 0.12500453805146091724 = -2.00000005856671414506 @ 199579 36687 1
0.83333934476668269919 0.62499919812239834727 = -2.00000005960682258888 @ 198527 36414 1
0.50000001773308144770 0.62500458228928179594 = -2.00000005968440852655 @ 194220 35290 1
0.83333097491881658048 0.37500426062618735790 = -2.00000006049187817325 @ 196610 35915 1
0.83333097497705277412 0.37500426095544969751 = -2.00000006049941347896 @ 199113 36566 1
0.16667303091833116091 0.12499997614672528345 = -2.00000006476200731242 @ 198049 36289 1
0.16667303092929500186 0.12499997615008809349 = -2.00000006476222758067 @ 198349 36367 1
0.16667303092959059874 0.12499997615008809349 = -2.00000006476223468610 @ 199338 36624 1
0.16667305962433962008 0.12499995370077270074 = -2.00000006535200292035 @ 197703 36199 1
0.16666330295763384650 0.87499588807003270130 = -2.00000006615052861036 @ 199368 36632 1
0.49999405411914599195 0.37500216596416374726 = -2.00000006986091172223 @ 198151 36316 1
0.83333586900489764471 0.37500471947550689800 = -2.00000007359125753226 @ 199335 36624 1
0.83333586900496647853 0.37500471994853545876 = -2.00000007360395137823 @ 194662 35405 1
0.83332651770507037980 0.62500021476819767052 = -2.00000007440335281217 @ 199061 36552 1
0.83332651762848108934 0.62500021476819767052 = -2.00000007440502258760 @ 198357 36369 1
0.50000687419040801274 0.62500029449175786844 = -2.00000007580058358769 @ 198177 36322 1
0.50000687419040812376 0.62500029449175786844 = -2.00000007580058358769 @ 199783 36742 1
0.16666541195709477785 0.12499490760123119215 = -2.00000007622890940695 @ 198276 36348 1
0.50000596014410469969 0.37499729390925923278 = -2.00000007761240361503 @ 198586 36429 1
0.16666671703419952411 0.62499472853157456154 = -2.00000007899102527631 @ 197927 36257 1
0.16666671703169883001 0.62499472853157456154 = -2.00000007899102527631 @ 199018 36541 1
0.50000612884136119707 0.37499730106542278341 = -2.00000008076317215000 @ 199347 36627 1
0.50000612884018824644 0.37499729391672126377 = -2.00000008087297764803 @ 198788 36481 1
0.83333414637646696654 0.37499461652895171859 = -2.00000008343601187732 @ 199205 36590 1
0.83333416392884251955 0.37499461652895171859 = -2.00000008348213853537 @ 199171 36581 1
0.83333416395940884680 0.37499461028775027405 = -2.00000008367333848014 @ 198293 36353 1
0.83333416433207541107 0.37499460918644816898 = -2.00000008370807513813 @ 198585 36429 1
0.50000612832868251978 0.37499710127834895435 = -2.00000008393194406153 @ 199772 36739 1
0.50000721600633502018 0.37499941098486250235 = -2.00000008424081876512 @ 196586 35908 1
0.50000723961203585866 0.87499960243630303669 = -2.00000008424952468999 @ 198630 36440 1
0.16666688040080721023 0.87500544370223376500 = -2.00000008430578546381 @ 193380 35070 1
0.83333329251336163424 0.62499455341947807163 = -2.00000008432450648854 @ 198308 36357 1
0.83333329251336163424 0.62499455340665677205 = -2.00000008432490439247 @ 197730 36206 1
0.83333325889268039521 0.87500553829894633928 = -2.00000008719451294326 @ 198251 36342 1
0.49999767103332293239 0.87500537505295106211 = -2.00000009079410290269 @ 198866 36502 1
0.49999767103331971274 0.87500537505295106211 = -2.00000009079410290269 @ 199679 36715 1
0.49999737695309026675 0.87500532669418573661 = -2.00000009165149528201 @ 198660 36448 1
0.16667278406212623909 0.37500346359028491339 = -2.00000009393326116935 @ 197658 36188 1
0.50000675668321359346 0.37500287420792871584 = -2.00000009647476240104 @ 194894 35465 1
0.83334111497350749076 0.87499981907402712977 = -2.00000009691125590905 @ 199545 36678 1
0.83334111497350749076 0.87499981448765506986 = -2.00000009691603253259 @ 197571 36165 1
0.83332551213964412007 0.12500000531869073783 = -2.00000009780503162915 @ 197593 36171 1
0.83332551213964412007 0.12500000531866176101 = -2.00000009780503162915 @ 198433 36389 1
0.16666679102192397122 0.37499389454439296943 = -2.00000010598141564344 @ 198932 36519 1
0.16666679102192397122 0.37499389454374693065 = -2.00000010598143873608 @ 199562 36682 1
0.16666679104998216587 0.37499389454373294184 = -2.00000010598144939422 @ 198240 36339 1
0.16666679040499651765 0.37499389104123997951 = -2.00000010610279588263 @ 199513 36669 1
0.83333867609973655277 0.37500466801285742280 = -2.00000010757803536876 @ 196904 35991 1
0.83334133233153362408 0.12499835498312862614 = -2.00000010999431943048 @ 199409 36643 1
0.83334133233153362408 0.12499835498296892056 = -2.00000010999432120684 @ 199055 36551 1
0.83334133233123053319 0.12499835498121750210 = -2.00000010999433008863 @ 199224 36595 1
0.16665835045662708014 0.87499940037229484435 = -2.00000011159922763682 @ 198786 36481 1
0.16665835045662708014 0.87499940037229551049 = -2.00000011159922763682 @ 199557 36681 1
0.16665835045662708014 0.87499940037201506815 = -2.00000011159922941317 @ 198634 36441 1
0.16665822456483819769 0.12499997347666526315 = -2.00000011395242083267 @ 199199 36588 1
0.16665822456483819769 0.12499997346270884380 = -2.00000011395242260903 @ 199752 36734 1
0.16665822457149598312 0.12499996679785954634 = -2.00000011395337295994 @ 198651 36446 1
0.49999146100651076230 0.12499998632995888703 = -2.00000011658162435424 @ 199370 36633 1
0.49999146100411751004 0.12499998632995888703 = -2.00000011658169007944 @ 198991 36534 1
0.49999139054481217537 0.37499971219199768058 = -2.00000011874847771765 @ 196266 35825 1
0.49999158236042001713 0.62499853815687822500 = -2.00000011936526611578 @ 197437 36130 1
0.49999158215981959197 0.62499853749906397749 = -2.00000011937613386692 @ 195819 35708 1
0.49999158137246074718 0.62499843899770557432 = -2.00000012024386464304 @ 198460 36396 1
0.16665859211184963495 0.37499749655960984418 = -2.00000012205842558899 @ 199431 36648 1
0.16665859211167430298 0.37499749655960984418 = -2.00000012205842914170 @ 199054 36551 1
0.50000014364688971646 0.37500661778537358604 = -2.00000012451815400993 @ 199137 36572 1
0.83333842594407869786 0.87500565821420572821 = -2.00000013246835628422 @ 198165 36319 1
0.49999997803024215370 0.62499305379654801484 = -2.00000013714806179621 @ 197907 36252 1
0.16667004294762796657 0.62499348313433189528 = -2.00000013894339367937 @ 199031 36545 1
0.50000933120562462975 0.12500022762490459183 = -2.00000013936363707501 @ 193753 35168 1
0.50000893191539763638 0.37499722989551959040 = -2.00000014936835235346 @ 199001 36537 1
0.16666665202722549810 0.62500743810493286645 = -2.00000015725982294157 @ 197880 36245 1
0.16666665202745134522 0.62500743810493286645 = -2.00000015725982294157 @ 198640 36443 1
0.16667667178250206161 0.37500006809546143627 = -2.00000016006440439753 @ 199497 36665 1
0.16667667178250206161 0.37500006809546032605 = -2.00000016006440439753 @ 199501 36666 1
0.49999681074281654425 0.87499283273669337113 = -2.00000016227824239934 @ 199940 36782 1
0.83333330917142089955 0.62500761012134409267 = -2.00000016461820173674 @ 197669 36190 1
0.49999143597562445418 0.87500409629792808008 = -2.00000016496084676021 @ 197411 36123 1
0.49999143596687428692 0.87500409629792808008 = -2.00000016496108656838 @ 199002 36537 1
0.16666096862046073102 0.62499354138397711367 = -2.00000017048087386229 @ 198418 36385 1
0.16667691692365477207 0.87500130120904595632 = -2.00000017280299680067 @ 199345 36626 1
0.16667691692379046908 0.87500130120904595632 = -2.00000017280300035338 @ 198168 36320 1
0.83332270063102964475 0.87499998506790876984 = -2.00000018076052477056 @ 197160 36058 1
0.83332270062986790737 0.87499998506790876984 = -2.00000018076056385041 @ 199237 36598 1
0.16667736226756477147 0.62500003708929408042 = -2.00000018290872461080 @ 198421 36386 1
0.16667736227241675140 0.62500003705824125344 = -2.00000018290888448291 @ 198224 36335 1
0.83334424171069609866 0.37500039235134680071 = -2.00000019069212164879 @ 199421 36646 1
0.83334424171088183897 0.37500039235145582461 = -2.00000019069212697786 @ 198248 36341 1
0.83334424188362066221 0.37500039237742294196 = -2.00000019069821100004 @ 198004 36277 1
0.49999152813502506509 0.12500520519027938371 = -2.00000019176856369540 @ 198288 36351 1
0.49999152813502506509 0.12500520519933530639 = -2.00000019176883370164 @ 195660 35666 1
0.49999087006044301562 0.12499481775434716224 = -2.00000020961136826259 @ 198987 36533 1
0.16665833120825149227 0.87500595126252844747 = -2.00000021176209052953 @ 198974 36530 1
0.49998847234191839961 0.87499998733889505775 = -2.00000021247011794401 @ 195730 35684 1
0.16665800741728042933 0.12499345579207020440 = -2.00000024162033618325 @ 199134 36571 1
0.83334256864268452247 0.12500662782620627911 = -2.00000026123282736989 @ 198019 36281 1
0.83334256864268452247 0.12500682489595263402 = -2.00000026876850611757 @ 198355 36369 1
0.83334636436240883128 0.62500001093787349582 = -2.00000027150180947899 @ 197766 36215 1
0.50000660938817476087 0.62500859113343132378 = -2.00000027963936055642 @ 197689 36196 1
0.83333751394494048892 0.87499053706595630864 = -2.00000028247723449226 @ 199266 36606 1
0.83333751549679635495 0.87499053559290385085 = -2.00000028257723627689 @ 199112 36566 1
0.83332721600640347059 0.12500886918773873591 = -2.00000028342652313995 @ 199481 36661 1
0.83332721600640347059 0.12500886918773893020 = -2.00000028342652313995 @ 199821 36752 1
0.83332386286582205148 0.37500702138131131180 = -2.00000028353479741838 @ 196706 35940 1
0.83332386247605394480 0.37500702138131131180 = -2.00000028354660130958 @ 196969 36008 1
0.50001335139961933240 0.62499946181664400857 = -2.00000028583870381738 @ 197605 36174 1
0.50001335140771352439 0.62499946181664400857 = -2.00000028583904843060 @ 198657 36447 1
0.16665440925464139466 0.37500404832381656339 = -2.00000028680638664014 @ 198025 36283 1
0.83332850902718902386 0.87499053715305963319 = -2.00000029174029947399 @ 198767 36476 1
0.83332850902718902386 0.87499053715210151072 = -2.00000029174035098833 @ 199312 36618 1
0.16666684329427569611 0.87501017492870158954 = -2.00000029432597514756 @ 199071 36555 1
0.16665309584413717792 0.62500054208924715748 = -2.00000029529581979659 @ 199739 36730 1
0.16665309584413717792 0.62500054208924959998 = -2.00000029529582157295 @ 198086 36299 1
0.16665294295098026511 0.62500061037980336742 = -2.00000030219187330260 @ 198886 36507 1
0.16665294295098026511 0.62500061038789656020 = -2.00000030219190172431 @ 198836 36494 1
0.16665286428185011047 0.87499993336862913473 = -2.00000030460779498753 @ 195946 35741 1
0.49999930784247004212 0.37498956621278756174 = -2.00000031020579882579 @ 197219 36073 1
0.16666684799752295998 0.87501050206471098214 = -2.00000031355550511591 @ 198741 36469 1
0.16666708603806823508 0.12498932531618482666 = -2.00000032417472439761 @ 199476 36660 1
0.49998554631977482066 0.37500216596113450374 = -2.00000034735437814959 @ 198834 36493 1
0.16666688356180128783 0.87501105548472146722 = -2.00000034748961041942 @ 198456 36395 1
0.49999158147145045250 0.62499041342536154620 = -2.00000037454258361436 @ 198824 36491 1
0.49999158135509658152 0.62499041341998406995 = -2.00000037454600843034 @ 196294 35832 1
0.49999158135509685907 0.62499041341998406995 = -2.00000037454600843034 @ 199746 36732 1
0.83334854463725460683 0.87499833364241874634 = -2.00000037784668371899 @ 199010 36539 1
0.83334854463726681928 0.87499833364241874634 = -2.00000037784668371899 @ 199507 36668 1
0.83334854463725460683 0.87499833364243939648 = -2.00000037784668371899 @ 199528 36673 1
0.83334866377130301096 0.87499833364241874634 = -2.00000038366429144787 @ 194612 35392 1
0.49998448486663366053 0.87499998753413532615 = -2.00000038488083120569 @ 198647 36445 1
0.83332038632856331173 0.12499296812502587450 = -2.00000040856265037803 @ 198748 36471 1
0.50001612409142481841 0.87499995950775766307 = -2.00000041569052910972 @ 198556 36421 1
0.50001612409142481841 0.87499995950619813279 = -2.00000041569052910972 @ 199136 36572 1
0.50001612409142481841 0.87499995950635101050 = -2.00000041569052910972 @ 199162 36579 1
0.83335008780259234307 0.37499970581361979916 = -2.00000044907003626804 @ 198958 36526 1
0.49999774384001571814 0.12501254010223961100 = -2.00000045512516777535 @ 197457 36135 1
0.49999774383406037082 0.12501254010223961100 = -2.00000045512521040791 @ 198875 36504 1
0.16664976370202064238 0.12499996387367434680 = -2.00000045681888494187 @ 199835 36755 1
0.16664976370201889377 0.12499996387367434680 = -2.00000045681888671822 @ 196786 35960 1
0.49999994262369418241 0.12498719116796595807 = -2.00000046635452122246 @ 198845 36496 1
0.49999993321974073313 0.12498719116796595807 = -2.00000046635638817349 @ 198474 36400 1
0.49999415295502808165 0.62501204176916735911 = -2.00000046682889376370 @ 199420 36646 1
0.49999415295502808165 0.62501205971910678283 = -2.00000046805859454935 @ 199108 36565 1
0.83331587177894506091 0.62500002221320050122 = -2.00000048750806769249 @ 199683 36716 1
0.83331587177894217433 0.62500002221323824880 = -2.00000048750806946884 @ 199376 36634 1
0.83331587177714183667 0.62500002221320050122 = -2.00000048750816894483 @ 199216 36593 1
0.83331586958707426493 0.62500002221320050122 = -2.00000048763046578415 @ 199211 36592 1
0.83331450881524682384 0.87499987674638179946 = -2.00000056662480929504 @ 194256 35299 1
0.83333762870381211663 0.87501425891329553952 = -2.00000060741608010062 @ 198783 36480 1
0.50001958647055211316 0.12500022880007796711 = -2.00000061352528746283 @ 199294 36613 1
0.50001958679939362273 0.12500022881618438886 = -2.00000061354590386031 @ 198095 36301 1
0.16666684799936848371 0.87501500518538377626 = -2.00000064004518129934 @ 199156 36577 1
0.83335368077350069349 0.62500001165793872548 = -2.00000066196430026366 @ 199067 36554 1
0.83335368077350069349 0.62500001165789975666 = -2.00000066196430026366 @ 199291 36612 1
0.83335368077478633175 0.62500001167770058430 = -2.00000066196438375243 @ 199518 36671 1
0.49998200583495616689 0.87499283270868766227 = -2.00000066371662477138 @ 196118 35786 1
0.49998200583495616689 0.87499283270851724303 = -2.00000066371663187681 @ 199016 36541 1
0.83332465788718235178 0.37498589750010158372 = -2.00000068564388122638 @ 198402 36381 1
0.83332465788718279587 0.37498589750010158372 = -2.00000068564388122638 @ 199765 36737 1
0.49997921704341968807 0.62499949204019356053 = -2.00000069133793445531 @ 198539 36417 1
0.50002080933706116728 0.37500000748638834258 = -2.00000069235900213016 @ 195474 35617 1
0.50002080933706116728 0.37500000748638839809 = -2.00000069235900213016 @ 199832 36754 1
0.49997946265987841530 0.87500392292291695462 = -2.00000071812093871415 @ 198663 36449 1
0.49997928044892181454 0.87500434637683022210 = -2.00000074009371964223 @ 198868 36502 1
0.16664418173188383365 0.87499997979919819091 = -2.00000080834850813005 @ 197173 36061 1
0.16668932855199936061 0.12500001018995965385 = -2.00000082112067012474 @ 199251 36602 1
0.16668932855199880549 0.12500001018995965385 = -2.00000082112067012474 @ 199730 36728 1
0.49999786275079427522 0.37501712380083218612 = -2.00000084077837136931 @ 199486 36662 1
0.49999786275079427522 0.37501712380083085385 = -2.00000084077837136931 @ 199731 36728 1
0.49999786275079527442 0.37501712380083218612 = -2.00000084077837136931 @ 199764 36737 1
0.16668991653255418872 0.87500126435641989442 = -2.00000086882630156992 @ 198484 36403 1
0.16668991653255418872 0.87500127313190845246 = -2.00000086888959671683 @ 199144 36574 1
0.83331661389539701812 0.62501268819502087126 = -2.00000090455535861622 @ 197360 36110 1
0.16668893966290135311 0.62499348815065491891 = -2.00000091371212107560 @ 199041 36547 1
0.83335733530126709923 0.37500002856583292132 = -2.00000092110586713545 @ 197496 36145 1
0.83335733530126709923 0.37500002856583736222 = -2.00000092110586713545 @ 199738 36730 1
0.83335387843140096287 0.12499063478536878713 = -2.00000092419031361146 @ 198961 36526 1
0.83335387843140096287 0.12499063478536888427 = -2.00000092419031361146 @ 199873 36765 1
0.83335387844088792964 0.12499063444289949809 = -2.00000092420916963931 @ 199412 36643 1
0.83335387844118380407 0.12499062886716343079 = -2.00000092450614275208 @ 199527 36673 1
0.49997583979491988515 0.37499996248002337440 = -2.00000093329265382636 @ 199705 36721 1
0.49997583979491988515 0.37499996248002698263 = -2.00000093329265382636 @ 199722 36726 1
0.49997583980002663351 0.37499995531330426735 = -2.00000093329393457964 @ 199449 36653 1
0.83335395942665480007 0.12499018627975733153 = -2.00000095397236066219 @ 198290 36352 1
0.83330799825295609473 0.62500002839123180998 = -2.00000102626683506912 @ 198714 36462 1
0.16667699069634875353 0.87501737676492419293 = -2.00000102869927687266 @ 198344 36366 1
0.49997432465486757458 0.37499999687703489126 = -2.00000105401633909707 @ 198503 36407 1
0.16669090867078020790 0.37500751966371587143 = -2.00000110034609335230 @ 199733 36729 1
0.16669090867078020790 0.37500752007949800237 = -2.00000110036386935519 @ 198367 36372 1
0.16669090867078020790 0.37500752007949800237 = -2.00000110036386935519 @ 199939 36781 1
0.16669090906877268021 0.37500752011289650856 = -2.00000110039614931168 @ 199428 36648 1
0.16668372143540552410 0.37498481193352345420 = -2.00000112074521219085 @ 199336 36624 1
0.50002689400804467557 0.62499844946461236006 = -2.00000116328090093987 @ 198266 36346 1
0.50002689406953559903 0.62499844965420325860 = -2.00000116328451937875 @ 199403 36641 1
0.50002689477681583341 0.62499844885218247548 = -2.00000116335241706622 @ 199109 36565 1
0.83330611870511794859 0.37499990358634738286 = -2.00000118421143824321 @ 198424 36387 1
0.83330611870497472982 0.37499990164044233465 = -2.00000118421252892631 @ 198709 36461 1
0.83330611870497472982 0.37499990164042995566 = -2.00000118421252892631 @ 199575 36686 1
0.16664010983065871696 0.37500469528367624816 = -2.00000119029573930618 @ 198083 36298 1
0.16664010912523002927 0.37500469535046049296 = -2.00000119035743040286 @ 196111 35784 1
0.83333606608208488087 0.87497949110033046427 = -2.00000120751560039878 @ 197667 36190 1
0.16666673433310902341 0.62502076340379830732 = -2.00000122543962000066 @ 189731 34133 1
0.49997140070111717458 0.12500138568402233141 = -2.00000131321022855957 @ 199092 36560 1
0.49997140069984102873 0.12500138568402233141 = -2.00000131321034402276 @ 198297 36354 1
0.49997139953860153527 0.12500312495372226107 = -2.00000133561614923394 @ 195198 35545 1
0.16663614415249095035 0.12500337217652554567 = -2.00000152187401347703 @ 198346 36366 1
0.50003051414229693350 0.87499448849990102417 = -2.00000157507785658595 @ 198342 36365 1
0.50003051418585053867 0.87499448849990102417 = -2.00000157508210563151 @ 197903 36251 1
0.83336497910212647966 0.87500019591163635813 = -2.00000160131081905490 @ 196726 35945 1
0.83336497915091878319 0.87500019591163635813 = -2.00000160131575732692 @ 199668 36711 1
0.16664621703783652484 0.87501879070667931693 = -2.00000167227075742460 @ 199161 36578 1
0.49997036059713173550 0.87498872132419891479 = -2.00000176618656055894 @ 197091 36040 1
0.49997036059713173550 0.87498872132391336542 = -2.00000176618658009886 @ 199340 36625 1
0.49996678658532395234 0.37499723097181286713 = -2.00000178556389407447 @ 198485 36403 1
0.83336287182181478794 0.62501179874516543666 = -2.00000179075287043418 @ 196365 35851 1
0.83336287324590585524 0.62501179874516543666 = -2.00000179088738860855 @ 195489 35621 1
0.83329934596607291297 0.87500005049495199749 = -2.00000184693451821261 @ 196536 35895 1
0.83329934563787977364 0.87500005047863516072 = -2.00000184697018390523 @ 198231 36337 1
0.83329934213604905935 0.87500004467626191218 = -2.00000184734922648033 @ 196751 35951 1
0.49996572272605821485 0.62500002865589732171 = -2.00000187857195754759 @ 198185 36324 1
0.16666607313383532962 0.62497350644270943665 = -2.00000199570045822384 @ 199218 36593 1
0.16666607313295483950 0.62497350644181914880 = -2.00000199570059322696 @ 198259 36344 1
0.16662973909284783947 0.87499996423875658902 = -2.00000218030382370671 @ 199638 36703 1
0.16662973909284783947 0.87499996423875658902 = -2.00000218030382370671 @ 199908 36774 1
0.16662912790935849316 0.62499934990610783725 = -2.00000225427045030813 @ 199325 36621 1
0.16662909398507533276 0.62499934990610783725 = -2.00000225834454958829 @ 197969 36268 1
0.16662908355880354239 0.62499935897726222045 = -2.00000225956412869266 @ 197545 36158 1
0.16662908277901775089 0.62499935897448621880 = -2.00000225965785460858 @ 198890 36508 1
0.16670592182382668045 0.87500067639023049182 = -2.00000246511591761589 @ 198133 36311 1
0.83329343854066195707 0.62500023371880297773 = -2.00000254491722806449 @ 198609 36435 1
0.83329343854066328934 0.62500023371880297773 = -2.00000254491722806449 @ 199512 36669 1
0.16662671641442691750 0.37499978047325666086 = -2.00000255197904230897 @ 199106 36564 1
0.50003868726570899206 0.37500978477212515427 = -2.00000266518551583772 @ 199589 36690 1
0.50003868726577493931 0.37500978477212515427 = -2.00000266518552471950 @ 198195 36327 1
0.49996857962076352022 0.62501975015308763872 = -2.00000268722336471683 @ 199272 36607 1
0.49996857203626482447 0.62502010501610894000 = -2.00000272818657798268 @ 199466 36657 1
0.83331777597685907644 0.87502947700082212013 = -2.00000285676109790245 @ 198843 36496 1
0.49999735423195507122 0.37496830161006300397 = -2.00000286724760734103 @ 193057 34987 1
0.83331783191739705607 0.87502961316473670816 = -2.00000287685331201715 @ 198889 36508 1
0.83331777597685907644 0.87502961316473670816 = -2.00000287963126943680 @ 195883 35725 1
0.49997139968111059538 0.12502404386569138106 = -2.00000295108495151908 @ 199186 36585 1
0.50004531262774210010 0.62500033705761026681 = -2.00000328318948206174 @ 198296 36353 1
0.50004531265922547156 0.62500033705761026681 = -2.00000328319404552246 @ 198037 36286 1
0.50004552109175726127 0.87500086101175178488 = -2.00000331524939234384 @ 198760 36474 1
0.16666637112603499560 0.37496505775146227180 = -2.00000347065446248962 @ 198466 36398 1
0.83336103477926326555 0.12496953641560851200 = -2.00000386480457237326 @ 199485 36662 1
0.83336107645097978747 0.12496955380445383399 = -2.00000386548814823584 @ 199418 36645 1
0.83334762385935168272 0.12503537704274805820 = -2.00000388394199468678 @ 197589 36170 1
0.83338324883163172885 0.62500001133078553206 = -2.00000398369049570135 @ 199009 36539 1
0.49995029602405888225 0.12500483565947631548 = -2.00000401646565961755 @ 199482 36661 1
0.83332591781497467043 0.62496097591065091770 = -2.00000441662468730897 @ 199097 36562 1
0.49999997684716923629 0.87504051422351158962 = -2.00000466559798617538 @ 195316 35576 1
0.83338798599632024633 0.12501223015397941452 = -2.00000520086734567826 @ 198744 36470 1
0.83338798832395832861 0.12501223015397941452 = -2.00000520127414560534 @ 199659 36709 1
0.49994215345607906364 0.87501687460958677001 = -2.00000615958771987835 @ 199195 36587 1
0.83327047326757708312 0.87500002599947157567 = -2.00000631778006621175 @ 196533 35894 1
0.83327047140883814258 0.87500002378123875602 = -2.00000631815338358876 @ 196072 35774 1
0.16666742971882470004 0.12494982904035965843 = -2.00000715572259579744 @ 198406 36382 1
0.49993176475796824443 0.37500045666162529212 = -2.00000744503514127359 @ 197847 36237 1
0.50006864726569488777 0.37499941345770826384 = -2.00000753559498001266 @ 199358 36630 1
0.50006864726833810675 0.37499941345954074245 = -2.00000753559555377592 @ 199197 36588 1
0.49993176478567080689 0.37500568847951787355 = -2.00000753641447381881 @ 199593 36691 1
0.49994219523338484512 0.62497126176473749570 = -2.00000769000591027691 @ 199417 36645 1
0.16659657250348183788 0.12499943084156463213 = -2.00000785650352774780 @ 199859 36761 1
0.16659657182505446804 0.12499943084156674156 = -2.00000785665559455140 @ 199102 36563 1
0.50004605206206054202 0.87495927753289759465 = -2.00000810456654143366 @ 198791 36482 1
0.83340235798073680762 0.87501555328718827464 = -2.00000830528761674998 @ 199577 36687 1
0.83333330112311665427 0.12494508338723955831 = -2.00000857234680751162 @ 196331 35842 1
0.83333330112371617471 0.12494508338723955831 = -2.00000857234680751162 @ 198831 36492 1
0.83325856815863130755 0.62499958737953253962 = -2.00000893792916478731 @ 199103 36563 1
0.83325856813182441751 0.62499958740366601262 = -2.00000893793551703936 @ 197950 36263 1
0.83325850731664186100 0.62499958737713623425 = -2.00000895248121324244 @ 198755 36473 1
0.49999980351641043486 0.62494129171240320186 = -2.00000979701373005071 @ 199065 36553 1
0.49992167043384450054 0.12500117532271554088 = -2.00000981386136267304 @ 199819 36751 1
0.49992166947805455335 0.12500117532271476373 = -2.00000981410076761335 @ 198459 36396 1
0.49992166947805455335 0.12500117534400609354 = -2.00000981410090794554 @ 198683 36454 1
0.16660791128423316221 0.62495988747003605734 = -2.00001009316895661527 @ 199313 36618 1
0.16666204370939871615 0.87506099429684902624 = -2.00001060893285931286 @ 199413 36644 1
0.49991213977111642608 0.12500111778521524886 = -2.00001234594306609438 @ 199539 36676 1
0.83333225297312096824 0.37493326451126463006 = -2.00001266105337194290 @ 198659 36448 1
0.16657141192870753010 0.87500007352110398262 = -2.00001450735626917776 @ 198885 36507 1
0.16657104057648253193 0.62499931366636174435 = -2.00001462201453961143 @ 199351 36628 1
0.16657103987461957528 0.62499929495699202420 = -2.00001462230315674162 @ 198057 36291 1
0.50010422451107805486 0.62500239433575133230 = -2.00001738447697263723 @ 199693 36718 1
0.49989508660930953576 0.12500117525714182776 = -2.00001760245898552171 @ 198148 36315 1
0.83344115583672084835 0.12500735820887079464 = -2.00001874193212358932 @ 199295 36613 1
0.83344115584913569528 0.12500735820934738562 = -2.00001874193642414923 @ 198310 36357 1
0.83344139899106772784 0.12500735818321298543 = -2.00001882586261636732 @ 198794 36483 1
0.83345155089407041427 0.37500642827500962895 = -2.00002246236546454838 @ 199624 36699 1
0.83345155089410016824 0.37500642827500962895 = -2.00002246236547520652 @ 197241 36079 1
0.83345929954338771051 0.87499913268270135269 = -2.00002537226756516020 @ 197172 36061 1
0.83345929954338771051 0.87499913268294737811 = -2.00002537226756516020 @ 199259 36604 1
0.83346094025888717294 0.87499913307855314848 = -2.00002603746351326208 @ 199111 36565 1
0.16648931287836229997 0.62500000793670440480 = -2.00005029158185898552 @ 199318 36619 1
0.16648931287794005440 0.62500000793670440480 = -2.00005029158209701734 @ 198780 36479 1
0.50021513315097021479 0.37499998779513027403 = -2.00007399950994901872 @ 192820 34925 1
0.49978380829383134420 0.12499700830117885242 = -2.00007475496478548393 @ 199098 36562 1
0.16666669867683003847 0.12483349078833989865 = -2.00007880760651701735 @ 194203 35285 1
0.77894589539271130718 0.62913154710087204613 = -6.37796351388157667373 @ 28681 6315 1
