-1.561586 4.400238 3.285443 -2.132813 -3.676220 2.156474 1.185046 0.074479 -1.570262 2.519340 = -0.00003780 @ 394890 184210
-1.561586 4.399961 3.285443 -2.132717 -3.676220 2.156474 1.185046 0.074479 -1.570262 2.518864 = -0.00006100 @ 393716 183719
-1.561467 4.399961 3.285443 -2.132717 -3.676220 2.156474 1.185046 0.074479 -1.570262 2.518864 = -0.00006160 @ 397994 185505
-1.561586 4.400238 3.285443 -2.132654 -3.675996 2.156047 1.184978 0.074691 -1.570391 2.519340 = -0.00006475 @ 385948 180459
-1.561586 4.400297 3.285443 -2.132813 -3.676220 2.156474 1.185046 0.074479 -1.570262 2.518864 = -0.00007385 @ 378267 177239
-1.561596 4.400387 3.285233 -2.132915 -3.675882 2.156599 1.184977 0.074792 -1.570160 2.519183 = -0.00007653 @ 384576 179882
-1.561586 4.400297 3.285443 -2.132904 -3.675996 2.156047 1.184978 0.074691 -1.570391 2.518864 = -0.00009948 @ 390161 182232
-1.561555 4.399631 3.285281 -2.132904 -3.676238 2.156112 1.184815 0.074870 -1.570226 2.518935 = -0.00010327 @ 399081 185960
-1.561564 4.400301 3.285443 -2.132904 -3.675996 2.156474 1.185046 0.074479 -1.570662 2.519352 = -0.00011046 @ 389635 182010
-1.561564 4.400297 3.285443 -2.132818 -3.675882 2.156598 1.184890 0.074691 -1.570391 2.518864 = -0.00012017 @ 390324 182301
-1.562108 4.400343 3.285126 -2.132803 -3.675855 2.156706 1.184938 0.074424 -1.569834 2.519078 = -0.00017186 @ 398887 185878
-1.561586 4.399218 3.285443 -2.132904 -3.675850 2.156060 1.184840 0.074884 -1.570160 2.518864 = -0.00022332 @ 389050 181766
-1.561564 4.400283 3.285443 -2.132807 -3.675996 2.157287 1.184890 0.074691 -1.570157 2.519149 = -0.00022793 @ 397970 185495
-1.562553 4.400297 3.285443 -2.132717 -3.676220 2.156474 1.185040 0.074479 -1.570262 2.518864 = -0.00026978 @ 396279 184788
-1.561465 4.400697 3.285446 -2.132632 -3.676009 2.157229 1.184913 0.074699 -1.570125 2.519150 = -0.00027551 @ 398885 185877
-1.561872 4.399151 3.285443 -2.132904 -3.675611 2.155882 1.185040 0.074479 -1.570262 2.519555 = -0.00029086 @ 396588 184917
-1.561518 4.399503 3.284982 -2.132931 -3.675313 2.155988 1.184830 0.075119 -1.570183 2.518864 = -0.00032399 @ 398481 185707
-1.561586 4.398963 3.284863 -2.132814 -3.676697 2.156157 1.185337 0.074555 -1.570391 2.519149 = -0.00034313 @ 390558 182397
-1.561586 4.398963 3.284912 -2.132814 -3.676466 2.156157 1.184517 0.074555 -1.570043 2.519149 = -0.00034447 @ 399733 186231
-1.562553 4.400297 3.285443 -2.132904 -3.675611 2.156598 1.184890 0.074479 -1.570262 2.518864 = -0.00035908 @ 380903 178342
-1.561528 4.400911 3.285883 -2.132583 -3.676894 2.156479 1.185022 0.074277 -1.570247 2.519169 = -0.00036328 @ 399962 186330
-1.561134 4.400232 3.284998 -2.132807 -3.675991 2.156157 1.185337 0.075896 -1.570023 2.519466 = -0.00037686 @ 397283 185206
-1.561755 4.398751 3.285443 -2.132807 -3.675888 2.156471 1.184901 0.074479 -1.570104 2.518867 = -0.00038970 @ 397692 185378
-1.561586 4.399218 3.285443 -2.132791 -3.676427 2.156616 1.184929 0.075589 -1.570160 2.518864 = -0.00039102 @ 397429 185267
-1.562094 4.400056 3.284284 -2.132835 -3.676647 2.156610 1.184888 0.074850 -1.570165 2.518756 = -0.00039247 @ 383688 179509
-1.561134 4.400232 3.284912 -2.132823 -3.676466 2.156157 1.185337 0.075896 -1.570023 2.519466 = -0.00040830 @ 384195 179721
-1.562553 4.400380 3.284702 -2.132485 -3.676644 2.156601 1.184951 0.074479 -1.570262 2.518864 = -0.00041200 @ 394958 184239
-1.560061 4.400297 3.285443 -2.132904 -3.675996 2.156474 1.185046 0.074479 -1.570157 2.519147 = -0.00045692 @ 398726 185810
-1.560061 4.400297 3.285443 -2.132904 -3.676466 2.156157 1.185337 0.074691 -1.570157 2.519147 = -0.00047107 @ 395471 184451
-1.561586 4.400222 3.285464 -2.132818 -3.676265 2.154852 1.184890 0.074691 -1.569678 2.519149 = -0.00047195 @ 397258 185196
-1.561586 4.400222 3.285464 -2.132818 -3.675882 2.154852 1.184890 0.074691 -1.570391 2.519149 = -0.00047399 @ 365193 171796
-1.561586 4.400297 3.285443 -2.132813 -3.676220 2.154852 1.184891 0.074479 -1.570391 2.518864 = -0.00048848 @ 392199 183083
-1.561134 4.400232 3.284912 -2.132823 -3.676466 2.156157 1.184555 0.075896 -1.570023 2.519466 = -0.00049197 @ 397404 185256
-1.561134 4.400232 3.284912 -2.132823 -3.676466 2.156157 1.184555 0.075896 -1.570023 2.519466 = -0.00049197 @ 394480 184037
-1.561588 4.400297 3.285443 -2.132904 -3.675996 2.154852 1.184891 0.074577 -1.570391 2.518867 = -0.00049241 @ 392371 183156
-1.561134 4.400232 3.284912 -2.132823 -3.676520 2.156157 1.184555 0.075896 -1.570023 2.519466 = -0.00049994 @ 396563 184906
-1.560009 4.400238 3.285443 -2.132654 -3.675996 2.156047 1.184978 0.074691 -1.570391 2.519340 = -0.00051304 @ 394855 184195
-1.562786 4.399961 3.285549 -2.132717 -3.675855 2.156356 1.184953 0.074884 -1.570662 2.519986 = -0.00051356 @ 398528 185726
-1.562786 4.399961 3.285549 -2.132717 -3.675855 2.156356 1.184953 0.074884 -1.570662 2.519986 = -0.00051356 @ 397149 185152
-1.561166 4.400433 3.286534 -2.132807 -3.675996 2.156047 1.184978 0.073780 -1.570295 2.518938 = -0.00052543 @ 398773 185829
-1.561586 4.399218 3.285443 -2.132791 -3.676427 2.156717 1.183842 0.074778 -1.570160 2.518864 = -0.00055817 @ 398487 185709
-1.561586 4.400011 3.287032 -2.132904 -3.675996 2.156474 1.185046 0.074479 -1.570308 2.519340 = -0.00059405 @ 398136 185565
-1.562553 4.400297 3.285443 -2.133177 -3.675882 2.156775 1.184977 0.074792 -1.571161 2.518864 = -0.00059485 @ 395800 184589
-1.560115 4.400303 3.285304 -2.132814 -3.675887 2.155354 1.184886 0.074672 -1.570258 2.519136 = -0.00061205 @ 398887 185878
-1.561810 4.400283 3.286944 -2.132904 -3.675807 2.156829 1.184890 0.074717 -1.570302 2.519865 = -0.00070726 @ 396829 185018
-1.561166 4.400433 3.286956 -2.132807 -3.675996 2.156056 1.184954 0.073780 -1.570295 2.519401 = -0.00074482 @ 397015 185097
-1.562689 4.400297 3.285443 -2.132904 -3.675996 2.154852 1.184891 0.074577 -1.570391 2.518864 = -0.00075116 @ 388240 181423
-1.561586 4.400668 3.285443 -2.132807 -3.675996 2.156047 1.186749 0.074697 -1.570171 2.518207 = -0.00084185 @ 382696 179092
-1.561935 4.399189 3.285246 -2.133248 -3.675417 2.156725 1.184977 0.073135 -1.570394 2.518865 = -0.00085381 @ 387457 181095
-1.559718 4.400238 3.285443 -2.132915 -3.676696 2.156474 1.185046 0.074479 -1.570908 2.519340 = -0.00087024 @ 398197 185590
-1.559536 4.400265 3.285463 -2.132662 -3.675993 2.156030 1.184949 0.074116 -1.570391 2.519544 = -0.00090521 @ 398288 185628
-1.560479 4.398956 3.283819 -2.132813 -3.676707 2.156157 1.185177 0.074645 -1.570545 2.519443 = -0.00095251 @ 396028 184685
-1.561716 4.400297 3.285443 -2.132807 -3.675996 2.156863 1.184901 0.076729 -1.569925 2.518612 = -0.00102690 @ 392940 183392
-1.563565 4.400380 3.284702 -2.132485 -3.676644 2.156601 1.185143 0.074691 -1.569678 2.519835 = -0.00103649 @ 386963 180887
-1.562848 4.400385 3.285443 -2.132818 -3.675984 2.156616 1.184929 0.075589 -1.570160 2.520799 = -0.00105172 @ 398487 185710
-1.562848 4.400385 3.285443 -2.132818 -3.675984 2.156616 1.184929 0.075589 -1.570160 2.520799 = -0.00105172 @ 399696 186216
-1.562786 4.400297 3.285549 -2.132915 -3.675465 2.156356 1.184589 0.073166 -1.570662 2.519986 = -0.00107307 @ 398856 185865
-1.561586 4.398963 3.287366 -2.132714 -3.676466 2.156157 1.185337 0.074555 -1.570391 2.519149 = -0.00108128 @ 386836 180836
-1.562748 4.400297 3.285443 -2.133115 -3.674812 2.156047 1.184890 0.076137 -1.570284 2.518864 = -0.00115558 @ 390016 182171
-1.560009 4.400313 3.285443 -2.132654 -3.675996 2.155332 1.184978 0.075634 -1.571393 2.519340 = -0.00119903 @ 399952 186325
-1.561505 4.400305 3.285443 -2.132904 -3.675854 2.156756 1.186609 0.074691 -1.567978 2.519322 = -0.00126820 @ 385935 180453
-1.561166 4.398222 3.283644 -2.132904 -3.675918 2.156622 1.184812 0.074565 -1.570549 2.518864 = -0.00127795 @ 391784 182909
-1.561995 4.397908 3.284401 -2.132904 -3.675611 2.156598 1.184808 0.075243 -1.570112 2.520055 = -0.00128868 @ 397272 185202
-1.561995 4.397908 3.284401 -2.132904 -3.675611 2.156598 1.184808 0.075243 -1.570112 2.520055 = -0.00128868 @ 396910 185052
-1.560061 4.400450 3.283400 -2.132835 -3.676647 2.156610 1.184931 0.074850 -1.570739 2.519122 = -0.00129003 @ 398817 185848
-1.562087 4.400385 3.285448 -2.132907 -3.676424 2.157467 1.184969 0.074691 -1.570805 2.521291 = -0.00130858 @ 394299 183961
-1.561564 4.400297 3.285443 -2.132807 -3.675996 2.156863 1.184901 0.074691 -1.570637 2.521676 = -0.00140527 @ 390737 182470
-1.561036 4.400611 3.284863 -2.132814 -3.676002 2.158654 1.184571 0.073743 -1.570034 2.519352 = -0.00141474 @ 387603 181158
-1.562786 4.402236 3.285549 -2.132904 -3.675996 2.156474 1.185046 0.074479 -1.570662 2.519986 = -0.00144566 @ 395548 184484
-1.561893 4.400297 3.285443 -2.132822 -3.676003 2.156056 1.184954 0.074670 -1.567366 2.518832 = -0.00147009 @ 397917 185473
-1.561995 4.397908 3.284401 -2.133954 -3.675882 2.156775 1.184977 0.074792 -1.570136 2.520055 = -0.00147064 @ 397759 185406
-1.561527 4.399510 3.284946 -2.132905 -3.675996 2.157001 1.184890 0.074691 -1.572449 2.518385 = -0.00149663 @ 382117 178851
-1.561527 4.399510 3.284946 -2.132905 -3.675996 2.157001 1.184890 0.074691 -1.572449 2.518385 = -0.00149663 @ 399768 186246
-1.563926 4.400132 3.285611 -2.132814 -3.675912 2.157291 1.186015 0.074479 -1.569967 2.518944 = -0.00149688 @ 397817 185431
-1.561564 4.400297 3.285443 -2.132807 -3.675996 2.157287 1.184978 0.074691 -1.570774 2.521676 = -0.00151921 @ 390955 182562
-1.562786 4.402236 3.285549 -2.132904 -3.675855 2.156941 1.184890 0.074884 -1.570662 2.519986 = -0.00152910 @ 396075 184705
-1.561551 4.398751 3.285443 -2.132807 -3.675888 2.156471 1.183842 0.076729 -1.569925 2.519635 = -0.00154036 @ 392705 183295
-1.562769 4.398633 3.285439 -2.132662 -3.675993 2.156030 1.184949 0.074116 -1.567978 2.519544 = -0.00155185 @ 399695 186215
-1.561810 4.400283 3.284382 -2.135394 -3.676220 2.156157 1.185337 0.074691 -1.570302 2.519865 = -0.00160975 @ 397899 185465
-1.561810 4.400283 3.284382 -2.135394 -3.676220 2.156474 1.184890 0.074717 -1.570302 2.519865 = -0.00161418 @ 397853 185446
-1.561586 4.397908 3.284998 -2.132983 -3.676012 2.158118 1.184890 0.074087 -1.570391 2.519147 = -0.00163999 @ 395399 184421
-1.560426 4.400057 3.285354 -2.132904 -3.675767 2.156751 1.186880 0.074691 -1.567977 2.519359 = -0.00164010 @ 398448 185693
-1.559084 4.400224 3.285443 -2.132904 -3.675996 2.156474 1.183792 0.075018 -1.570445 2.519537 = -0.00165610 @ 394083 183872
-1.562831 4.400857 3.284821 -2.132822 -3.676003 2.156836 1.184954 0.074670 -1.572479 2.519878 = -0.00170954 @ 380589 178209
-1.560061 4.398750 3.287462 -2.132915 -3.675882 2.156598 1.184890 0.074691 -1.570391 2.519401 = -0.00171620 @ 399764 186244
-1.561639 4.400111 3.286612 -2.135394 -3.675822 2.156809 1.184936 0.074691 -1.570391 2.518864 = -0.00183245 @ 398169 185579
-1.561586 4.400719 3.285342 -2.132890 -3.675852 2.156601 1.188134 0.074877 -1.569824 2.519393 = -0.00184012 @ 399933 186317
-1.562625 4.400297 3.284382 -2.135394 -3.675822 2.156809 1.184890 0.074691 -1.570391 2.518864 = -0.00193165 @ 374098 175500
-1.561777 4.398286 3.284299 -2.132981 -3.675674 2.158145 1.184832 0.073157 -1.570391 2.519134 = -0.00193509 @ 399856 186284
-1.561192 4.400224 3.284752 -2.132903 -3.673122 2.156157 1.185046 0.074645 -1.570545 2.518864 = -0.00194153 @ 396865 185033
-1.562556 4.400966 3.285044 -2.135333 -3.676116 2.156926 1.184825 0.074366 -1.570417 2.518607 = -0.00194170 @ 398626 185768
-1.562553 4.400297 3.282938 -2.131509 -3.677328 2.156056 1.186015 0.074479 -1.570262 2.518864 = -0.00196662 @ 394291 183957
-1.561584 4.399099 3.288407 -2.132782 -3.676616 2.156341 1.185203 0.074577 -1.570354 2.519181 = -0.00205350 @ 399299 186051
-1.561651 4.400297 3.285549 -2.132818 -3.675882 2.154852 1.184888 0.071742 -1.570391 2.519149 = -0.00208032 @ 398151 185571
-1.563273 4.400297 3.282938 -2.132892 -3.677328 2.156835 1.186015 0.074479 -1.570262 2.518864 = -0.00212365 @ 399797 186259
-1.560083 4.400522 3.284816 -2.132741 -3.676409 2.154421 1.185066 0.072430 -1.570015 2.518716 = -0.00212886 @ 399437 186107
-1.562635 4.401905 3.284836 -2.132823 -3.676117 2.156834 1.184456 0.074756 -1.572454 2.519738 = -0.00218773 @ 399903 186304
-1.561586 4.398419 3.284962 -2.132814 -3.676671 2.157312 1.182524 0.074334 -1.570627 2.519149 = -0.00219098 @ 397834 185438
-1.563946 4.398751 3.285241 -2.132869 -3.675888 2.156157 1.184589 0.075896 -1.570023 2.517824 = -0.00222723 @ 391954 182981
-1.563251 4.400313 3.287581 -2.132243 -3.676647 2.155332 1.184962 0.075634 -1.571393 2.518932 = -0.00234372 @ 393146 183479
-1.563251 4.400313 3.287581 -2.132243 -3.676647 2.155332 1.184962 0.075634 -1.571393 2.518932 = -0.00234376 @ 399930 186316
-1.561579 4.401100 3.285179 -2.132898 -3.676033 2.156612 1.188459 0.075010 -1.569689 2.519350 = -0.00236509 @ 399158 185993
-1.562643 4.400235 3.286118 -2.132699 -3.676189 2.159510 1.184909 0.074810 -1.570274 2.519486 = -0.00237070 @ 398596 185755
-1.562643 4.400235 3.286118 -2.132699 -3.676189 2.159510 1.184909 0.074855 -1.570274 2.519486 = -0.00237361 @ 396124 184725
-1.560061 4.400857 3.284821 -2.132807 -3.676509 2.155076 1.184978 0.071742 -1.570150 2.519147 = -0.00246965 @ 392921 183383
-1.560061 4.400297 3.285443 -2.132818 -3.675882 2.154852 1.184589 0.071742 -1.570391 2.519147 = -0.00249186 @ 396849 185027
-1.563926 4.400132 3.285611 -2.132814 -3.675912 2.157291 1.187643 0.074792 -1.569967 2.518944 = -0.00256599 @ 397387 185249
-1.562956 4.400417 3.285443 -2.132818 -3.675949 2.153954 1.184893 0.074184 -1.569955 2.521314 = -0.00263874 @ 395522 184473
-1.561543 4.398750 3.285233 -2.132904 -3.675996 2.156598 1.188606 0.074691 -1.569678 2.519401 = -0.00266121 @ 388601 181576
-1.561543 4.398750 3.284821 -2.132822 -3.676003 2.156641 1.188606 0.074691 -1.569678 2.519401 = -0.00269386 @ 397874 185455
-1.559419 4.400297 3.282160 -2.132714 -3.676466 2.156157 1.184978 0.074577 -1.570270 2.519316 = -0.00271820 @ 393791 183751
-1.559452 4.400297 3.284137 -2.132807 -3.677328 2.156056 1.184954 0.074670 -1.567366 2.519401 = -0.00275957 @ 396797 185005
-1.559452 4.400297 3.284137 -2.132807 -3.677328 2.156056 1.184954 0.074670 -1.567366 2.519401 = -0.00275957 @ 399999 186345
-1.562060 4.398657 3.284436 -2.134636 -3.675641 2.153882 1.184617 0.075232 -1.570066 2.520383 = -0.00279084 @ 398603 185758
-1.561939 4.400224 3.284752 -2.136068 -3.675637 2.156725 1.184910 0.075907 -1.570908 2.518864 = -0.00280553 @ 398265 185618
-1.561995 4.400297 3.285443 -2.132807 -3.672600 2.156097 1.184977 0.074792 -1.569925 2.520517 = -0.00282153 @ 394018 183845
-1.562643 4.400297 3.286118 -2.136068 -3.676189 2.155028 1.184909 0.074479 -1.570274 2.518864 = -0.00284294 @ 399760 186243
-1.561628 4.398471 3.284518 -2.133007 -3.675963 2.156671 1.188669 0.074291 -1.569836 2.519292 = -0.00305328 @ 399368 186079
-1.561995 4.399186 3.284678 -2.131981 -3.672600 2.156756 1.184888 0.074691 -1.570112 2.520517 = -0.00306718 @ 391483 182785
-1.559833 4.399069 3.287705 -2.133120 -3.675882 2.156598 1.184890 0.074647 -1.572656 2.519200 = -0.00321720 @ 399913 186309
-1.561566 4.400747 3.285301 -2.132801 -3.675996 2.157205 1.184745 0.074691 -1.570640 2.522924 = -0.00323046 @ 398387 185668
-1.562668 4.397246 3.285779 -2.135422 -3.676530 2.156775 1.184977 0.074792 -1.570284 2.519401 = -0.00324297 @ 397269 185201
-1.562848 4.400999 3.285233 -2.132904 -3.675996 2.156598 1.188606 0.074691 -1.569678 2.520799 = -0.00326957 @ 395450 184442
-1.561586 4.397908 3.284998 -2.132654 -3.675996 2.156598 1.188606 0.074087 -1.570391 2.519147 = -0.00330909 @ 394174 183909
-1.562094 4.400056 3.289206 -2.132807 -3.675724 2.154852 1.185039 0.074850 -1.570165 2.518756 = -0.00335128 @ 396342 184814
-1.562553 4.398963 3.285779 -2.132282 -3.674697 2.156756 1.181665 0.075359 -1.570262 2.518864 = -0.00340529 @ 394471 184033
-1.562324 4.400056 3.289206 -2.132807 -3.675724 2.156752 1.185039 0.074691 -1.569780 2.520626 = -0.00345225 @ 399830 186273
-1.562377 4.399100 3.285538 -2.132386 -3.674732 2.156630 1.181464 0.075141 -1.570262 2.518739 = -0.00345864 @ 399041 185943
-1.563333 4.398808 3.285314 -2.132903 -3.676073 2.156570 1.188276 0.074691 -1.567803 2.519369 = -0.00369176 @ 398448 185693
-1.562507 4.400363 3.284724 -2.132509 -3.676466 2.156601 1.183176 0.074543 -1.570360 2.515719 = -0.00370337 @ 399915 186310
-1.562668 4.404158 3.285439 -2.132807 -3.675506 2.155882 1.185039 0.074139 -1.570391 2.519401 = -0.00375501 @ 385262 180172
-1.562668 4.404158 3.285439 -2.132807 -3.675506 2.155882 1.185039 0.074139 -1.570391 2.519401 = -0.00375501 @ 395552 184485
-1.560894 4.399729 3.282859 -2.132716 -3.676704 2.158283 1.182389 0.075695 -1.570391 2.519036 = -0.00376323 @ 399856 186284
-1.562668 4.404158 3.285233 -2.132915 -3.675506 2.155882 1.185039 0.074139 -1.570391 2.519401 = -0.00376420 @ 396843 185024
-1.559452 4.400297 3.284137 -2.135422 -3.676220 2.156056 1.184954 0.074670 -1.567366 2.519401 = -0.00381598 @ 397419 185262
1.759071 1.596161 -4.308969 -2.483307 0.363380 -0.062952 4.343166 1.897874 -2.229038 -2.157560 = -0.00394121 @ 399097 185967
1.755758 1.596089 -4.309072 -2.484285 0.363380 -0.062165 4.343166 1.897874 -2.229237 -2.157741 = -0.00400608 @ 397520 185305
-1.561586 4.399218 3.285443 -2.132791 -3.671763 2.156060 1.184929 0.075589 -1.570160 2.518864 = -0.00401046 @ 388416 181497
1.759071 1.596161 -4.309056 -2.484338 0.363380 -0.062165 4.343166 1.897874 -2.228626 -2.157560 = -0.00409323 @ 394700 184129
1.759071 1.596161 -4.309056 -2.484338 0.363380 -0.062165 4.343166 1.897874 -2.228626 -2.157560 = -0.00409323 @ 386342 180626
1.759071 1.596161 -4.309056 -2.484338 0.363380 -0.062165 4.343166 1.897874 -2.228626 -2.157560 = -0.00409323 @ 399566 186160
1.759071 1.596161 -4.309056 -2.484338 0.363380 -0.062165 4.343166 1.897874 -2.228625 -2.157560 = -0.00409360 @ 398068 185536
1.759071 1.596161 -4.309056 -2.484338 0.363380 -0.062165 4.343166 1.897874 -2.228625 -2.157560 = -0.00409360 @ 396350 184817
1.759071 1.596161 -4.309056 -2.484338 0.363380 -0.062154 4.343166 1.897874 -2.228625 -2.157560 = -0.00409981 @ 398806 185843
-1.560113 4.398902 3.284605 -2.132953 -3.675283 2.160185 1.184878 0.074577 -1.571218 2.519892 = -0.00410217 @ 397127 185143
-1.560080 4.403185 3.285216 -2.132905 -3.673827 2.156483 1.187161 0.074792 -1.569697 2.519376 = -0.00412423 @ 398663 185784
1.759065 1.596161 -4.308969 -2.483710 0.363380 -0.062980 4.343166 1.897874 -2.228622 -2.157560 = -0.00412483 @ 397993 185505
1.759071 1.596161 -4.308969 -2.483673 0.363380 -0.062980 4.343166 1.897874 -2.228622 -2.157560 = -0.00415211 @ 391129 182635
1.758643 1.596161 -4.309056 -2.483710 0.363380 -0.062165 4.343166 1.897874 -2.228625 -2.157560 = -0.00416849 @ 393504 183629
1.758643 1.596161 -4.309056 -2.483710 0.363380 -0.062165 4.343166 1.897874 -2.228625 -2.157560 = -0.00416849 @ 399939 186319
-1.562782 4.402184 3.284401 -2.132901 -3.675578 2.156595 1.184746 0.075239 -1.573638 2.520535 = -0.00419593 @ 399917 186310
1.759071 1.596161 -4.309066 -2.484098 0.363380 -0.062162 4.343166 1.897874 -2.228622 -2.157560 = -0.00419803 @ 398912 185889
-1.562849 4.400285 3.283692 -2.134732 -3.676312 2.155624 1.184911 0.074687 -1.566470 2.519869 = -0.00422460 @ 399958 186328
1.759065 1.596161 -4.309056 -2.483710 0.363380 -0.062157 4.343166 1.897875 -2.228626 -2.157243 = -0.00428009 @ 396680 184955
1.759071 1.596180 -4.308958 -2.483914 0.363380 -0.062159 4.343166 1.897874 -2.228621 -2.157560 = -0.00429592 @ 398454 185696
1.757085 1.596162 -4.309144 -2.483692 0.363380 -0.062156 4.343166 1.897874 -2.233826 -2.157550 = -0.00430749 @ 399441 186109
4.140583 2.476117 2.671425 -4.523284 3.636637 1.852907 -4.343662 0.610478 4.009963 -3.296956 = -0.00438160 @ 399541 186150
4.140583 2.476117 2.671425 -4.523286 3.636637 1.852907 -4.343662 0.610478 4.009963 -3.296956 = -0.00438272 @ 395718 184555
1.759071 1.596161 -4.309056 -2.483710 0.363380 -0.062165 4.343166 1.897874 -2.228626 -2.157560 = -0.00441257 @ 380972 178371
1.759071 1.596161 -4.309056 -2.483710 0.363380 -0.062165 4.343166 1.897874 -2.228625 -2.157560 = -0.00441298 @ 396066 184701
1.759071 1.596161 -4.309062 -2.483699 0.363380 -0.062165 4.343166 1.897864 -2.228625 -2.157560 = -0.00442208 @ 399191 186006
-1.562087 4.400385 3.285448 -2.132818 -3.676220 2.156891 1.181125 0.074691 -1.570805 2.521291 = -0.00443181 @ 396033 184688
1.759071 1.596161 -4.308969 -2.483673 0.363380 -0.062157 4.343166 1.897874 -2.228622 -2.157560 = -0.00444484 @ 371431 174391
-1.562054 4.398236 3.284238 -2.132115 -3.671926 2.156750 1.184912 0.074893 -1.570127 2.520211 = -0.00448155 @ 399962 186330
4.140583 2.476117 2.671425 -4.524305 3.637095 1.852936 -4.340404 0.610711 4.009963 -3.296956 = -0.00450225 @ 396228 184767
4.140583 2.476117 2.671425 -4.524305 3.637095 1.852907 -4.340404 0.610711 4.009963 -3.296956 = -0.00451335 @ 393433 183598
-1.561995 4.399186 3.285759 -2.132753 -3.676514 2.151634 1.184808 0.075243 -1.570678 2.519252 = -0.00456885 @ 397901 185466
-1.561571 4.400297 3.286012 -2.132840 -3.676888 2.155959 1.184566 0.072767 -1.574464 2.518866 = -0.00459855 @ 399105 185970
4.140583 2.476117 2.671425 -4.524305 3.637095 1.852907 -4.340404 0.610344 4.009963 -3.296956 = -0.00462002 @ 389011 181749
-1.561478 4.400297 3.284581 -2.132904 -3.675465 2.158053 1.188606 0.077432 -1.570136 2.518805 = -0.00462199 @ 399828 186272
-1.561693 4.400297 3.285443 -2.132904 -3.675996 2.156598 1.186609 0.075018 -1.570445 2.523721 = -0.00466875 @ 399572 186163
-1.560373 4.400297 3.285443 -2.132904 -3.675465 2.159616 1.188606 0.074479 -1.570136 2.519847 = -0.00476574 @ 397425 185265
-1.560373 4.400297 3.285443 -2.132904 -3.675465 2.159616 1.188606 0.074479 -1.570136 2.519848 = -0.00476586 @ 399496 186131
-1.561856 4.397845 3.284365 -2.136150 -3.676287 2.153440 1.184994 0.074815 -1.569905 2.519513 = -0.00484430 @ 399909 186307
4.140358 2.476117 2.671530 -4.523286 3.636637 1.852907 -4.343662 0.610478 4.010792 -3.296956 = -0.00486218 @ 392121 183051
4.140358 2.476117 2.671530 -4.523286 3.636637 1.852907 -4.343662 0.610478 4.010792 -3.296904 = -0.00487306 @ 397467 185282
4.140358 2.476117 2.671530 -4.523286 3.636637 1.852907 -4.343662 0.610478 4.010792 -3.296673 = -0.00494128 @ 394567 184073
4.140358 2.476117 2.671530 -4.523286 3.636637 1.852907 -4.343662 0.610478 4.010792 -3.296673 = -0.00494128 @ 399392 186089
-1.562720 4.400387 3.281687 -2.132807 -3.679321 2.155882 1.185039 0.075744 -1.570731 2.518864 = -0.00496181 @ 391125 182634
-1.561586 4.397908 3.284998 -2.132807 -3.676514 2.151634 1.184808 0.074686 -1.570445 2.519147 = -0.00506282 @ 395809 184593
-1.561782 4.395682 3.283938 -2.132982 -3.675787 2.158008 1.184538 0.072963 -1.570390 2.519276 = -0.00509789 @ 399921 186312
-1.561767 4.400232 3.284912 -2.132823 -3.676466 2.156157 1.184517 0.079769 -1.570043 2.518867 = -0.00515500 @ 398364 185658
4.140358 2.476117 2.671517 -4.523286 3.637798 1.856321 -4.343662 0.610478 4.009963 -3.296956 = -0.00557171 @ 396318 184804
-1.561588 4.400297 3.285787 -2.133483 -3.677288 2.161408 1.184888 0.074479 -1.570262 2.518867 = -0.00559655 @ 399953 186326
1.759070 1.596161 -4.308880 -2.483673 0.363380 -0.062157 4.343166 1.897874 -2.234442 -2.157560 = -0.00560898 @ 398155 185573
1.759071 1.596161 -4.309056 -2.483710 0.363380 -0.062165 4.343166 1.897874 -2.234442 -2.157527 = -0.00561171 @ 396261 184781
1.759070 1.596161 -4.308969 -2.483673 0.363380 -0.062157 4.343166 1.897874 -2.234442 -2.157560 = -0.00563277 @ 389563 181981
4.140435 2.475731 2.670615 -4.523288 3.637042 1.856321 -4.341263 0.611406 4.010269 -3.295891 = -0.00564298 @ 386231 180578
4.140358 2.476117 2.671517 -4.523286 3.637703 1.856321 -4.343662 0.610478 4.009963 -3.296956 = -0.00564578 @ 394837 184187
-1.562553 4.400297 3.285443 -2.133483 -3.677288 2.161408 1.184888 0.074479 -1.570262 2.518864 = -0.00572621 @ 394585 184081
1.759071 1.596161 -4.308969 -2.483673 0.363380 -0.062157 4.343166 1.897874 -2.227764 -2.157560 = -0.00575244 @ 393981 183830
1.759190 1.596161 -4.309009 -2.483812 0.363380 -0.062158 4.343166 1.897874 -2.234579 -2.157560 = -0.00585991 @ 399510 186137
1.758002 1.596162 -4.309062 -2.483699 0.363380 -0.062156 4.343166 1.897874 -2.234848 -2.157555 = -0.00591239 @ 393077 183449
-1.562094 4.398471 3.289206 -2.133007 -3.675963 2.156671 1.188669 0.074850 -1.570165 2.518756 = -0.00594364 @ 399844 186279
4.140358 2.476215 2.671517 -4.523286 3.640510 1.856321 -4.343662 0.610478 4.010792 -3.296956 = -0.00603934 @ 393209 183505
-1.557271 4.399084 3.288792 -2.132808 -3.675696 2.155954 1.185049 0.074073 -1.570290 2.519173 = -0.00609284 @ 399987 186340
-1.561588 4.400297 3.285787 -2.132915 -3.675502 2.156047 1.184589 0.073166 -1.575454 2.518867 = -0.00611052 @ 398422 185682
4.140710 2.476117 2.671517 -4.523286 3.637301 1.856321 -4.343662 0.610478 4.010792 -3.296956 = -0.00611305 @ 395272 184367
4.140710 2.476117 2.671517 -4.523286 3.637301 1.856322 -4.343662 0.610478 4.010792 -3.296956 = -0.00611429 @ 399831 186273
4.140358 2.476117 2.671517 -4.523286 3.637152 1.856321 -4.343662 0.610478 4.009963 -3.296956 = -0.00618722 @ 392548 183230
4.140358 2.476215 2.671517 -4.523286 3.640696 1.856321 -4.343662 0.610478 4.010792 -3.296956 = -0.00622126 @ 394931 184227
4.140358 2.476117 2.671517 -4.523286 3.637301 1.856321 -4.343662 0.610478 4.010792 -3.296956 = -0.00628285 @ 390692 182451
-1.561586 4.400999 3.285471 -2.132485 -3.675746 2.156601 1.184890 0.074691 -1.564424 2.518864 = -0.00634288 @ 397336 185228
4.140710 2.476117 2.671517 -4.523286 3.637095 1.856321 -4.343662 0.610478 4.010792 -3.296956 = -0.00634630 @ 394831 184185
-1.562786 4.399961 3.285471 -2.132485 -3.675855 2.156601 1.184890 0.074884 -1.564424 2.518864 = -0.00639425 @ 399787 186255
1.759071 1.596161 -4.308969 -2.485571 0.363380 -0.062157 4.343166 1.897874 -2.235243 -2.157560 = -0.00655806 @ 395923 184641
1.759434 1.596161 -4.309105 -2.485659 0.363380 -0.062157 4.343166 1.897874 -2.235243 -2.157527 = -0.00686837 @ 392922 183384
-1.563089 4.398794 3.289289 -2.129079 -3.676040 2.157760 1.184986 0.073990 -1.570050 2.520072 = -0.00692169 @ 399925 186314
4.140441 2.476150 2.671530 -4.523286 3.636993 1.856321 -4.343662 0.610478 4.010792 -3.296028 = -0.00701494 @ 358474 169022
-1.561767 4.400301 3.287462 -2.132915 -3.675088 2.157732 1.184517 0.080020 -1.570043 2.518867 = -0.00713701 @ 395353 184401
-1.561586 4.400999 3.285797 -2.132915 -3.674621 2.156361 1.186066 0.076295 -1.564424 2.518864 = -0.00738027 @ 396943 185066
-1.561588 4.400773 3.286329 -2.132714 -3.676466 2.159102 1.184953 0.073906 -1.575454 2.518867 = -0.00754436 @ 397482 185289
-1.561586 4.400999 3.285797 -2.132915 -3.675465 2.158399 1.186066 0.076295 -1.564424 2.518864 = -0.00780736 @ 381457 178574
4.140358 2.478602 2.671530 -4.523286 3.637095 1.856321 -4.343663 0.610478 4.011715 -3.296956 = -0.00787836 @ 395888 184626
4.140358 2.478602 2.671530 -4.523286 3.637095 1.856321 -4.343663 0.610478 4.011715 -3.296956 = -0.00787836 @ 380669 178242
-1.562553 4.400297 3.280114 -2.136068 -3.675637 2.155028 1.186015 0.074479 -1.570262 2.518864 = -0.00811442 @ 385083 180096
-1.559084 4.398489 3.287462 -2.132654 -3.676012 2.154852 1.184891 0.074691 -1.570662 2.514249 = -0.00815620 @ 392347 183146
1.759234 1.595421 -4.308869 -2.483727 0.363380 -0.062123 4.339470 1.897865 -2.234437 -2.157851 = -0.00827238 @ 399873 186292
-1.556182 4.400433 3.289206 -2.132807 -3.675611 2.155882 1.185039 0.074479 -1.570262 2.519189 = -0.00842956 @ 389403 181916
-1.558797 4.400450 3.283400 -2.132915 -3.676696 2.157902 1.185110 0.080020 -1.570824 2.519837 = -0.00844705 @ 396885 185042
-1.561657 4.402840 3.285503 -2.132654 -3.676388 2.156942 1.185490 0.080798 -1.570374 2.518915 = -0.00878215 @ 399700 186217
-1.561657 4.402840 3.285503 -2.132912 -3.676388 2.156942 1.185490 0.080798 -1.570667 2.518915 = -0.00883302 @ 399158 185993
-1.561687 4.400754 3.282523 -2.132597 -3.676422 2.159120 1.184956 0.072230 -1.575522 2.518822 = -0.00981456 @ 399864 186288
-1.560444 4.400277 3.284518 -2.128733 -3.677262 2.156113 1.180137 0.074685 -1.568128 2.519403 = -0.00985632 @ 399860 186286
-1.559511 4.405965 3.284302 -2.132172 -3.677392 2.155919 1.184946 0.074674 -1.567044 2.519554 = -0.01000495 @ 398521 185724
1.759071 1.596161 -4.308969 -2.488749 0.363380 -0.062157 4.343166 1.897874 -2.235243 -2.157560 = -0.01004394 @ 386181 180557
-1.562894 4.401017 3.285211 -2.132880 -3.676174 2.156597 1.190381 0.074627 -1.569581 2.523943 = -0.01009501 @ 399915 186310
-1.561696 4.405392 3.285448 -2.132895 -3.676328 2.157057 1.185287 0.079644 -1.570625 2.518864 = -0.01039925 @ 399301 186052
-1.561586 4.400467 3.288167 -2.139802 -3.675506 2.155556 1.184370 0.074345 -1.569889 2.518866 = -0.01143315 @ 395351 184400
-1.562459 4.399740 3.289408 -2.126375 -3.676032 2.155882 1.185039 0.073873 -1.569903 2.520109 = -0.01153807 @ 391051 182603
-1.555742 4.402193 3.284379 -2.132842 -3.676175 2.160346 1.184626 0.073695 -1.572221 2.519787 = -0.01155196 @ 399964 186331
-1.562129 4.393831 3.287462 -2.131509 -3.677328 2.156056 1.184629 0.073780 -1.566185 2.519183 = -0.01166594 @ 396298 184796
-1.562563 4.398290 3.284895 -2.132829 -3.676575 2.148658 1.185106 0.074685 -1.570386 2.519105 = -0.01211334 @ 399933 186317
4.140358 2.476117 2.671425 -4.523286 3.637095 1.852907 -4.347370 0.610478 4.009963 -3.296956 = -0.01217806 @ 399653 186197
-1.562570 4.397909 3.285059 -2.132821 -3.676394 2.148646 1.184782 0.074552 -1.570521 2.519149 = -0.01242421 @ 397435 185269
-1.562570 4.397909 3.285059 -2.132821 -3.676394 2.148646 1.184782 0.074552 -1.570521 2.519149 = -0.01242421 @ 399848 186280
-1.560061 4.400593 3.285346 -2.132951 -3.675930 2.155840 1.184883 0.082574 -1.570305 2.519163 = -0.01249718 @ 399530 186146
4.140583 2.476117 2.671425 -4.524305 3.637095 1.852907 -4.347370 0.610344 4.009963 -3.296956 = -0.01303808 @ 387530 181126
4.140583 2.476117 2.671442 -4.524305 3.637095 1.852907 -4.347370 0.610344 4.009963 -3.296956 = -0.01305653 @ 398179 185583
-1.561586 4.400238 3.287366 -2.140711 -3.675850 2.156097 1.184951 0.075243 -1.570391 2.519147 = -0.01310806 @ 391483 182785
-1.561693 4.405190 3.285448 -2.132907 -3.676424 2.156956 1.185342 0.081116 -1.570678 2.518864 = -0.01318611 @ 399799 186260
-1.561652 4.405444 3.285863 -2.132653 -3.676276 2.157079 1.185785 0.080991 -1.570375 2.518773 = -0.01347191 @ 399921 186312
-1.561239 4.400380 3.286512 -2.132817 -3.676886 2.155618 1.184961 0.068264 -1.564745 2.519031 = -0.01359013 @ 399950 186324
-1.561586 4.408124 3.285439 -2.131359 -3.676696 2.154416 1.184888 0.074691 -1.570391 2.518864 = -0.01377172 @ 394144 183896
-1.561995 4.400297 3.284401 -2.132485 -3.684548 2.155332 1.184808 0.074479 -1.570262 2.518864 = -0.01381372 @ 398029 185520
-1.562553 4.400297 3.285443 -2.132485 -3.684548 2.155332 1.184962 0.074479 -1.570262 2.518864 = -0.01382308 @ 395644 184524
-1.562553 4.400323 3.285443 -2.132485 -3.684548 2.155028 1.186015 0.074479 -1.570262 2.518864 = -0.01404476 @ 391762 182899
4.140358 2.476117 2.671425 -4.524305 3.637095 1.852907 -4.347370 0.610344 4.011715 -3.296956 = -0.01419292 @ 383888 179592
4.140358 2.476117 2.671425 -4.524305 3.637095 1.852907 -4.347370 0.610344 4.011715 -3.296956 = -0.01419292 @ 389023 181755
4.140358 2.477887 2.671516 -4.523286 3.636396 1.852907 -4.347370 0.610344 4.011715 -3.296956 = -0.01435786 @ 381929 178771
4.140422 2.476151 2.671748 -4.523505 3.637247 1.855600 -4.347406 0.610493 4.011101 -3.296002 = -0.01469933 @ 390832 182509
-1.563737 4.401092 3.285479 -2.132917 -3.677601 2.156775 1.189606 0.074714 -1.563172 2.521117 = -0.01483577 @ 398290 185629
-1.559026 4.391662 3.284603 -2.133550 -3.675819 2.157045 1.184845 0.074663 -1.568709 2.519232 = -0.01506393 @ 398775 185830
-1.570524 4.400370 3.285689 -2.132907 -3.675980 2.157423 1.184617 0.075723 -1.570236 2.519222 = -0.01589148 @ 399556 186157
-1.561693 4.390957 3.285443 -2.132904 -3.675850 2.156096 1.184840 0.074884 -1.567788 2.519401 = -0.01631895 @ 382891 179174
-1.560549 4.390656 3.285443 -2.132729 -3.676091 2.155805 1.184955 0.074691 -1.570391 2.519205 = -0.01682493 @ 399899 186303
-1.559117 4.398854 3.281687 -2.132807 -3.679321 2.156213 1.185039 0.073796 -1.570731 2.511847 = -0.01752189 @ 399724 186227
-1.570677 4.400379 3.285685 -2.132913 -3.675998 2.159145 1.184615 0.076030 -1.570172 2.519187 = -0.01791953 @ 397435 185269
-1.559117 4.398854 3.281687 -2.132931 -3.679321 2.156325 1.183991 0.072695 -1.570731 2.511847 = -0.01816018 @ 399801 186260
-1.560009 4.400301 3.285443 -2.132915 -3.676012 2.157901 1.175738 0.074691 -1.570391 2.519352 = -0.01832985 @ 397985 185501
4.147174 2.478602 2.671530 -4.523286 3.637095 1.856321 -4.343663 0.610478 4.011715 -3.296956 = -0.01871198 @ 383167 179291
1.758639 1.599882 -4.309699 -2.484338 0.363380 -0.062551 4.347771 1.897912 -2.234445 -2.159900 = -0.01878372 @ 394671 184118
1.758639 1.599882 -4.309699 -2.484338 0.363380 -0.062551 4.347771 1.897912 -2.234445 -2.159900 = -0.01878372 @ 399742 186235
-1.560061 4.400857 3.285346 -2.132899 -3.676220 2.147856 1.184589 0.069959 -1.570856 2.519147 = -0.01881984 @ 399703 186219
-1.560061 4.400857 3.284821 -2.132717 -3.676220 2.147856 1.184589 0.069959 -1.570856 2.519147 = -0.01889015 @ 399720 186226
1.764510 1.597393 -4.309967 -2.485055 0.363380 -0.062157 4.343166 1.897874 -2.235243 -2.159230 = -0.02038818 @ 395213 184342
-1.562577 4.398963 3.287366 -2.140711 -3.673367 2.159102 1.184600 0.073906 -1.571906 2.515601 = -0.02175998 @ 364581 171544
-1.561668 4.398199 3.283818 -2.132765 -3.675985 2.166383 1.186616 0.074250 -1.570655 2.517254 = -0.02280333 @ 391747 182894
1.764510 1.599998 -4.309967 -2.485055 0.363380 -0.062157 4.343166 1.897874 -2.235243 -2.159230 = -0.02376783 @ 380684 178249
4.140358 2.476215 2.671517 -4.523286 3.637152 1.856321 -4.343662 0.610478 4.001749 -3.296956 = -0.02699154 @ 393591 183665
4.147174 2.478602 2.671530 -4.523286 3.637095 1.852907 -4.348439 0.610344 4.011715 -3.296956 = -0.02868546 @ 386807 180823
-1.561166 4.400433 3.286534 -2.133954 -3.676185 2.145434 1.184374 0.069496 -1.570295 2.518938 = -0.02875110 @ 374096 175499
-1.561155 4.398150 3.283438 -2.132904 -3.680394 2.167954 1.184833 0.073467 -1.570107 2.518864 = -0.03129420 @ 399928 186315
4.140358 2.484376 2.671530 -4.523286 3.636709 1.856321 -4.347568 0.610478 4.011715 -3.296956 = -0.03368575 @ 399756 186241
4.140358 2.484376 2.671530 -4.523286 3.636709 1.856321 -4.347568 0.610478 4.011715 -3.296956 = -0.03368664 @ 349399 165267
-1.565264 4.412198 3.286660 -2.133039 -3.675637 2.160696 1.185046 0.074496 -1.570687 2.520330 = -0.03527581 @ 399758 186242
-1.564939 4.400484 3.285192 -2.132647 -3.675901 2.153067 1.185047 0.065523 -1.561196 2.518894 = -0.03582711 @ 399897 186302
-1.559658 4.398903 3.284499 -2.132906 -3.685978 2.165382 1.185371 0.074568 -1.571180 2.519833 = -0.03587238 @ 399923 186313
1.765300 1.593586 -4.309063 -2.483854 0.367948 -0.066936 4.347581 1.897874 -2.227764 -2.157737 = -0.04040636 @ 353861 167101
-1.561192 4.400297 3.271729 -2.132899 -3.675083 2.157642 1.184853 0.071742 -1.575454 2.518867 = -0.04225500 @ 399675 186207
-1.560987 4.394630 3.284630 -2.136246 -3.677619 2.169226 1.184902 0.073144 -1.571371 2.518864 = -0.04275184 @ 399907 186306
-1.561822 4.400854 3.285683 -2.137149 -3.678230 2.154500 1.198677 0.075214 -1.566609 2.519484 = -0.04322867 @ 399984 186339
-1.562668 4.397246 3.285779 -2.117782 -3.676644 2.156775 1.184977 0.074792 -1.570284 2.519401 = -0.04432399 @ 382703 179095
-1.559084 4.397246 3.285443 -2.117782 -3.675996 2.155332 1.184962 0.074792 -1.570262 2.518864 = -0.04517707 @ 399821 186269
-1.559084 4.397246 3.285443 -2.117782 -3.676644 2.156474 1.185046 0.074792 -1.570445 2.518864 = -0.04521679 @ 399736 186233
-1.558871 4.402853 3.295153 -2.136501 -3.675961 2.146552 1.184884 0.074753 -1.570991 2.514376 = -0.04545271 @ 399879 186294
-1.561966 4.386347 3.278049 -2.133053 -3.675857 2.156486 1.184845 0.074859 -1.567582 2.520055 = -0.04564310 @ 399879 186294
-1.559084 4.397246 3.285443 -2.117782 -3.676644 2.156474 1.183792 0.074792 -1.570445 2.519537 = -0.04590742 @ 399731 186230
-1.561652 4.400255 3.285737 -2.137011 -3.676135 2.155372 1.199779 0.074840 -1.569513 2.519484 = -0.04627469 @ 399860 186286
-1.561371 4.400413 3.284713 -2.132897 -3.675368 2.161943 1.199132 0.077488 -1.570372 2.518832 = -0.04682567 @ 399974 186335
-1.560153 4.400295 3.272419 -2.133561 -3.674992 2.158491 1.184832 0.071772 -1.579285 2.518863 = -0.05069965 @ 399958 186328
-1.562459 4.399740 3.299545 -2.133416 -3.675988 2.156571 1.185039 0.083412 -1.570281 2.520109 = -0.05312764 @ 399683 186210
4.133128 2.481791 2.669572 -4.521394 3.636018 1.855169 -4.348439 0.608374 4.005429 -3.296996 = -0.05384532 @ 393765 183739
-1.562553 4.398488 3.288426 -2.133222 -3.667507 2.156841 1.184962 0.075710 -1.584040 2.519300 = -0.05415316 @ 399785 186254
-1.561186 4.387231 3.285103 -2.136482 -3.680113 2.165410 1.184881 0.074096 -1.573135 2.518914 = -0.05704254 @ 399947 186323
-1.561047 4.417707 3.285440 -2.131284 -3.676601 2.154658 1.184910 0.074691 -1.570391 2.518999 = -0.06064228 @ 399899 186303
-1.555014 4.412933 3.292999 -2.132653 -3.676709 2.160070 1.184983 0.081781 -1.570280 2.519224 = -0.06265499 @ 399866 186289
-1.561903 4.400297 3.302812 -2.133115 -3.675506 2.156717 1.184890 0.075920 -1.570393 2.523721 = -0.06267399 @ 399478 186124
-1.562588 4.400611 3.285340 -2.132548 -3.683699 2.152191 1.184910 0.059317 -1.576445 2.518558 = -0.06520791 @ 399542 186151
-1.561704 4.400841 3.298860 -2.144716 -3.675236 2.151553 1.184945 0.074505 -1.569490 2.522700 = -0.06854036 @ 399590 186171
-1.561843 4.399107 3.285242 -2.133389 -3.675527 2.174926 1.186898 0.075922 -1.571410 2.518936 = -0.06931763 @ 399853 186283
1.763647 1.586471 -4.311676 -2.483966 0.368408 -0.066647 4.352715 1.898491 -2.233605 -2.157700 = -0.08072260 @ 399608 186178
-1.558064 4.398290 3.285254 -2.148888 -3.677397 2.161287 1.184785 0.086468 -1.572262 2.520045 = -0.08558504 @ 399660 186200
-1.561804 4.400316 3.306618 -2.133232 -3.675550 2.156699 1.184887 0.077596 -1.570325 2.523765 = -0.09228520 @ 399864 186288
-1.562643 4.400297 3.286118 -2.132814 -3.676189 2.155028 1.184909 0.074479 -1.592138 2.518864 = -0.09286965 @ 399813 186265
-1.562821 4.390333 3.287024 -2.132796 -3.675982 2.153719 1.184849 0.092391 -1.570457 2.527878 = -0.09445129 @ 399611 186180
-1.561684 4.396824 3.285443 -2.136826 -3.675996 2.156208 1.184895 0.096911 -1.570308 2.518799 = -0.09754669 @ 399404 186094
-1.563425 4.400232 3.287039 -2.132796 -3.675986 2.156157 1.184887 0.096150 -1.570023 2.527792 = -0.10239619 @ 399782 186252
-1.539911 4.403966 3.284148 -2.132904 -3.674697 2.156756 1.184657 0.074038 -1.576870 2.523493 = -0.10540934 @ 396802 185007
-1.564252 4.399026 3.308793 -2.132458 -3.676580 2.156758 1.185046 0.074125 -1.569677 2.518309 = -0.10689054 @ 399758 186242
-1.551775 4.399150 3.284773 -2.133297 -3.673973 2.155753 1.185280 0.073933 -1.549977 2.525982 = -0.10717523 @ 386052 180502
-1.561193 4.399507 3.286143 -2.149802 -3.660217 2.156157 1.185337 0.075842 -1.570027 2.520484 = -0.10730578 @ 399709 186221
-1.561193 4.399507 3.286143 -2.149802 -3.660217 2.156157 1.185337 0.075842 -1.570027 2.520485 = -0.10730718 @ 397953 185488
-1.561693 4.405190 3.308939 -2.132907 -3.676424 2.155029 1.185342 0.081116 -1.570495 2.518864 = -0.11890093 @ 397702 185382
-1.561193 4.400232 3.287039 -2.149802 -3.660217 2.156157 1.185337 0.075842 -1.570027 2.527792 = -0.11898552 @ 399818 186268
-1.562134 4.399092 3.280437 -2.132714 -3.676294 2.158454 1.181930 0.099003 -1.570030 2.518158 = -0.11907037 @ 399486 186127
-1.559441 4.384316 3.284423 -2.132537 -3.685601 2.141242 1.184814 0.066756 -1.573010 2.519507 = -0.12053400 @ 399390 186088
-1.563425 4.389217 3.287039 -2.132796 -3.675986 2.155219 1.184887 0.096150 -1.570482 2.527792 = -0.12375965 @ 399397 186091
-1.556172 4.404128 3.292762 -2.153708 -3.676017 2.160219 1.185001 0.084178 -1.570282 2.525120 = -0.12863553 @ 399817 186267
-1.562745 4.427269 3.285109 -2.132655 -3.675883 2.155392 1.184909 0.076877 -1.570375 2.519121 = -0.14305839 @ 399866 186289
-1.562665 4.398050 3.272050 -2.134519 -3.677897 2.159555 1.160608 0.078347 -1.570391 2.519100 = -0.15484378 @ 399980 186337
-1.561774 4.428057 3.286018 -2.132821 -3.675959 2.156470 1.183843 0.077569 -1.575164 2.520141 = -0.15561827 @ 399868 186289
-1.561656 4.428618 3.285523 -2.132654 -3.675799 2.155320 1.184899 0.077282 -1.570348 2.519137 = -0.15699939 @ 399987 186340
-1.564424 4.399329 3.296823 -2.133600 -3.702107 2.158035 1.184931 0.075326 -1.570273 2.518843 = -0.15842714 @ 399564 186160
-1.562129 4.398520 3.286852 -2.133248 -3.675417 2.156863 1.155228 0.078186 -1.566185 2.519183 = -0.17937727 @ 399734 186232
-1.560393 4.389910 3.284545 -2.132359 -3.683620 2.128740 1.184823 0.069518 -1.572546 2.519507 = -0.18143607 @ 399907 186306
-1.562674 4.400484 3.280094 -2.134305 -3.678732 2.155474 1.155228 0.078186 -1.570957 2.518749 = -0.18280778 @ 399117 185975
1.758980 1.595252 -4.309105 -2.504542 0.365992 -0.062157 4.343166 1.897874 -2.246283 -2.163514 = -0.18402997 @ 379676 177828
-1.562356 4.400551 3.309903 -2.133445 -3.678248 2.140754 1.184666 0.061420 -1.569703 2.518653 = -0.19656696 @ 399022 185935
-1.561693 4.400827 3.285665 -2.137518 -3.674719 2.176755 1.208711 0.076087 -1.571093 2.519122 = -0.20267518 @ 399974 186335
-1.564218 4.401058 3.284965 -2.136130 -3.675834 2.157154 1.184891 0.074696 -1.603485 2.517992 = -0.21564110 @ 398889 185879
-1.559151 4.397669 3.286852 -2.132691 -3.675882 2.156599 1.184901 0.074479 -1.536429 2.519814 = -0.21814906 @ 399626 186186
-1.561564 4.399998 3.285443 -2.132807 -3.675996 2.156474 1.185046 0.074142 -1.536429 2.521676 = -0.21949502 @ 399837 186276
-1.559151 4.398520 3.286852 -2.132250 -3.675882 2.156599 1.184977 0.074792 -1.536429 2.515765 = -0.21995168 @ 397765 185409
-1.559151 4.398520 3.286852 -2.132250 -3.675909 2.156195 1.184792 0.074142 -1.536429 2.515765 = -0.22029220 @ 395368 184407
-1.561567 4.397908 3.284857 -2.132815 -3.676744 2.156775 1.185338 0.074792 -1.604636 2.519172 = -0.22505816 @ 399855 186283
-1.561564 4.398337 3.285443 -2.132161 -3.710264 2.156863 1.184901 0.074691 -1.571308 2.521676 = -0.22645045 @ 399833 186274
-1.561203 4.398409 3.286973 -2.132903 -3.705788 2.144660 1.184948 0.089605 -1.571750 2.518864 = -0.23831838 @ 399928 186315
-1.560978 4.434446 3.285235 -2.132898 -3.675288 2.160399 1.185030 0.064972 -1.570462 2.519462 = -0.24359904 @ 399552 186155
-1.561766 4.399831 3.320955 -2.132660 -3.676121 2.156346 1.185460 0.074482 -1.570058 2.519755 = -0.24432623 @ 399539 186149
-1.562856 4.397309 3.285560 -2.132730 -3.709698 2.144322 1.187997 0.074186 -1.573282 2.519480 = -0.24733303 @ 399984 186339
-1.596613 4.399463 3.285433 -2.133169 -3.681972 2.156062 1.185204 0.074487 -1.572325 2.519466 = -0.24753103 @ 399366 186079
-1.559379 4.397349 3.286609 -2.132486 -3.675882 2.156598 1.184900 0.074524 -1.534164 2.520015 = -0.24819618 @ 399913 186309
-1.544924 4.404128 3.283532 -2.153708 -3.676017 2.160219 1.181051 0.073639 -1.593643 2.525120 = -0.25610309 @ 399353 186073
-1.561192 4.398337 3.286767 -2.132903 -3.710264 2.155992 1.184970 0.088507 -1.571308 2.518864 = -0.26136333 @ 399816 186267
-1.560173 4.399620 3.287860 -2.133637 -3.675795 2.155710 1.178191 0.074870 -1.607132 2.518988 = -0.26554262 @ 399778 186251
-1.558913 4.398337 3.286767 -2.132161 -3.710264 2.155992 1.184970 0.088507 -1.571308 2.525520 = -0.27324014 @ 398783 185834
-1.563026 4.397908 3.285505 -2.132868 -3.711792 2.143449 1.186895 0.074561 -1.570378 2.519481 = -0.27695072 @ 399923 186313
-1.559191 4.398177 3.303015 -2.132786 -3.675761 2.156826 1.184978 0.074751 -1.536944 2.514319 = -0.27887062 @ 399944 186322
-1.562141 4.361602 3.279108 -2.136823 -3.675899 2.155242 1.184974 0.074067 -1.570299 2.521867 = -0.29468114 @ 399960 186329
-1.562625 4.400264 3.284382 -2.170598 -3.667507 2.156841 1.184890 0.075710 -1.570391 2.519300 = -0.29821087 @ 399996 186344
-1.560470 4.439774 3.285346 -2.132904 -3.675971 2.156096 1.184840 0.074884 -1.570374 2.519401 = -0.30098391 @ 399767 186246
-1.560470 4.439774 3.285346 -2.132899 -3.675971 2.156375 1.185025 0.069334 -1.570374 2.519467 = -0.30589932 @ 397215 185179
-1.560470 4.439774 3.285346 -2.132899 -3.675688 2.161698 1.185025 0.069334 -1.570374 2.519467 = -0.31089152 @ 398809 185845
-1.561690 4.383986 3.285796 -2.133450 -3.713344 2.156398 1.184960 0.066104 -1.570524 2.519209 = -0.32993213 @ 399502 186134
-1.560470 4.439774 3.285346 -2.132899 -3.675971 2.145434 1.184374 0.069496 -1.570374 2.519467 = -0.33374804 @ 399872 186291
-1.560470 4.439774 3.285346 -2.132899 -3.675971 2.145434 1.184374 0.069496 -1.570374 2.519467 = -0.33375448 @ 399771 186247
-1.561733 4.400264 3.285444 -2.170598 -3.667507 2.156841 1.186503 0.075710 -1.584040 2.519300 = -0.34175519 @ 398959 185909
-1.566374 4.398409 3.278056 -2.132392 -3.637005 2.168070 1.185933 0.077955 -1.570391 2.518968 = -0.34409751 @ 398354 185655
-1.573267 4.398121 3.278513 -2.132373 -3.636947 2.164558 1.185762 0.079016 -1.570624 2.518919 = -0.35898261 @ 399964 186331
-1.559840 4.440720 3.285465 -2.130195 -3.675963 2.143556 1.184428 0.069378 -1.570227 2.519504 = -0.35917294 @ 399925 186314
-1.561085 4.400107 3.285346 -2.132951 -3.671015 2.198416 1.184883 0.080993 -1.570305 2.519023 = -0.36061558 @ 399649 186196
-1.560045 4.411944 3.283517 -2.132822 -3.677721 2.156186 1.183964 0.075801 -1.611221 2.509910 = -0.36376000 @ 399594 186173
-1.562094 4.400056 3.289206 -2.132807 -3.675724 2.156112 1.142529 0.075460 -1.577897 2.518756 = -0.36598443 @ 399697 186216
-1.562689 4.400283 3.286944 -2.133177 -3.716627 2.156171 1.184977 0.093810 -1.570391 2.518864 = -0.37940814 @ 397815 185430
-1.562598 4.400224 3.284752 -2.136068 -3.673122 2.156056 1.185046 0.029847 -1.570730 2.518864 = -0.38781431 @ 392963 183402
-1.559151 4.398520 3.286852 -2.132250 -3.675882 2.156599 1.155228 0.078186 -1.536429 2.515765 = -0.40265179 @ 399459 186116
-1.560012 4.400282 3.284825 -2.132022 -3.676076 2.154874 1.184886 0.121454 -1.569042 2.519484 = -0.40910030 @ 399115 185974
-1.564189 4.400224 3.284752 -2.136068 -3.672465 2.156039 1.185043 0.028410 -1.570702 2.518864 = -0.41303514 @ 398945 185903
-1.562570 4.397909 3.285399 -2.132821 -3.722487 2.148646 1.187388 0.074552 -1.570341 2.519422 = -0.41907426 @ 399777 186250
-1.543406 4.404705 3.283156 -2.160479 -3.675665 2.156133 1.182168 0.074050 -1.603034 2.525397 = -0.42163988 @ 399263 186037
-1.561585 4.406092 3.285528 -2.131588 -3.676711 2.154678 1.184442 0.074842 -1.617446 2.517992 = -0.42686337 @ 399687 186212
-1.558940 4.411044 3.284383 -2.132922 -3.676373 2.156237 1.183762 0.076073 -1.616068 2.510391 = -0.43835923 @ 399917 186310
4.140402 2.476021 2.706303 -4.523286 3.636637 1.856321 -4.347700 0.609985 4.005316 -3.295283 = -0.44263188 @ 399710 186221
-1.584045 4.437766 3.285314 -2.132901 -3.675522 2.162280 1.185114 0.071080 -1.567108 2.501973 = -0.45555393 @ 399035 185941
-1.560454 4.401099 3.284688 -2.132715 -3.676242 2.145308 1.184597 0.121798 -1.560642 2.525582 = -0.46635112 @ 399713 186223
-1.562349 4.400224 3.284748 -2.136068 -3.665571 2.156056 1.184919 0.026686 -1.570730 2.518860 = -0.47031377 @ 399661 186201
-1.562349 4.400201 3.284748 -2.135060 -3.665571 2.156088 1.184919 0.026686 -1.573902 2.518860 = -0.47034715 @ 398836 185857
-1.561630 4.399765 3.284915 -2.132612 -3.628774 2.156614 1.184714 0.075202 -1.556931 2.519235 = -0.47937538 @ 399997 186344
-1.561888 4.400290 3.274714 -2.132075 -3.675276 2.157323 1.233182 0.078426 -1.570168 2.519244 = -0.48309954 @ 399310 186056
-1.561819 4.423163 3.241915 -2.135561 -3.677178 2.169088 1.180715 0.079686 -1.569354 2.524897 = -0.49415768 @ 399980 186337
-1.561197 4.400362 3.233239 -2.132898 -3.676427 2.156612 1.185777 0.078545 -1.570340 2.519350 = -0.50346700 @ 399989 186341
-1.562459 4.400201 3.299545 -2.135060 -3.665571 2.156571 1.184919 0.026686 -1.570281 2.518860 = -0.50781512 @ 399835 186275
1.758899 1.594841 -4.306611 -2.483102 0.404828 -0.067450 4.343148 1.896095 -2.229114 -2.157223 = -0.51551393 @ 399144 185987
-1.561936 4.386301 3.285263 -2.138194 -3.672118 2.157725 1.185411 0.033646 -1.598597 2.518969 = -0.51677846 @ 398358 185656
-1.559727 4.415320 3.284384 -2.132919 -3.676339 2.156235 1.183700 0.076069 -1.619594 2.510871 = -0.51826728 @ 398906 185886
-1.562553 4.398488 3.288426 -2.133222 -3.728387 2.157945 1.184962 0.074479 -1.570262 2.518864 = -0.52105210 @ 398703 185800
-1.560173 4.401559 3.287860 -2.133637 -3.675795 2.155710 1.178191 0.112057 -1.607132 2.519213 = -0.52641119 @ 398695 185797
-1.561574 4.418905 3.284958 -2.132855 -3.675856 2.156480 1.184888 0.074691 -1.520728 2.518905 = -0.54120603 @ 399020 185934
-1.561197 4.400362 3.233239 -2.135559 -3.676427 2.171537 1.185777 0.078555 -1.570340 2.522714 = -0.54543559 @ 399470 186120
-1.561197 4.400362 3.233239 -2.135559 -3.676427 2.171537 1.185777 0.078545 -1.570340 2.522714 = -0.54544002 @ 398700 185799
-1.561197 4.400362 3.233239 -2.135559 -3.676427 2.171537 1.185777 0.078545 -1.570340 2.522714 = -0.54544002 @ 396420 184847
-1.561586 4.400423 3.285069 -2.137022 -3.665782 2.156717 1.183842 0.022591 -1.570160 2.518864 = -0.55103364 @ 399650 186196
-1.562553 4.346423 3.285443 -2.132485 -3.675996 2.155332 1.184962 0.074479 -1.570262 2.519273 = -0.55136793 @ 399040 185943
-1.580925 4.400400 3.280322 -2.132271 -3.671015 2.198416 1.184111 0.080993 -1.568602 2.499691 = -0.55396326 @ 399335 186066
-1.580925 4.400400 3.280322 -2.132271 -3.671015 2.198416 1.184111 0.080993 -1.568602 2.499691 = -0.55396326 @ 398532 185729
-1.561586 4.404378 3.285069 -2.137022 -3.665782 2.156775 1.183842 0.022591 -1.570160 2.519161 = -0.55643924 @ 399748 186238
-1.561588 4.346423 3.285688 -2.132931 -3.675996 2.156325 1.183991 0.072695 -1.575454 2.518867 = -0.55663347 @ 399063 185953
-1.561624 4.346423 3.285688 -2.132931 -3.675996 2.156325 1.183991 0.072695 -1.575845 2.519273 = -0.55744302 @ 398630 185770
-1.615199 4.399457 3.285431 -2.132941 -3.680582 2.156025 1.185018 0.074494 -1.570313 2.519531 = -0.56246907 @ 399269 186039
-1.615199 4.402236 3.285549 -2.132941 -3.680582 2.156941 1.185018 0.074494 -1.570662 2.519986 = -0.56621418 @ 399712 186222
-1.560308 4.400366 3.232210 -2.134393 -3.676507 2.170815 1.176931 0.078233 -1.570273 2.523006 = -0.57013478 @ 399005 185928
-1.572633 4.397669 3.230073 -2.132691 -3.675626 2.156474 1.183792 0.074479 -1.570445 2.519814 = -0.59427522 @ 399789 186255
-1.561967 4.356181 3.285443 -2.131374 -3.673891 2.156020 1.184977 0.074792 -1.533929 2.520132 = -0.60243247 @ 399972 186334
-1.562792 4.452533 3.289684 -2.133366 -3.662522 2.158276 1.183110 0.074403 -1.584876 2.520799 = -0.60334292 @ 399895 186301
-1.561809 4.420729 3.233872 -2.135775 -3.676343 2.173168 1.186095 0.079848 -1.568788 2.525249 = -0.63563006 @ 399206 186013
-1.561448 4.399807 3.284917 -2.132753 -3.619012 2.156616 1.184888 0.075381 -1.570678 2.519224 = -0.64639874 @ 397974 185496
-1.562277 4.399076 3.289371 -2.185757 -3.675756 2.179228 1.186346 0.074844 -1.570118 2.520009 = -0.66729208 @ 399590 186171
-1.562074 4.397246 3.285446 -2.133195 -3.735468 2.156775 1.180571 0.078716 -1.570284 2.519401 = -0.67698184 @ 399783 186253
-1.562368 4.399225 3.277612 -2.139482 -3.674782 2.157784 1.241975 0.075595 -1.570207 2.519224 = -0.67850949 @ 399870 186290
-1.571112 4.400901 3.285373 -2.139404 -3.619012 2.156616 1.184944 0.077122 -1.572833 2.519224 = -0.68858843 @ 399325 186061
-1.565285 4.398699 3.281847 -2.132477 -3.630572 2.174007 1.186218 0.078359 -1.536537 2.518928 = -0.69206184 @ 398296 185631
-1.561956 4.383896 3.235476 -2.135166 -3.675872 2.156920 1.178159 0.107251 -1.570406 2.519392 = -0.71679342 @ 398473 185704
-1.558203 4.400172 3.284591 -2.131740 -3.676068 2.120595 1.184932 0.126253 -1.569248 2.519302 = -0.74867485 @ 399518 186141
-1.561478 4.462985 3.284581 -2.132172 -3.676158 2.158053 1.184813 0.077432 -1.569483 2.518805 = -0.75599609 @ 399178 186001
-1.562297 4.399495 3.281067 -2.190474 -3.676130 2.172910 1.195911 0.074416 -1.570662 2.519118 = -0.76332522 @ 399870 186290
-1.561624 4.336681 3.285749 -2.132593 -3.676220 2.156474 1.185046 0.072113 -1.575900 2.518831 = -0.78147984 @ 397480 185288
-1.561649 4.401432 3.285401 -2.133355 -3.675954 2.157421 1.184928 0.139915 -1.570103 2.519186 = -0.79177915 @ 399530 186146
-1.567410 4.425395 3.285943 -2.132706 -3.674684 2.178195 1.184631 0.025475 -1.598585 2.513434 = -0.80839161 @ 399897 186302
-1.560470 4.425640 3.285693 -2.132699 -3.674589 2.161698 1.184700 0.016307 -1.589390 2.519467 = -0.82614160 @ 399894 186300
4.145624 2.483787 2.662953 -4.571907 3.636709 1.856321 -4.347568 0.612190 4.005275 -3.296958 = -0.82765903 @ 398640 185774
4.145624 2.483787 2.662953 -4.571907 3.636709 1.856321 -4.347568 0.612190 4.005275 -3.296958 = -0.82765903 @ 369926 173763
4.145624 2.483787 2.662953 -4.571907 3.636709 1.856321 -4.347568 0.612190 4.005274 -3.296958 = -0.82766338 @ 399905 186305
-1.519780 4.400312 3.285388 -2.131855 -3.727458 2.156555 1.187371 0.074361 -1.570391 2.519399 = -0.83124132 @ 398969 185913
1.759071 1.537457 -4.309105 -2.485005 0.363380 -0.062157 4.343166 1.897874 -2.235243 -2.157737 = -0.85219032 @ 397996 185506
-1.561802 4.400166 3.221481 -2.132660 -3.676121 2.156823 1.185460 0.098318 -1.570058 2.519377 = -0.85321329 @ 399729 186230
-1.561802 4.402236 3.221481 -2.132904 -3.675880 2.156823 1.185046 0.098318 -1.570662 2.519377 = -0.86027374 @ 399605 186177
-1.561564 4.400224 3.285443 -2.181442 -3.675882 2.172514 1.184882 0.118669 -1.570445 2.519352 = -0.86267542 @ 398785 185835
-1.561826 4.333624 3.290511 -2.133604 -3.674716 2.156303 1.184381 0.071363 -1.573755 2.518830 = -0.86797154 @ 398786 185835
-1.495938 4.399100 3.285033 -2.132908 -3.676374 2.164694 1.187605 0.073891 -1.559018 2.521449 = -0.87277267 @ 398325 185643
-1.560019 4.399283 3.322651 -2.176765 -3.676248 2.155017 1.177429 0.109653 -1.570480 2.516283 = -0.87548838 @ 398963 185910
1.759393 1.537457 -4.309105 -2.485005 0.357639 -0.066936 4.347581 1.897874 -2.227764 -2.157737 = -0.87830649 @ 396665 184949
1.760283 1.537457 -4.309105 -2.485005 0.357639 -0.066936 4.347581 1.897874 -2.227764 -2.157737 = -0.88048405 @ 386278 180599
-1.562288 4.399620 3.285419 -2.197570 -3.676180 2.174064 1.186400 0.074870 -1.570607 2.518988 = -0.90436013 @ 399192 186007
-1.562377 4.399100 3.273260 -2.132386 -3.674732 2.156630 1.251486 0.075141 -1.570262 2.519354 = -0.90832052 @ 399582 186167
-1.584559 4.400180 3.290684 -2.133546 -3.667971 2.157532 1.247079 0.078221 -1.570003 2.519470 = -0.90888308 @ 399215 186017
-1.561802 4.400166 3.221481 -2.134654 -3.675880 2.156823 1.169883 0.098318 -1.570387 2.519377 = -0.91474128 @ 399479 186124
-1.570763 4.425640 3.285693 -2.132699 -3.674589 2.175214 1.184700 0.016307 -1.589390 2.512988 = -0.91518404 @ 399390 186088
-1.568209 4.409659 3.285715 -2.132751 -3.675642 2.161124 1.184707 0.008584 -1.592138 2.513631 = -0.93709778 @ 399348 186071
-1.559151 4.336681 3.286852 -2.132250 -3.676220 2.156599 1.184792 0.074792 -1.536429 2.518831 = -0.96257000 @ 399647 186195
-1.560432 4.384104 3.328986 -2.172427 -3.676345 2.155107 1.177417 0.110065 -1.570443 2.513689 = -0.97365748 @ 399960 186329
-1.562486 4.400427 3.285235 -2.133045 -3.666234 2.156600 1.188780 0.074871 -1.498370 2.519329 = -1.00185465 @ 399997 186344
-1.563171 4.471895 3.289632 -2.133327 -3.675965 2.158290 1.183083 0.074283 -1.582733 2.520800 = -1.01085208 @ 399548 186153
-1.561564 4.346423 3.285443 -2.181442 -3.676490 2.156325 1.184882 0.075018 -1.570445 2.519273 = -1.03760388 @ 399657 186199
-1.562548 4.400336 3.358360 -2.132491 -3.676742 2.156629 1.184295 0.077285 -1.570236 2.518902 = -1.04967680 @ 399940 186320
-1.562609 4.436540 3.287948 -2.133201 -3.741861 2.157933 1.184737 0.074476 -1.570141 2.518864 = -1.06294719 @ 399895 186301
-1.559405 4.329507 3.284856 -2.152485 -3.675819 2.156304 1.184848 0.087780 -1.569022 2.519237 = -1.07186242 @ 399956 186327
-1.562668 4.397908 3.285779 -2.135422 -3.675611 2.156775 1.184734 0.074792 -1.494719 2.519401 = -1.08760612 @ 399795 186258
-1.559117 4.397908 3.285549 -2.132717 -3.675855 2.156213 1.184734 0.073796 -1.494719 2.511836 = -1.09914720 @ 399822 186270
-1.559117 4.398854 3.286881 -2.131892 -3.676053 2.156213 1.184734 0.073796 -1.494719 2.511847 = -1.10452013 @ 399413 186097
-1.561185 4.462379 3.285190 -2.162506 -3.675881 2.173255 1.184879 0.105551 -1.570132 2.519348 = -1.11927238 @ 399956 186327
-1.572633 4.397669 3.230073 -2.132691 -3.675626 2.155463 1.184901 0.074479 -1.624496 2.519814 = -1.12944532 @ 399027 185937
-1.621429 4.401080 3.284078 -2.133596 -3.723778 2.156538 1.183222 0.075138 -1.570572 2.519137 = -1.13402430 @ 399215 186017
-1.563102 4.324652 3.266967 -2.132454 -3.675418 2.156744 1.184864 0.073173 -1.578143 2.517175 = -1.15925631 @ 399877 186293
-1.563102 4.324652 3.266967 -2.132454 -3.675418 2.156744 1.184864 0.073173 -1.578143 2.517175 = -1.15925753 @ 399927 186314
-1.562086 4.478371 3.287284 -2.133280 -3.676109 2.156632 1.184845 0.072448 -1.568709 2.519232 = -1.16585355 @ 399794 186257
-1.561564 4.400228 3.285443 -2.209652 -3.676470 2.170890 1.184884 0.075034 -1.570444 2.519441 = -1.21151869 @ 399474 186122
-1.562086 4.478371 3.287284 -2.133280 -3.675506 2.156632 1.185039 0.072448 -1.587153 2.517578 = -1.21625737 @ 399820 186268
-1.483291 4.399052 3.284816 -2.132594 -3.676041 2.171615 1.186858 0.074202 -1.571739 2.518893 = -1.22802850 @ 399250 186031
-1.483291 4.399052 3.284816 -2.132594 -3.676041 2.171615 1.186858 0.074202 -1.571739 2.518893 = -1.22803628 @ 399849 186281
-1.562129 4.317773 3.286956 -2.132908 -3.677328 2.156598 1.184929 0.073780 -1.566185 2.523721 = -1.28354602 @ 399260 186035
-1.561614 4.463278 3.285443 -2.136855 -3.675239 2.156852 1.184977 0.074792 -1.516905 2.519534 = -1.31715435 @ 399972 186334
-1.565043 4.400385 3.284255 -2.132057 -3.675226 2.157642 1.187739 0.074479 -1.484623 2.519340 = -1.38782631 @ 398061 185533
-1.562668 4.400385 3.285233 -2.132904 -3.675996 2.156598 1.188606 0.074691 -1.484623 2.519340 = -1.38903495 @ 399840 186277
-1.561586 4.312264 3.285549 -2.132904 -3.675996 2.156474 1.185046 0.074479 -1.570262 2.519340 = -1.46073179 @ 395736 184563
1.759071 1.596161 -4.308969 -2.483673 0.363380 -0.139430 4.343166 1.897874 -2.227764 -2.157560 = -1.46468466 @ 399749 186238
-1.563273 4.312264 3.282999 -2.132892 -3.675926 2.156835 1.189750 0.076343 -1.570739 2.519283 = -1.46793190 @ 395619 184513
1.759071 1.598760 -4.309764 -2.483673 0.362566 -0.139430 4.343166 1.897874 -2.234489 -2.157531 = -1.47291606 @ 397474 185286
1.759071 1.598760 -4.309764 -2.483673 0.362566 -0.139430 4.343166 1.897874 -2.234489 -2.157531 = -1.47291606 @ 398273 185621
1.759113 1.598760 -4.309764 -2.483673 0.362566 -0.139430 4.343166 1.897874 -2.234489 -2.157531 = -1.47293285 @ 398757 185823
-1.651257 4.400138 3.285189 -2.129568 -3.676342 2.157681 1.189346 0.080503 -1.565352 2.523372 = -1.56941506 @ 399326 186062
-1.561693 4.400301 3.287462 -2.131509 -3.675083 2.157013 1.184109 0.165921 -1.571161 2.525183 = -1.57824794 @ 399624 186185
-1.559753 4.400223 3.284659 -2.132777 -3.672046 2.067248 1.184984 0.074004 -1.569768 2.516235 = -1.58126916 @ 399111 185973
-1.562418 4.406069 3.289051 -2.132709 -3.676071 2.156672 1.184109 0.165921 -1.567174 2.525183 = -1.58860967 @ 399403 186093
-1.562848 4.490585 3.289206 -2.133345 -3.675996 2.158264 1.182885 0.074400 -1.584755 2.520799 = -1.59023829 @ 398839 185858
1.765592 1.599919 -4.309670 -2.494119 0.363380 -0.062165 4.347581 1.920858 -2.305018 -2.156767 = -1.60946627 @ 398034 185522
-1.561586 4.419162 3.285443 -2.135422 -3.676530 2.156775 1.184977 0.074792 -1.480910 2.519149 = -1.61173860 @ 399670 186205
-1.644527 4.400932 3.285411 -2.133658 -3.716529 2.156486 1.183421 0.073302 -1.570553 2.519192 = -1.63605675 @ 399686 186211
-1.644527 4.400932 3.285411 -2.133658 -3.716529 2.156486 1.183421 0.073302 -1.570553 2.519192 = -1.63610583 @ 399127 185980
-1.475125 4.399610 3.284881 -2.131904 -3.705996 2.156175 1.188223 0.074407 -1.551012 2.518920 = -1.68777243 @ 399366 186079
-1.567926 4.400275 3.332927 -2.132867 -3.675519 2.160048 1.264122 0.080371 -1.561785 2.518987 = -1.72866031 @ 399329 186063
1.761247 1.577749 -4.318205 -2.504430 0.365532 -0.075144 4.390466 1.848955 -2.245788 -2.157565 = -1.73421382 @ 399414 186098
-1.560950 4.404971 3.381255 -2.133019 -3.677851 2.159876 1.185346 0.084017 -1.587702 2.532433 = -1.85926325 @ 399386 186087
-1.566529 4.399009 3.283230 -2.132423 -3.648043 2.192305 1.186767 0.077257 -1.482467 2.518912 = -1.86199544 @ 399333 186065
-1.561935 4.399189 3.285246 -2.132243 -3.675417 2.155332 1.184962 0.073135 -1.672713 2.518865 = -1.96371312 @ 398374 185663
-1.568013 4.410020 3.310576 -2.132581 -3.675590 2.161988 1.184439 -0.020161 -1.596242 2.497263 = -2.01786918 @ 399911 186308
1.762239 1.599882 -4.301047 -2.485005 0.277636 -0.060883 4.343757 1.898510 -2.225785 -2.160964 = -2.02057654 @ 366212 172218
-1.561740 4.295994 3.299545 -2.133416 -3.675988 2.156571 1.193322 0.083412 -1.570281 2.519354 = -2.12441656 @ 399479 186124
-1.466454 4.400006 3.285399 -2.131818 -3.722487 2.156412 1.187388 0.074346 -1.570341 2.519422 = -2.16714078 @ 399599 186174
-1.560228 4.400093 3.332586 -2.132594 -3.675129 2.157737 1.279728 0.078401 -1.564995 2.518953 = -2.26551045 @ 398278 185624
-1.562791 4.396611 3.285450 -2.132342 -3.565769 2.156726 1.179652 0.074955 -1.570266 2.519035 = -2.35225394 @ 399015 185932
-1.456539 4.399615 3.284883 -2.132132 -3.707386 2.156212 1.188410 0.074401 -1.553024 2.518855 = -2.38845779 @ 398957 185908
-1.562643 4.287843 3.285743 -2.132522 -3.676189 2.156219 1.184909 0.074810 -1.579424 2.519486 = -2.42789134 @ 399600 186175
-1.578359 4.400799 3.208984 -2.132131 -3.669903 2.188063 1.184647 0.083322 -1.576508 2.453840 = -2.48274133 @ 399808 186264
-1.567816 4.409417 3.285848 -2.132753 -3.675620 2.163672 1.184698 -0.043256 -1.602352 2.507196 = -2.76728337 @ 399713 186223
-1.549216 4.378669 3.162242 -2.133032 -3.675789 2.164561 1.184945 0.066011 -1.570991 2.524703 = -2.82896753 @ 399476 186123
-1.560927 4.401125 3.284724 -2.132799 -3.677087 2.156056 1.184440 0.076291 -1.448101 2.519339 = -2.87158929 @ 399450 186113
-1.560491 4.368162 3.400031 -2.133087 -3.678622 2.159351 1.185392 0.085654 -1.588984 2.534745 = -2.91659750 @ 399877 186293
1.759071 1.599882 -4.309748 -2.483673 0.362646 -0.171618 4.343166 1.897874 -2.234442 -2.157527 = -2.94005426 @ 398101 185550
1.759071 1.599882 -4.309748 -2.483673 0.362646 -0.171618 4.343166 1.897874 -2.234442 -2.157527 = -2.94005426 @ 397183 185166
