-3.395113 -3.317307 2.346836 = -0.00000000 @ 398000 88242
-3.395113 -3.317307 2.346836 = -0.00000000 @ 396314 87947
-3.395113 -3.317307 2.346836 = -0.00000000 @ 394338 87593
-3.395113 -3.317307 2.346836 = -0.00000000 @ 399778 88554
-3.395113 -3.317307 2.346836 = -0.00000000 @ 388652 86572
-1.561545 4.400020 3.285295 = -0.00000000 @ 396796 88030
-1.561545 4.400020 3.285295 = -0.00000000 @ 394368 87599
-1.561545 4.400020 3.285295 = -0.00000000 @ 399407 88488
-1.561545 4.400020 3.285295 = -0.00000000 @ 393795 87494
-1.561545 4.400020 3.285295 = -0.00000000 @ 394888 87694
-1.561545 4.400020 3.285295 = -0.00000000 @ 397175 88097
-1.561545 4.400020 3.285295 = -0.00000000 @ 390575 86916
-3.395113 -3.317307 2.346836 = -0.00000000 @ 397129 88088
-3.395113 -3.317307 2.346836 = -0.00000000 @ 392481 87259
-3.395113 -3.317307 2.346836 = -0.00000000 @ 390597 86921
1.757743 1.595737 -4.308932 = -0.00000000 @ 398633 88353
1.757743 1.595737 -4.308932 = -0.00000000 @ 399943 88584
-1.561545 4.400020 3.285295 = -0.00000000 @ 394113 87553
-1.561545 4.400020 3.285295 = -0.00000000 @ 398021 88246
-1.561545 4.400020 3.285295 = -0.00000000 @ 399094 88433
-1.561545 4.400020 3.285295 = -0.00000000 @ 399584 88519
-1.561545 4.400020 3.285295 = -0.00000000 @ 398872 88394
-1.561545 4.400020 3.285295 = -0.00000000 @ 394373 87600
-1.561545 4.400020 3.285295 = -0.00000000 @ 394988 87713
-1.561545 4.400020 3.285295 = -0.00000000 @ 394062 87542
1.757743 1.595737 -4.308932 = -0.00000000 @ 398942 88406
4.141257 2.477012 2.669820 = -0.00000000 @ 399365 88481
-3.395113 -3.317307 2.346836 = -0.00000000 @ 384344 85795
-1.561545 4.400020 3.285295 = -0.00000000 @ 398196 88276
-1.561545 4.400020 3.285295 = -0.00000000 @ 399565 88516
-1.561545 4.400020 3.285295 = -0.00000000 @ 399762 88552
-1.561545 4.400021 3.285295 = -0.00000000 @ 398446 88320
4.141257 2.477012 2.669820 = -0.00000000 @ 398315 88298
4.141257 2.477012 2.669820 = -0.00000000 @ 396207 87928
4.141257 2.477012 2.669820 = -0.00000000 @ 399171 88446
4.141257 2.477012 2.669820 = -0.00000000 @ 399719 88543
-1.561545 4.400020 3.285295 = -0.00000000 @ 390369 86876
-3.395113 -3.317307 2.346836 = -0.00000000 @ 392339 87234
-3.395113 -3.317307 2.346836 = -0.00000000 @ 395811 87860
-3.395113 -3.317307 2.346836 = -0.00000000 @ 393554 87450
-3.395113 -3.317307 2.346836 = -0.00000000 @ 389934 86799
1.757743 1.595737 -4.308931 = -0.00000000 @ 398942 88406
1.757743 1.595737 -4.308931 = -0.00000000 @ 399447 88495
-3.395113 -3.317307 2.346836 = -0.00000000 @ 391087 87009
-1.561545 4.400020 3.285295 = -0.00000000 @ 396796 88030
-1.561545 4.400021 3.285295 = -0.00000000 @ 388699 86581
1.757743 1.595737 -4.308931 = -0.00000000 @ 397789 88206
1.757743 1.595737 -4.308931 = -0.00000000 @ 393675 87473
1.757743 1.595737 -4.308931 = -0.00000000 @ 392662 87292
1.757743 1.595737 -4.308931 = -0.00000000 @ 398889 88397
1.757743 1.595737 -4.308931 = -0.00000000 @ 399785 88556
1.757743 1.595737 -4.308931 = -0.00000000 @ 392245 87217
1.757743 1.595737 -4.308931 = -0.00000000 @ 397252 88109
1.757743 1.595737 -4.308931 = -0.00000000 @ 399340 88477
1.757743 1.595737 -4.308931 = -0.00000000 @ 397397 88134
1.757743 1.595737 -4.308931 = -0.00000000 @ 396209 87929
1.757743 1.595737 -4.308931 = -0.00000000 @ 388479 86541
1.757743 1.595737 -4.308931 = -0.00000000 @ 395509 87807
4.141257 2.477012 2.669820 = -0.00000000 @ 395900 87876
4.141257 2.477012 2.669820 = -0.00000000 @ 393769 87490
4.141257 2.477012 2.669820 = -0.00000000 @ 394907 87698
4.141257 2.477012 2.669820 = -0.00000000 @ 395466 87800
4.141257 2.477012 2.669820 = -0.00000000 @ 397518 88156
4.141257 2.477012 2.669820 = -0.00000000 @ 399121 88438
4.141257 2.477012 2.669820 = -0.00000000 @ 399115 88437
4.141257 2.477012 2.669820 = -0.00000000 @ 396859 88041
4.141257 2.477012 2.669820 = -0.00000000 @ 396976 88061
4.141257 2.477012 2.669820 = -0.00000000 @ 397758 88200
4.141257 2.477012 2.669820 = -0.00000000 @ 380800 85151
4.141257 2.477012 2.669820 = -0.00000000 @ 395657 87833
4.141257 2.477012 2.669820 = -0.00000000 @ 397906 88226
4.141257 2.477012 2.669820 = -0.00000000 @ 399600 88522
4.141257 2.477012 2.669820 = -0.00000000 @ 392441 87252
4.141257 2.477012 2.669820 = -0.00000000 @ 397399 88135
4.141257 2.477012 2.669820 = -0.00000000 @ 397496 88153
4.141257 2.477012 2.669820 = -0.00000000 @ 394376 87600
1.757743 1.595737 -4.308931 = -0.00000000 @ 393752 87486
1.757743 1.595737 -4.308931 = -0.00000000 @ 395594 87823
-1.561545 4.400020 3.285295 = -0.00000000 @ 391998 87173
-1.561545 4.400020 3.285295 = -0.00000000 @ 392057 87184
-1.561545 4.400020 3.285295 = -0.00000000 @ 395657 87833
-1.561545 4.400020 3.285295 = -0.00000000 @ 399594 88521
-1.561545 4.400020 3.285295 = -0.00000000 @ 395905 87876
4.141257 2.477012 2.669820 = -0.00000000 @ 393811 87497
-1.561545 4.400020 3.285295 = -0.00000000 @ 386634 86210
-1.561545 4.400020 3.285295 = -0.00000000 @ 390236 86852
1.757743 1.595737 -4.308931 = -0.00000000 @ 393519 87443
1.757743 1.595737 -4.308931 = -0.00000000 @ 399213 88454
1.757743 1.595737 -4.308931 = -0.00000000 @ 392326 87232
4.141257 2.477012 2.669820 = -0.00000000 @ 390820 86961
-1.561545 4.400021 3.285295 = -0.00000000 @ 387134 86298
1.757743 1.595737 -4.308931 = -0.00000000 @ 388745 86588
1.757743 1.595737 -4.308931 = -0.00000000 @ 398824 88386
1.757743 1.595737 -4.308932 = -0.00000000 @ 396792 88030
1.757743 1.595737 -4.308932 = -0.00000000 @ 397257 88110
-1.561545 4.400021 3.285295 = -0.00000000 @ 383654 85669
-3.395113 -3.317307 2.346836 = -0.00000000 @ 393890 87511
-3.395113 -3.317307 2.346836 = -0.00000000 @ 389721 86758
-3.395113 -3.317307 2.346836 = -0.00000000 @ 397624 88176
-3.395113 -3.317307 2.346836 = -0.00000000 @ 396909 88050
-3.395113 -3.317307 2.346836 = -0.00000000 @ 392307 87228
-3.395113 -3.317307 2.346836 = -0.00000000 @ 394424 87609
-3.395113 -3.317307 2.346836 = -0.00000000 @ 394829 87683
1.757743 1.595737 -4.308931 = -0.00000000 @ 393732 87483
4.141257 2.477012 2.669820 = -0.00000000 @ 395626 87828
4.141257 2.477012 2.669820 = -0.00000000 @ 399587 88520
-3.395113 -3.317308 2.346836 = -0.00000000 @ 388363 86521
4.141257 2.477012 2.669820 = -0.00000000 @ 387123 86296
-3.395113 -3.317307 2.346836 = -0.00000000 @ 390542 86910
1.757743 1.595738 -4.308932 = -0.00000000 @ 388489 86543
-3.395113 -3.317307 2.346837 = -0.00000000 @ 393744 87485
-3.395113 -3.317307 2.346837 = -0.00000000 @ 387884 86437
4.141257 2.477011 2.669820 = -0.00000000 @ 387491 86364
1.757745 1.595738 -4.308932 = -0.00000000 @ 387874 86435
-3.395113 -3.317307 2.346837 = -0.00000000 @ 388347 86518
-3.395112 -3.317308 2.346837 = -0.00000000 @ 393598 87458
4.141257 2.477011 2.669818 = -0.00000001 @ 381544 85291
4.141257 2.477012 2.669818 = -0.00000001 @ 396690 88011
4.141256 2.477011 2.669821 = -0.00000001 @ 387687 86400
1.757743 1.595741 -4.308931 = -0.00000001 @ 397510 88155
-3.395114 -3.317305 2.346837 = -0.00000001 @ 383001 85555
1.757743 1.595737 -4.308927 = -0.00000001 @ 395219 87755
1.757740 1.595734 -4.308932 = -0.00000001 @ 391260 87041
1.757740 1.595734 -4.308932 = -0.00000002 @ 391183 87027
4.141254 2.477012 2.669820 = -0.00000002 @ 387070 86287
4.141254 2.477012 2.669820 = -0.00000002 @ 399652 88532
4.141254 2.477012 2.669820 = -0.00000002 @ 394397 87604
-1.561551 4.400021 3.285294 = -0.00000002 @ 389895 86791
-1.561551 4.400021 3.285294 = -0.00000002 @ 388294 86508
-1.561548 4.400019 3.285288 = -0.00000002 @ 389769 86767
4.141253 2.477012 2.669820 = -0.00000002 @ 387017 86277
4.141257 2.477012 2.669824 = -0.00000002 @ 394520 87626
1.757745 1.595744 -4.308931 = -0.00000003 @ 399504 88505
1.757745 1.595744 -4.308931 = -0.00000003 @ 399873 88572
1.757745 1.595740 -4.308937 = -0.00000003 @ 385489 86004
-1.561545 4.400028 3.285299 = -0.00000003 @ 385854 86069
1.757744 1.595745 -4.308931 = -0.00000004 @ 391134 87018
1.757746 1.595745 -4.308931 = -0.00000004 @ 389617 86739
1.757746 1.595745 -4.308931 = -0.00000004 @ 395495 87805
-3.395118 -3.317306 2.346837 = -0.00000004 @ 387253 86319
1.757744 1.595745 -4.308935 = -0.00000004 @ 397626 88176
-3.395118 -3.317306 2.346837 = -0.00000004 @ 385719 86044
-3.395118 -3.317306 2.346837 = -0.00000004 @ 387942 86447
-1.561549 4.400027 3.285301 = -0.00000004 @ 390475 86897
1.757752 1.595738 -4.308931 = -0.00000005 @ 397962 88236
1.757752 1.595738 -4.308931 = -0.00000005 @ 394061 87542
1.757752 1.595738 -4.308931 = -0.00000005 @ 393264 87399
1.757752 1.595738 -4.308932 = -0.00000005 @ 387584 86381
1.757752 1.595738 -4.308932 = -0.00000005 @ 389413 86704
1.757752 1.595738 -4.308932 = -0.00000005 @ 391271 87043
1.757752 1.595738 -4.308932 = -0.00000005 @ 399039 88423
1.757752 1.595738 -4.308932 = -0.00000005 @ 398995 88416
1.757736 1.595740 -4.308929 = -0.00000005 @ 381204 85226
1.757752 1.595738 -4.308927 = -0.00000005 @ 390016 86812
1.757736 1.595730 -4.308928 = -0.00000008 @ 396236 87934
1.757736 1.595730 -4.308928 = -0.00000008 @ 397708 88191
1.757740 1.595727 -4.308927 = -0.00000008 @ 390500 86902
1.757743 1.595725 -4.308932 = -0.00000010 @ 389059 86643
1.757744 1.595737 -4.308918 = -0.00000011 @ 398232 88283
-3.395116 -3.317307 2.346828 = -0.00000012 @ 373329 83812
1.757744 1.595737 -4.308918 = -0.00000012 @ 398633 88353
1.757746 1.595734 -4.308944 = -0.00000012 @ 362533 81820
4.141254 2.477019 2.669820 = -0.00000012 @ 388088 86472
1.757750 1.595743 -4.308918 = -0.00000015 @ 397415 88137
4.141266 2.477012 2.669818 = -0.00000016 @ 396328 87950
1.757742 1.595736 -4.308915 = -0.00000016 @ 395939 87883
-3.395106 -3.317304 2.346829 = -0.00000019 @ 387344 86336
1.757743 1.595720 -4.308932 = -0.00000019 @ 399330 88475
1.757743 1.595720 -4.308932 = -0.00000019 @ 392626 87286
1.757743 1.595719 -4.308924 = -0.00000024 @ 395350 87778
-1.561521 4.400021 3.285295 = -0.00000025 @ 370951 83373
1.757744 1.595736 -4.308910 = -0.00000029 @ 399144 88442
1.757744 1.595736 -4.308910 = -0.00000029 @ 386364 86161
1.757721 1.595735 -4.308932 = -0.00000033 @ 399080 88430
1.757721 1.595735 -4.308932 = -0.00000033 @ 398247 88285
1.757766 1.595742 -4.308931 = -0.00000033 @ 389868 86786
1.757740 1.595736 -4.308957 = -0.00000041 @ 399181 88449
1.757740 1.595736 -4.308957 = -0.00000041 @ 399937 88583
1.757740 1.595736 -4.308957 = -0.00000041 @ 398286 88292
1.757740 1.595736 -4.308957 = -0.00000041 @ 399179 88448
1.757744 1.595749 -4.308955 = -0.00000044 @ 399019 88420
1.757740 1.595749 -4.308955 = -0.00000045 @ 398584 88343
1.757740 1.595749 -4.308955 = -0.00000045 @ 399976 88589
1.757740 1.595748 -4.308957 = -0.00000046 @ 395418 87790
1.757740 1.595748 -4.308957 = -0.00000046 @ 397014 88069
1.757740 1.595748 -4.308957 = -0.00000046 @ 395539 87813
1.757769 1.595751 -4.308932 = -0.00000049 @ 393717 87480
1.757746 1.595766 -4.308932 = -0.00000052 @ 395505 87807
1.757746 1.595766 -4.308942 = -0.00000058 @ 394439 87611
1.757746 1.595766 -4.308942 = -0.00000058 @ 394084 87547
4.141258 2.477032 2.669818 = -0.00000079 @ 369462 83101
1.757769 1.595763 -4.308940 = -0.00000080 @ 396511 87981
-1.561502 4.400020 3.285295 = -0.00000081 @ 391498 87084
4.141257 2.477012 2.669842 = -0.00000092 @ 398773 88377
4.141253 2.477015 2.669842 = -0.00000092 @ 383492 85639
-1.561545 4.400028 3.285343 = -0.00000099 @ 399668 88534
1.757744 1.595732 -4.308891 = -0.00000105 @ 396847 88039
1.757744 1.595732 -4.308891 = -0.00000105 @ 394709 87661
1.757744 1.595732 -4.308891 = -0.00000105 @ 396704 88014
1.757744 1.595732 -4.308891 = -0.00000105 @ 399012 88419
1.757790 1.595742 -4.308931 = -0.00000136 @ 399521 88508
1.757790 1.595736 -4.308915 = -0.00000148 @ 397766 88202
1.757744 1.595735 -4.308880 = -0.00000167 @ 398901 88399
1.757790 1.595764 -4.308932 = -0.00000169 @ 399602 88522
-1.561549 4.400028 3.285232 = -0.00000169 @ 387929 86445
-1.561544 4.400028 3.285232 = -0.00000170 @ 387583 86381
1.757745 1.595749 -4.308982 = -0.00000170 @ 390461 86894
1.757790 1.595764 -4.308944 = -0.00000182 @ 396603 87997
1.757790 1.595764 -4.308944 = -0.00000182 @ 397218 88103
1.757691 1.595746 -4.308934 = -0.00000189 @ 380816 85154
1.757691 1.595746 -4.308934 = -0.00000189 @ 399179 88448
1.757691 1.595746 -4.308934 = -0.00000189 @ 399629 88527
1.757751 1.595799 -4.308915 = -0.00000255 @ 396504 87979
1.757746 1.595802 -4.308931 = -0.00000261 @ 397486 88151
-3.395119 -3.317265 2.346837 = -0.00000310 @ 386925 86261
4.141262 2.476968 2.669818 = -0.00000372 @ 370916 83367
4.141262 2.476968 2.669818 = -0.00000372 @ 399623 88526
1.757745 1.595658 -4.308932 = -0.00000395 @ 393203 87388
-1.561545 4.400020 3.285197 = -0.00000400 @ 398548 88338
1.757688 1.595695 -4.308980 = -0.00000420 @ 398293 88293
4.141207 2.477012 2.669816 = -0.00000477 @ 392703 87299
1.757831 1.595759 -4.308961 = -0.00000572 @ 393649 87468
1.757779 1.595796 -4.309009 = -0.00000649 @ 368760 82973
1.757743 1.595633 -4.308931 = -0.00000671 @ 397600 88172
1.757743 1.595737 -4.308825 = -0.00000716 @ 392197 87208
1.757741 1.595741 -4.309043 = -0.00000792 @ 394523 87626
1.757633 1.595740 -4.308932 = -0.00000804 @ 397169 88095
1.757639 1.595658 -4.308932 = -0.00000989 @ 382919 85540
1.757639 1.595658 -4.308932 = -0.00000989 @ 397379 88131
1.757743 1.595867 -4.308931 = -0.00001043 @ 386688 86220
-1.561473 4.400168 3.285294 = -0.00001086 @ 388706 86582
1.757744 1.595750 -4.309084 = -0.00001493 @ 394566 87635
4.141315 2.476936 2.669818 = -0.00001699 @ 394768 87672
4.141315 2.476936 2.669818 = -0.00001699 @ 398079 88256
4.141315 2.476936 2.669818 = -0.00001699 @ 394974 87710
1.757780 1.595728 -4.308760 = -0.00001906 @ 375177 84148
4.141254 2.477019 2.669935 = -0.00002487 @ 368553 82935
-3.395030 -3.317216 2.346839 = -0.00002557 @ 368606 82944
-1.561503 4.400270 3.285299 = -0.00002566 @ 375645 84233
-1.561503 4.400270 3.285299 = -0.00002566 @ 381982 85370
4.141257 2.477139 2.669820 = -0.00003017 @ 387102 86293
4.141257 2.477012 2.669690 = -0.00003144 @ 396921 88052
-3.395113 -3.317509 2.346837 = -0.00006871 @ 387044 86283
4.141076 2.476936 2.669818 = -0.00007191 @ 383098 85572
-1.561994 4.400020 3.285295 = -0.00008827 @ 398899 88399
-1.561545 4.400020 3.285880 = -0.00014321 @ 393180 87384
4.141257 2.477012 2.669511 = -0.00017817 @ 397618 88175
1.757368 1.596075 -4.309025 = -0.00018069 @ 380598 85114
4.141081 2.476890 2.670064 = -0.00019689 @ 387588 86382
-3.395464 -3.317306 2.346837 = -0.00020894 @ 394738 87666
1.757743 1.596341 -4.308931 = -0.00022611 @ 394569 87635
4.140978 2.477063 2.670066 = -0.00026380 @ 385351 85981
-3.395557 -3.317336 2.346831 = -0.00033474 @ 389992 86808
4.141393 2.477009 2.671249 = -0.00383710 @ 359530 81281
4.141300 2.477907 2.668670 = -0.00399783 @ 378446 84736
4.141239 2.475744 2.668881 = -0.00466695 @ 365607 82385
1.757740 1.592989 -4.308880 = -0.00468897 @ 395350 87778
-3.392916 -3.317306 2.346837 = -0.00825980 @ 394816 87681
1.753790 1.589293 -4.306835 = -0.03508220 @ 395786 87856
4.141257 2.477012 2.675080 = -0.05145071 @ 389255 86676
-3.395118 -3.327564 2.346837 = -0.17698192 @ 380148 85034
1.754537 1.574812 -4.308938 = -0.26649486 @ 399770 88553
1.757745 1.574230 -4.308924 = -0.28063416 @ 399826 88564
1.757751 1.572372 -4.308932 = -0.32898356 @ 399950 88585
1.732034 1.595738 -4.308961 = -0.42769200 @ 399731 88545
1.777213 1.619737 -4.305962 = -0.53269606 @ 399993 88593
1.728080 1.599190 -4.308938 = -0.58622926 @ 399995 88593
-1.561545 4.362200 3.292583 = -0.59070640 @ 399639 88528
-1.566225 4.362200 3.292583 = -0.60616463 @ 398660 88357
1.757683 1.628037 -4.308919 = -0.63441024 @ 399249 88460
1.757683 1.628037 -4.308919 = -0.63441024 @ 396338 87951
1.757769 1.628613 -4.308844 = -0.65763202 @ 397264 88111
1.757743 1.628613 -4.308890 = -0.65800586 @ 399434 88493
1.757743 1.628613 -4.308931 = -0.65821947 @ 399185 88450
1.757743 1.565875 -4.293547 = -0.66187898 @ 399798 88558
-1.561503 4.400270 3.244950 = -0.67933884 @ 399869 88571
-1.561392 4.407752 3.244950 = -0.73125334 @ 398988 88415
-1.561392 4.407752 3.244950 = -0.73125334 @ 399326 88474
1.757743 1.570075 -4.335074 = -0.87619451 @ 398850 88390
-1.515042 4.409742 3.279240 = -0.88725278 @ 399301 88470
-1.515042 4.409742 3.279240 = -0.88725278 @ 399342 88477
-1.515042 4.409729 3.279240 = -0.88798489 @ 399567 88516
-1.565275 4.351305 3.289098 = -0.96024128 @ 399783 88555
-1.565274 4.351305 3.289098 = -0.96025008 @ 399009 88418
-1.565274 4.351305 3.289098 = -0.96025008 @ 399099 88434
-1.565274 4.351305 3.289098 = -0.96025008 @ 399244 88460
-1.532370 4.441669 3.301877 = -0.99166807 @ 399924 88581
1.797177 1.596554 -4.292993 = -1.06871435 @ 399993 88593
1.716891 1.595734 -4.309004 = -1.09127442 @ 399231 88457
1.716891 1.595734 -4.309004 = -1.09127442 @ 399503 88505
1.716891 1.595734 -4.308886 = -1.09172373 @ 398505 88331
-1.502279 4.400020 3.285295 = -1.15908528 @ 397880 88221
-1.538709 4.409742 3.344382 = -1.33472947 @ 398162 88271
-1.538709 4.409742 3.344382 = -1.33476587 @ 399492 88503
1.779040 1.639459 -4.309107 = -1.34152149 @ 398594 88345
-1.561495 4.401448 3.348786 = -1.35165309 @ 399877 88573
-1.561545 4.400020 3.348670 = -1.36262847 @ 398385 88310
-1.561545 4.400020 3.348786 = -1.36817931 @ 397876 88221
-1.515042 4.409742 3.244950 = -1.51676378 @ 399459 88498
-0.499696 -4.012588 -4.880876 = -1.54318155 @ 392525 87268
-0.499696 -4.012588 -4.880876 = -1.54318155 @ 396712 88015
-0.499696 -4.012588 -4.880876 = -1.54318155 @ 396745 88021
-0.499696 -4.012588 -4.880876 = -1.54318155 @ 397293 88116
-0.499696 -4.012588 -4.880876 = -1.54318155 @ 397939 88232
-0.499696 -4.012588 -4.880876 = -1.54318155 @ 398067 88254
-0.499696 -4.012588 -4.880876 = -1.54318155 @ 398238 88284
-0.499696 -4.012588 -4.880876 = -1.54419678 @ 390429 86888
-0.499696 -4.012588 -4.880876 = -1.54419678 @ 394492 87621
-0.499696 -4.012588 -4.880876 = -1.54447211 @ 394510 87624
-0.499696 -4.012588 -4.880876 = -1.54670289 @ 395476 87802
-0.499696 -4.012588 -4.880876 = -1.54670289 @ 397433 88141
-0.499696 -4.012588 -4.880876 = -1.54670289 @ 398863 88393
-0.499696 -4.012588 -4.880876 = -1.54670289 @ 399672 88535
-0.499696 -4.012588 -4.880876 = -1.55207025 @ 387886 86437
-0.499696 -4.012588 -4.880876 = -1.55207025 @ 397940 88232
-0.499696 -4.012588 -4.880876 = -1.56536110 @ 389551 86727
-0.499696 -4.012588 -4.880876 = -1.56780795 @ 392254 87218
-0.499696 -4.012588 -4.880876 = -1.56975637 @ 393624 87463
-0.499696 -4.012588 -4.880876 = -1.57266442 @ 392179 87205
-0.499696 -4.012588 -4.880876 = -1.57266442 @ 397692 88189
-0.499696 -4.012588 -4.880876 = -1.57266442 @ 399292 88468
-0.499696 -4.012588 -4.880876 = -1.57266442 @ 399813 88560
-0.499695 -4.012589 -4.880876 = -1.57281945 @ 392562 87274
-0.499695 -4.012589 -4.880876 = -1.57281945 @ 393255 87398
-0.499695 -4.012589 -4.880876 = -1.57281945 @ 397835 88214
-0.499695 -4.012589 -4.880876 = -1.57281945 @ 399840 88566
-0.499696 -4.012588 -4.880876 = -1.57450402 @ 393682 87474
-0.499695 -4.012589 -4.880876 = -1.58738992 @ 387336 86335
-0.499695 -4.012589 -4.880876 = -1.58989248 @ 391492 87083
-1.556154 4.467709 3.285880 = -1.61332249 @ 399553 88514
-0.499695 -4.012588 -4.880876 = -1.62498310 @ 385093 85934
1.757744 1.594560 -4.360777 = -1.64104471 @ 399860 88569
1.757736 1.595730 -4.360777 = -1.64201410 @ 399451 88496
1.757736 1.595730 -4.360777 = -1.64201410 @ 399528 88509
1.757736 1.595730 -4.360777 = -1.64201410 @ 399643 88529
1.757992 1.594560 -4.360777 = -1.64433997 @ 397425 88139
1.757988 1.594560 -4.360777 = -1.64440012 @ 393260 87398
1.757988 1.594560 -4.360777 = -1.64440019 @ 396938 88055
-1.557403 4.467505 3.282627 = -1.65204429 @ 395344 87777
-0.499695 -4.012588 -4.880876 = -1.66972896 @ 387334 86334
-1.556154 4.467709 3.311674 = -1.71695067 @ 399163 88445
-1.556154 4.467709 3.311674 = -1.71695067 @ 399320 88473
-1.561544 4.467505 3.282627 = -1.73103285 @ 399645 88531
-1.561546 4.467505 3.282627 = -1.73112137 @ 399761 88551
-1.561544 4.447015 3.344382 = -1.76893236 @ 399757 88550
1.757908 1.594639 -4.363067 = -1.79829736 @ 398571 88341
1.728080 1.638653 -4.309004 = -1.86828239 @ 399258 88462
1.728080 1.638653 -4.309004 = -1.86828239 @ 399751 88549
1.815252 1.595737 -4.308932 = -1.98609409 @ 398709 88366
1.815252 1.595737 -4.308944 = -1.98666162 @ 399873 88572
1.816372 1.595737 -4.308932 = -2.05288982 @ 398489 88328
-1.482748 4.381580 3.286875 = -2.05817238 @ 398005 88243
-0.499702 -4.012602 -4.880883 = -2.06871617 @ 392454 87254
-0.499702 -4.012602 -4.880883 = -2.06877032 @ 384497 85823
-0.499702 -4.012602 -4.880883 = -2.06877032 @ 390778 86954
-0.499703 -4.012602 -4.880883 = -2.08299437 @ 390454 86893
-0.499703 -4.012602 -4.880883 = -2.09711407 @ 390347 86872
1.757743 1.654392 -4.309083 = -2.10786143 @ 397817 88210
1.757743 1.654392 -4.309083 = -2.10786143 @ 399577 88518
1.757743 1.654392 -4.309083 = -2.10786143 @ 399762 88552
1.757743 1.654396 -4.309083 = -2.10789171 @ 399649 88531
1.757741 1.654392 -4.309083 = -2.10796362 @ 397406 88136
1.757741 1.654755 -4.309080 = -2.13545387 @ 396041 87900
1.757741 1.654755 -4.309080 = -2.13545423 @ 397959 88235
-0.499713 -4.012615 -4.880886 = -2.30410977 @ 385398 85989
1.816707 1.588254 -4.290036 = -2.31305201 @ 396568 87991
-0.499717 -4.012624 -4.880886 = -2.47847121 @ 387169 86304
-1.561545 4.400020 3.208153 = -2.60421702 @ 399553 88514
1.757740 1.641711 -4.360777 = -2.64948785 @ 399018 88420
1.757746 1.595745 -4.375322 = -2.66394696 @ 396779 88027
1.757752 1.595738 -4.375322 = -2.66412652 @ 399950 88585
-1.557403 4.314639 3.282627 = -2.67385215 @ 398244 88285
-1.556154 4.467709 3.354012 = -2.97071286 @ 399727 88545
1.728080 1.569627 -4.254904 = -3.02893185 @ 398931 88404
1.728080 1.569627 -4.254904 = -3.02893185 @ 399183 88449
1.728080 1.569627 -4.254904 = -3.02893185 @ 399493 88503
1.728080 1.569627 -4.254902 = -3.02915654 @ 399228 88457
1.757751 1.572372 -4.375322 = -3.05650954 @ 399508 88506
1.755153 1.572372 -4.375322 = -3.06862046 @ 399982 88590
1.755153 1.572372 -4.375322 = -3.06862691 @ 399721 88543
1.755157 1.572372 -4.375322 = -3.06945534 @ 397678 88186
-1.561277 4.487704 3.289098 = -3.14925438 @ 399708 88541
1.830283 1.595737 -4.308931 = -3.17709381 @ 399798 88558
-3.395416 -3.362800 2.346837 = -3.32674373 @ 399735 88546
-3.395416 -3.362800 2.346837 = -3.32674373 @ 399785 88556
-3.395416 -3.362800 2.351892 = -3.35940059 @ 395473 87801
-3.395416 -3.362800 2.351892 = -3.35940059 @ 399987 88592
1.826414 1.561373 -4.300145 = -3.74521258 @ 398792 88381
1.830283 1.565875 -4.293547 = -3.99572447 @ 393643 87467
1.757743 1.676485 -4.290036 = -4.37829026 @ 399111 88436
1.757743 1.676485 -4.290036 = -4.37829026 @ 399834 88565
1.757743 1.676485 -4.290036 = -4.37829026 @ 399918 88579
1.757743 1.676485 -4.290036 = -4.37829026 @ 399930 88582
1.830283 1.595737 -4.360777 = -4.87677583 @ 399961 88587
-1.550696 4.476155 3.208153 = -4.88860183 @ 399447 88495
-1.550696 4.476155 3.208153 = -4.88860183 @ 399686 88538
-1.550696 4.476155 3.208153 = -4.88860183 @ 399563 88515
1.732034 1.598813 -4.231645 = -4.99109396 @ 398532 88335
-1.561545 4.400020 3.400684 = -5.41503134 @ 399877 88573
-1.561495 4.401448 3.400684 = -5.56025162 @ 398948 88407
-1.561495 4.401448 3.400684 = -5.56025162 @ 399980 88590
-1.561495 4.401448 3.400684 = -5.56025163 @ 398259 88288
1.855806 1.599190 -4.308938 = -5.65339580 @ 399099 88434
1.754537 1.574812 -4.406672 = -5.88150902 @ 398528 88334
1.754537 1.574812 -4.406672 = -5.88150902 @ 399611 88524
1.754537 1.574812 -4.406672 = -5.88150902 @ 399739 88547
1.757743 1.574812 -4.406672 = -5.97869819 @ 399871 88571
1.757752 1.595737 -4.414586 = -6.46165721 @ 398304 88295
-1.594352 4.390460 3.165277 = -6.74515122 @ 398973 88412
-1.594352 4.390460 3.165296 = -6.74788136 @ 398868 88393
1.757744 1.486679 -4.308843 = -6.85661199 @ 399826 88564
-1.420442 4.400314 3.244950 = -7.48546899 @ 399581 88519
-1.679570 4.400028 3.285232 = -7.52884699 @ 399757 88550
-1.561495 4.401448 3.149310 = -7.82918692 @ 396809 88033
1.855806 1.569627 -4.254902 = -7.83992516 @ 399995 88593
-1.538242 4.528433 3.311674 = -7.99748174 @ 398186 88275
-1.538242 4.528433 3.311674 = -7.99748174 @ 399449 88495
1.757741 1.709355 -4.308951 = -8.08135945 @ 398509 88331
1.757741 1.709355 -4.308951 = -8.08135945 @ 399693 88539
-1.556110 4.391113 3.440629 = -8.70613641 @ 398474 88325
-1.556110 4.391113 3.440629 = -8.70613641 @ 399131 88439
-1.514196 4.391113 3.440629 = -8.93112884 @ 399199 88452
-1.561545 4.309143 3.400708 = -9.17894303 @ 397784 88205
-1.561545 4.309143 3.400708 = -9.17894303 @ 397951 88234
-1.561545 4.309136 3.400708 = -9.18145008 @ 399564 88516
-1.561277 4.400229 3.439111 = -9.21765451 @ 399820 88562
1.638543 1.592989 -4.308880 = -9.24405833 @ 398999 88417
-1.561545 4.308906 3.400708 = -9.24491392 @ 398097 88259
1.757741 1.676462 -4.414586 = -9.25694407 @ 393342 87413
-1.561277 4.400229 3.440629 = -9.40163672 @ 399727 88544
1.757704 1.595738 -4.435417 = -9.44420242 @ 399331 88475
1.757752 1.595738 -4.191698 = -9.54964362 @ 399215 88455
1.757752 1.595738 -4.191698 = -9.54976144 @ 399802 88559
-1.499746 4.403697 3.439111 = -9.62769225 @ 398662 88358
-1.499670 4.403697 3.439111 = -9.63559624 @ 399137 88440
-1.499670 4.403697 3.439111 = -9.63559624 @ 399987 88592
-1.558758 4.405291 3.127591 = -9.68893772 @ 399468 88499
-1.558758 4.405291 3.127591 = -9.68893772 @ 399794 88557
-1.522107 4.404148 3.127591 = -9.79160789 @ 399689 88538
1.757744 1.465142 -4.308932 = -10.00468602 @ 399215 88455
1.757744 1.465133 -4.308932 = -10.00575475 @ 399679 88536
1.757744 1.465133 -4.308932 = -10.00575475 @ 399879 88573
1.890253 1.595736 -4.308930 = -10.14540704 @ 398618 88350
-1.558758 4.405291 3.448676 = -10.24180695 @ 399689 88538
-1.560012 4.404148 3.448676 = -10.26790938 @ 399776 88554
-1.522107 4.404148 3.448676 = -10.50696030 @ 398667 88359
-1.522107 4.404148 3.448676 = -10.50696030 @ 399650 88532
-1.679570 4.447015 3.344382 = -10.74264935 @ 398067 88254
-1.679570 4.447015 3.344382 = -10.74264951 @ 398251 88286
-1.502279 4.309143 3.149310 = -10.78338279 @ 399793 88557
-1.538242 4.528433 3.208153 = -10.86669237 @ 399163 88445
-1.538242 4.528433 3.208153 = -10.86669237 @ 399930 88582
-1.558758 4.405291 3.110918 = -10.97302602 @ 399350 88478
-1.558754 4.405291 3.110918 = -10.98375206 @ 395906 87877
1.877947 1.542446 -4.309829 = -11.14633377 @ 398563 88340
-1.558758 4.398188 3.110918 = -11.32910474 @ 398250 88286
-1.558758 4.398188 3.110918 = -11.32910474 @ 399910 88578
-1.558758 4.398188 3.110918 = -11.32910479 @ 398183 88274
-1.558754 4.398188 3.110918 = -11.33118233 @ 399350 88479
-1.558754 4.398188 3.110918 = -11.33118233 @ 399879 88573
1.735602 1.495276 -4.216951 = -11.37028470 @ 398563 88340
-1.561503 4.405321 3.110918 = -11.40079405 @ 398225 88282
1.639729 1.638653 -4.309004 = -11.45143597 @ 397635 88178
-1.561392 4.407752 3.110919 = -11.45346059 @ 398824 88386
1.639729 1.638653 -4.308886 = -11.45438133 @ 399418 88490
1.639729 1.638653 -4.308886 = -11.45438133 @ 399974 88589
1.638546 1.641708 -4.308867 = -11.99298555 @ 397483 88150
1.757721 1.595735 -4.175776 = -12.22149632 @ 399914 88578
1.757721 1.595735 -4.175776 = -12.22149632 @ 399980 88590
1.757743 1.595737 -4.175776 = -12.22360537 @ 395747 87850
-1.560012 4.394933 3.103461 = -12.27667699 @ 398713 88367
-1.560006 4.394933 3.103461 = -12.27720690 @ 398798 88382
1.638543 1.641708 -4.360777 = -12.33805485 @ 398177 88273
1.638543 1.641708 -4.360777 = -12.33805485 @ 399113 88436
1.638543 1.641708 -4.360777 = -12.33805485 @ 399113 88436
1.638543 1.641708 -4.360777 = -12.33805485 @ 399623 88526
1.638543 1.641708 -4.360777 = -12.33805485 @ 399937 88583
-1.556154 4.467709 3.440629 = -12.34834391 @ 399449 88495
-1.556154 4.467709 3.440629 = -12.34834391 @ 399613 88524
-1.522107 4.394933 3.103461 = -12.90145649 @ 399776 88554
-1.522107 4.394933 3.103461 = -12.90145649 @ 399796 88558
-1.561277 4.400229 3.477656 = -13.15672195 @ 399190 88451
-1.511177 4.400229 3.477656 = -13.43456042 @ 399708 88541
-1.709051 4.338539 3.274308 = -13.59369853 @ 398750 88373
-1.709051 4.338539 3.274299 = -13.59921888 @ 398258 88288
-1.550696 4.476155 3.440629 = -13.60876760 @ 399223 88456
-1.550696 4.476155 3.440629 = -13.60876760 @ 399670 88535
-1.550696 4.476155 3.440629 = -13.60876760 @ 399901 88576
-1.561543 4.400122 3.093386 = -13.93620099 @ 397463 88146
-1.561544 4.314630 3.110918 = -15.51866959 @ 399468 88499
-1.386972 4.314604 3.244950 = -15.84807319 @ 399694 88539
-1.386972 4.314639 3.244950 = -15.86308427 @ 397094 88082
-1.386972 4.405291 3.110918 = -16.33589487 @ 399586 88520
-1.537497 4.592990 3.274308 = -18.19181561 @ 399149 88443
-1.561567 4.592990 3.354012 = -18.23602671 @ 399064 88427
-1.561567 4.592990 3.354012 = -18.23602671 @ 399875 88572
1.757712 1.439480 -4.217841 = -18.90735909 @ 399246 88460
1.757743 1.439480 -4.217841 = -18.91006069 @ 399768 88553
1.757744 1.438532 -4.217843 = -19.00164368 @ 398216 88280
-1.511177 4.487704 3.071963 = -20.08781166 @ 399115 88437
