-2.184977 1.686836 0.587319 2.757556 -2.858739 -0.039449 -4.492427 -2.645783 -2.390299 -1.100003 = -0.00027794 @ 398709 205990
-2.184977 1.686836 0.587319 2.757597 -2.858739 -0.039449 -4.492427 -2.645783 -2.390299 -1.100003 = -0.00028571 @ 395124 204365
-2.184955 1.686836 0.587425 2.757597 -2.858409 -0.039449 -4.492427 -2.645783 -2.390299 -1.100003 = -0.00037739 @ 399571 206387
-2.184955 1.686836 0.587425 2.757597 -2.858409 -0.039449 -4.492427 -2.645783 -2.390299 -1.100003 = -0.00037739 @ 399525 206367
-2.184955 1.686836 0.587424 2.757597 -2.858409 -0.039449 -4.492427 -2.645783 -2.390299 -1.100003 = -0.00037753 @ 398902 206079
-0.499767 -4.012467 -4.881550 -1.010507 -3.045680 1.763091 3.204439 -2.007372 -3.891306 -3.244656 = -0.00038348 @ 399293 206260
-0.499767 -4.012467 -4.881550 -1.010507 -3.045680 1.763091 3.204439 -2.007371 -3.891306 -3.244656 = -0.00038374 @ 398945 206098
-0.499767 -4.012467 -4.881550 -1.010507 -3.045680 1.763091 3.204432 -2.007372 -3.891306 -3.244656 = -0.00038434 @ 399295 206260
-0.499767 -4.012467 -4.881550 -1.010507 -3.045680 1.763090 3.204439 -2.007318 -3.891306 -3.244656 = -0.00039305 @ 399764 206478
-0.499666 -4.012467 -4.881550 -1.010507 -3.045680 1.763119 3.204439 -2.007371 -3.891306 -3.244656 = -0.00039347 @ 398535 205909
-0.499767 -4.012467 -4.881550 -1.010507 -3.045680 1.763119 3.204439 -2.007371 -3.891306 -3.244656 = -0.00039410 @ 397895 205617
-0.499767 -4.012467 -4.881550 -1.010507 -3.045680 1.763119 3.204439 -2.007371 -3.891306 -3.244656 = -0.00039410 @ 399861 206523
-0.499767 -4.012467 -4.881550 -1.010507 -3.045680 1.763119 3.204439 -2.007371 -3.891306 -3.244656 = -0.00039410 @ 396896 205167
-0.499767 -4.012467 -4.881550 -1.010507 -3.045680 1.763119 3.204439 -2.007371 -3.891306 -3.244656 = -0.00039410 @ 397844 205595
-0.499767 -4.012467 -4.881550 -1.010562 -3.045680 1.763119 3.204439 -2.007371 -3.891306 -3.244656 = -0.00040102 @ 399188 206210
-0.499216 -4.012467 -4.881550 -1.010541 -3.045680 1.763012 3.204439 -2.007371 -3.891306 -3.244656 = -0.00041298 @ 399898 206541
-2.184977 1.686870 0.587319 2.757597 -2.858409 -0.039448 -4.492428 -2.645783 -2.390299 -1.100003 = -0.00041460 @ 399022 206134
-2.184977 1.686836 0.587319 2.757597 -2.858409 -0.039402 -4.492427 -2.645783 -2.390299 -1.100003 = -0.00041606 @ 398712 205991
-2.184977 1.686836 0.587319 2.757597 -2.858409 -0.039448 -4.492428 -2.645783 -2.390299 -1.100003 = -0.00042028 @ 398881 206070
-2.184955 1.686836 0.587319 2.757597 -2.858409 -0.039449 -4.492427 -2.645783 -2.390299 -1.100003 = -0.00042073 @ 398753 206010
-0.499216 -4.012467 -4.881442 -1.010541 -3.045680 1.763119 3.204439 -2.007371 -3.891306 -3.244656 = -0.00042093 @ 398352 205826
-2.184977 1.686836 0.587319 2.757597 -2.858409 -0.039660 -4.492427 -2.645783 -2.390299 -1.100003 = -0.00046465 @ 396132 204817
-2.184977 1.686836 0.587319 2.757597 -2.858409 -0.039660 -4.492427 -2.645783 -2.390299 -1.100003 = -0.00046465 @ 398481 205885
-0.499216 -4.012623 -4.881010 -1.010452 -3.045191 1.763052 3.204632 -2.007375 -3.889999 -3.244857 = -0.00046603 @ 399871 206528
-0.499216 -4.012623 -4.881010 -1.010452 -3.045191 1.763052 3.204632 -2.007375 -3.889999 -3.244857 = -0.00046605 @ 399330 206277
-0.499216 -4.012623 -4.881010 -1.010452 -3.045191 1.763052 3.204632 -2.007375 -3.889999 -3.244857 = -0.00046607 @ 399487 206349
-0.499216 -4.012623 -4.881010 -1.010458 -3.045191 1.763052 3.204632 -2.007375 -3.889999 -3.244857 = -0.00046668 @ 398619 205949
-0.499216 -4.012623 -4.881010 -1.010467 -3.045191 1.763052 3.204632 -2.007375 -3.889999 -3.244857 = -0.00046760 @ 397828 205588
-2.184851 1.686836 0.587319 2.757597 -2.858409 -0.039660 -4.492427 -2.645783 -2.390299 -1.100003 = -0.00047283 @ 397993 205664
-2.184851 1.686836 0.587318 2.757597 -2.858409 -0.039660 -4.492427 -2.645783 -2.390299 -1.100003 = -0.00047321 @ 399846 206517
-0.499216 -4.012632 -4.881010 -1.010537 -3.045194 1.763052 3.204711 -2.007378 -3.889999 -3.244857 = -0.00047452 @ 399992 206585
-0.499216 -4.012632 -4.881010 -1.010537 -3.045194 1.763052 3.204711 -2.007378 -3.889999 -3.244857 = -0.00047452 @ 399059 206151
-0.499216 -4.012632 -4.881010 -1.010537 -3.045194 1.763052 3.204711 -2.007375 -3.889999 -3.244857 = -0.00047493 @ 398652 205964
-0.499216 -4.012632 -4.881010 -1.010537 -3.045191 1.763052 3.204711 -2.007375 -3.889999 -3.244857 = -0.00047592 @ 398318 205810
-2.184977 1.686566 0.587319 2.757597 -2.859678 -0.039449 -4.492041 -2.645783 -2.390299 -1.100003 = -0.00048400 @ 398076 205701
-2.184977 1.686502 0.587319 2.757597 -2.859678 -0.039449 -4.492427 -2.645783 -2.390299 -1.099900 = -0.00049687 @ 394359 204015
-2.184977 1.686566 0.587319 2.757597 -2.859678 -0.039449 -4.492041 -2.645783 -2.390299 -1.100139 = -0.00050178 @ 398519 205902
-2.184977 1.686502 0.587319 2.757597 -2.859678 -0.039449 -4.492041 -2.645783 -2.390299 -1.100003 = -0.00051248 @ 398508 205897
-0.499216 -4.012623 -4.881010 -1.010537 -3.045191 1.763052 3.204402 -2.007375 -3.889945 -3.244857 = -0.00051385 @ 396273 204883
-2.184977 1.686502 0.587319 2.757551 -2.858409 -0.039449 -4.492427 -2.645783 -2.390299 -1.100003 = -0.00051772 @ 399130 206184
-2.184977 1.686502 0.587319 2.757597 -2.858409 -0.039358 -4.492427 -2.645783 -2.390299 -1.100003 = -0.00051853 @ 397981 205658
-2.184977 1.686502 0.587319 2.757597 -2.858409 -0.039360 -4.492427 -2.645783 -2.390299 -1.100003 = -0.00051865 @ 399622 206411
-2.184977 1.686502 0.587319 2.757597 -2.858409 -0.039358 -4.492427 -2.645723 -2.390299 -1.100003 = -0.00052748 @ 398185 205751
-0.499458 -4.012195 -4.882138 -1.010541 -3.045741 1.762402 3.204439 -2.007456 -3.891306 -3.244656 = -0.00053425 @ 399690 206443
-0.499458 -4.012195 -4.882138 -1.010541 -3.045741 1.762402 3.204439 -2.007455 -3.891306 -3.244656 = -0.00053442 @ 398227 205769
-0.499458 -4.012195 -4.882138 -1.010541 -3.045741 1.762402 3.204439 -2.007450 -3.891306 -3.244656 = -0.00053507 @ 396853 205147
-0.499458 -4.012195 -4.882138 -1.010541 -3.045741 1.762402 3.204438 -2.007450 -3.891306 -3.244656 = -0.00053507 @ 399968 206574
-0.499458 -4.012195 -4.882138 -1.010541 -3.045680 1.762402 3.204439 -2.007450 -3.891306 -3.244656 = -0.00053602 @ 395140 204373
-0.499458 -4.012195 -4.882138 -1.010541 -3.045680 1.762402 3.204439 -2.007281 -3.891306 -3.244656 = -0.00056460 @ 398894 206075
-2.184977 1.686836 0.587051 2.757597 -2.858409 -0.039449 -4.492427 -2.645783 -2.390299 -1.100003 = -0.00057314 @ 396637 205049
-0.499197 -4.012195 -4.882138 -1.010541 -3.045680 1.762711 3.204530 -2.007898 -3.891306 -3.244656 = -0.00059739 @ 398223 205768
-2.184977 1.686643 0.587691 2.756972 -2.859678 -0.039449 -4.492195 -2.645783 -2.390299 -1.100718 = -0.00062559 @ 398763 206014
-2.184977 1.686643 0.587691 2.756972 -2.859678 -0.039449 -4.492195 -2.645788 -2.390299 -1.100750 = -0.00064643 @ 399328 206276
-2.184977 1.686643 0.587691 2.756972 -2.859678 -0.039449 -4.492195 -2.645783 -2.390299 -1.100750 = -0.00064723 @ 397652 205507
-0.499216 -4.012195 -4.882138 -1.010541 -3.045680 1.763119 3.205077 -2.007898 -3.891306 -3.244656 = -0.00074005 @ 399985 206582
-0.499216 -4.012195 -4.882138 -1.010541 -3.045680 1.763119 3.205077 -2.007898 -3.891306 -3.244656 = -0.00074005 @ 396595 205031
-0.499216 -4.012623 -4.882135 -1.010740 -3.045691 1.762796 3.204402 -2.007375 -3.889945 -3.244857 = -0.00075348 @ 397886 205614
0.162783 3.781587 4.524296 -1.389798 -1.394214 -4.156197 4.296302 2.945065 3.274147 2.899622 = -0.00077416 @ 399867 206526
0.162783 3.781587 4.524296 -1.389798 -1.394214 -4.156197 4.296302 2.945064 3.274147 2.899622 = -0.00077491 @ 399406 206311
0.162783 3.781587 4.524296 -1.389798 -1.394214 -4.156197 4.296302 2.945064 3.274147 2.899622 = -0.00077491 @ 399749 206471
0.162783 3.781587 4.524296 -1.389798 -1.394214 -4.156197 4.296302 2.945064 3.274147 2.899622 = -0.00077497 @ 399943 206562
0.162783 3.781587 4.524296 -1.389798 -1.394214 -4.156222 4.296302 2.945064 3.274147 2.899622 = -0.00077951 @ 398956 206103
0.162784 3.781587 4.524296 -1.389798 -1.394214 -4.156226 4.296302 2.945064 3.274147 2.899622 = -0.00078062 @ 399237 206234
0.162783 3.781587 4.524296 -1.389798 -1.394143 -4.156226 4.296302 2.945064 3.274147 2.899622 = -0.00079191 @ 397863 205603
0.162783 3.781587 4.524296 -1.389798 -1.394271 -4.156214 4.296302 2.945064 3.274147 2.899622 = -0.00079319 @ 399660 206429
0.162783 3.781587 4.524296 -1.389798 -1.394143 -4.156234 4.296302 2.945064 3.274147 2.899622 = -0.00079370 @ 399958 206570
0.162783 3.781587 4.524296 -1.389798 -1.394143 -4.156234 4.296302 2.945064 3.274147 2.899622 = -0.00079371 @ 398342 205821
0.162783 3.781587 4.524296 -1.389798 -1.394271 -4.156226 4.296302 2.945064 3.274147 2.899622 = -0.00079703 @ 399181 206207
-2.184977 1.686502 0.587319 2.757597 -2.858409 -0.039448 -4.492428 -2.645783 -2.390299 -1.099022 = -0.00084614 @ 391116 202538
0.162688 3.781587 4.524292 -1.389696 -1.394143 -4.156226 4.296574 2.945070 3.274146 2.899619 = -0.00086036 @ 399643 206422
0.162902 3.781587 4.524205 -1.389798 -1.394143 -4.156226 4.296344 2.945048 3.274146 2.899619 = -0.00086202 @ 398752 206009
0.162688 3.781587 4.524292 -1.389727 -1.394219 -4.156226 4.296574 2.945064 3.274146 2.899619 = -0.00086776 @ 396909 205173
0.162688 3.781587 4.524292 -1.389696 -1.394143 -4.156226 4.296582 2.945070 3.274146 2.899619 = -0.00087316 @ 399519 206364
0.162688 3.781587 4.524292 -1.389696 -1.394143 -4.156226 4.296582 2.945070 3.274146 2.899619 = -0.00087316 @ 399847 206517
0.162688 3.781587 4.524292 -1.389696 -1.394143 -4.156226 4.296582 2.945064 3.274146 2.899619 = -0.00087698 @ 395178 204391
0.162688 3.781587 4.524292 -1.389696 -1.394143 -4.156226 4.296582 2.945064 3.274146 2.899628 = -0.00088360 @ 399456 206335
0.162689 3.781594 4.524296 -1.389797 -1.394144 -4.156225 4.296162 2.945064 3.274147 2.899622 = -0.00088762 @ 395080 204344
0.162665 3.781658 4.524296 -1.389823 -1.394145 -4.156226 4.296220 2.945195 3.274184 2.899653 = -0.00089818 @ 399593 206398
0.162665 3.781658 4.524296 -1.389823 -1.394145 -4.156226 4.296220 2.945195 3.274184 2.899653 = -0.00089820 @ 394150 203920
0.162665 3.781658 4.524296 -1.389823 -1.394145 -4.156226 4.296220 2.945195 3.274184 2.899653 = -0.00089821 @ 398033 205682
-2.185220 1.686979 0.587320 2.758032 -2.858559 -0.039448 -4.492428 -2.645777 -2.390300 -1.100873 = -0.00089978 @ 394777 204205
0.162688 3.781587 4.524292 -1.389582 -1.394143 -4.156226 4.296582 2.944922 3.274156 2.899619 = -0.00090121 @ 398629 205954
-0.499216 -4.011853 -4.881960 -1.010543 -3.045680 1.763119 3.204599 -2.007371 -3.891306 -3.244088 = -0.00090162 @ 398621 205950
0.162688 3.781589 4.524292 -1.389582 -1.394143 -4.156226 4.296582 2.944922 3.274156 2.899619 = -0.00090205 @ 399272 206250
0.162688 3.781587 4.524088 -1.389696 -1.394143 -4.156226 4.296582 2.945064 3.274146 2.899619 = -0.00091215 @ 398285 205795
0.162688 3.781587 4.524292 -1.389696 -1.394108 -4.156226 4.296582 2.945064 3.274146 2.899619 = -0.00091541 @ 399198 206215
0.162688 3.781587 4.524088 -1.389688 -1.394143 -4.156270 4.296582 2.945064 3.274146 2.899619 = -0.00091876 @ 398760 206013
0.162688 3.781587 4.524088 -1.389696 -1.394143 -4.156270 4.296582 2.945064 3.274146 2.899619 = -0.00092934 @ 398466 205878
0.162783 3.781592 4.524231 -1.389798 -1.394187 -4.156226 4.296574 2.945064 3.274147 2.899622 = -0.00097978 @ 399746 206470
0.162783 3.781592 4.524231 -1.389798 -1.394187 -4.156226 4.296574 2.945064 3.274147 2.899622 = -0.00097980 @ 398998 206123
0.162695 3.781567 4.524290 -1.389808 -1.394149 -4.156077 4.296441 2.945067 3.274149 2.899621 = -0.00098533 @ 396765 205107
0.162673 3.781588 4.524296 -1.389798 -1.394286 -4.156294 4.296571 2.945064 3.274147 2.899622 = -0.00100545 @ 399329 206276
0.162674 3.781588 4.524296 -1.389798 -1.394286 -4.156297 4.296571 2.945064 3.274147 2.899622 = -0.00100582 @ 399108 206173
0.162901 3.781587 4.524205 -1.389798 -1.394143 -4.156226 4.296563 2.945064 3.274146 2.899619 = -0.00100905 @ 399080 206160
0.162902 3.781587 4.524205 -1.389798 -1.394143 -4.156226 4.296574 2.945085 3.274146 2.899619 = -0.00101242 @ 397418 205405
0.162901 3.781587 4.524205 -1.389798 -1.394143 -4.156226 4.296574 2.945064 3.274146 2.899619 = -0.00102439 @ 398680 205977
-2.184977 1.686836 0.587319 2.757615 -2.858409 -0.040360 -4.492428 -2.645355 -2.390289 -1.099607 = -0.00103394 @ 398654 205965
-2.184988 1.686502 0.587783 2.755874 -2.858408 -0.039449 -4.492421 -2.645764 -2.390290 -1.099678 = -0.00127342 @ 397082 205252
-2.184988 1.686477 0.587783 2.755874 -2.858408 -0.039449 -4.492421 -2.645764 -2.390290 -1.099607 = -0.00130036 @ 398684 205978
-2.184988 1.686502 0.588121 2.755874 -2.858408 -0.039449 -4.492421 -2.645764 -2.390290 -1.099607 = -0.00130929 @ 395850 204694
-2.184988 1.686369 0.587783 2.755874 -2.858408 -0.039449 -4.492421 -2.645764 -2.390290 -1.099678 = -0.00133697 @ 398526 205905
-0.500023 -4.011892 -4.882138 -1.010543 -3.045680 1.763001 3.204402 -2.007371 -3.890351 -3.243195 = -0.00150564 @ 398618 205948
-0.499216 -4.012275 -4.882138 -1.010543 -3.047366 1.763119 3.204401 -2.007371 -3.891306 -3.244088 = -0.00151345 @ 391299 202620
0.162652 3.781845 4.524315 -1.389702 -1.394079 -4.155722 4.295498 2.945254 3.274182 2.899458 = -0.00239643 @ 396531 205000
0.162726 3.781845 4.524315 -1.389702 -1.394079 -4.155722 4.295498 2.945093 3.274182 2.899458 = -0.00246300 @ 394840 204234
0.162652 3.781845 4.524315 -1.388228 -1.394066 -4.155723 4.295498 2.945092 3.274182 2.899458 = -0.00858929 @ 380189 197489
0.162652 3.781845 4.524315 -1.388228 -1.394066 -4.155723 4.295498 2.945092 3.274182 2.899458 = -0.00858936 @ 399946 206564
0.162404 3.781433 4.525829 -1.390121 -1.395797 -4.156030 4.295326 2.945085 3.274009 2.899762 = -0.01390306 @ 399426 206321
-1.517419 3.693137 -4.844797 -4.356072 3.644721 0.856391 -2.680356 1.039798 0.381763 -2.769345 = -0.88713234 @ 399297 206261
-1.517419 3.693135 -4.844797 -4.356072 3.644718 0.856391 -2.680356 1.039798 0.381765 -2.769345 = -0.88723656 @ 399678 206437
-1.517419 3.693137 -4.844797 -4.356072 3.644718 0.856390 -2.680356 1.039798 0.381763 -2.769345 = -0.88724186 @ 399522 206366
-1.517419 3.693137 -4.844797 -4.356072 3.644718 0.856390 -2.680356 1.039798 0.381763 -2.769345 = -0.88724186 @ 399792 206491
-1.517419 3.693137 -4.844797 -4.356072 3.644718 0.856391 -2.680356 1.039798 0.381763 -2.769345 = -0.88724261 @ 399940 206561
-1.517419 3.693137 -4.844797 -4.356072 3.644718 0.856391 -2.680356 1.039798 0.381763 -2.769345 = -0.88724314 @ 399990 206585
-1.517419 3.693137 -4.844797 -4.356072 3.644718 0.856391 -2.680356 1.039798 0.381763 -2.769345 = -0.88724416 @ 399942 206562
-1.517419 3.693135 -4.844797 -4.356072 3.644718 0.856391 -2.680356 1.039798 0.381765 -2.769345 = -0.88724786 @ 399894 206540
-1.517419 3.693137 -4.844797 -4.356072 3.644718 0.856391 -2.680356 1.039798 0.381763 -2.769345 = -0.88724871 @ 394510 204085
-1.517419 3.693137 -4.844797 -4.356072 3.644718 0.856391 -2.680356 1.039798 0.381763 -2.769345 = -0.88725054 @ 398987 206118
-1.517419 3.693137 -4.844797 -4.356072 3.644718 0.856391 -2.680356 1.039798 0.381763 -2.769345 = -0.88725094 @ 395046 204329
-1.517419 3.693135 -4.844797 -4.356072 3.644718 0.856391 -2.680356 1.039798 0.381765 -2.769345 = -0.88725231 @ 399218 206224
-1.517419 3.693135 -4.844797 -4.356072 3.644718 0.856391 -2.680356 1.039798 0.381765 -2.769345 = -0.88725231 @ 399343 206283
-1.517419 3.693137 -4.844797 -4.356072 3.644718 0.856391 -2.680356 1.039798 0.381763 -2.769345 = -0.88725257 @ 395599 204584
-1.517419 3.693137 -4.844797 -4.356070 3.644718 0.856391 -2.680356 1.039798 0.381763 -2.769345 = -0.88725335 @ 396988 205208
-1.517419 3.693137 -4.844797 -4.356070 3.644718 0.856391 -2.680356 1.039798 0.381763 -2.769345 = -0.88725341 @ 396322 204905
-1.517419 3.693137 -4.844797 -4.356072 3.644718 0.856391 -2.680356 1.039798 0.381763 -2.769345 = -0.88725386 @ 398579 205931
-1.517419 3.693137 -4.844797 -4.356072 3.644718 0.856391 -2.680356 1.039798 0.381763 -2.769345 = -0.88725705 @ 395852 204695
-1.517419 3.693137 -4.844797 -4.356072 3.644718 0.856391 -2.680356 1.039798 0.381763 -2.769345 = -0.88725790 @ 391055 202510
-1.517419 3.693135 -4.844797 -4.356072 3.644726 0.856391 -2.680356 1.039798 0.381765 -2.769345 = -0.88725910 @ 399050 206146
-1.517419 3.693135 -4.844797 -4.356072 3.644726 0.856391 -2.680356 1.039798 0.381765 -2.769345 = -0.88725981 @ 399904 206544
-1.517419 3.693137 -4.844797 -4.356072 3.644718 0.856391 -2.680356 1.039798 0.381763 -2.769345 = -0.88725983 @ 390770 202378
-1.517419 3.693137 -4.844797 -4.356072 3.644718 0.856391 -2.680356 1.039798 0.381763 -2.769345 = -0.88726018 @ 395852 204695
-1.517419 3.693137 -4.844797 -4.356072 3.644718 0.856391 -2.680356 1.039798 0.381763 -2.769345 = -0.88726267 @ 395046 204329
-1.517419 3.693137 -4.844797 -4.356072 3.644718 0.856391 -2.680356 1.039798 0.381763 -2.769345 = -0.88728266 @ 391053 202509
-1.517419 3.693137 -4.844797 -4.356072 3.644718 0.856391 -2.680356 1.039798 0.381763 -2.769345 = -0.88728554 @ 396355 204921
-1.517419 3.693137 -4.844797 -4.356072 3.644718 0.856391 -2.680356 1.039798 0.381763 -2.769345 = -0.88728556 @ 393486 203614
-1.517419 3.693137 -4.844797 -4.356072 3.644718 0.856391 -2.680356 1.039798 0.381763 -2.769345 = -0.88728854 @ 386354 200350
-1.517419 3.693137 -4.844797 -4.356072 3.644718 0.856391 -2.680357 1.039798 0.381763 -2.769345 = -0.88732742 @ 399894 206539
-1.517419 3.693135 -4.844797 -4.356072 3.644718 0.856391 -2.680357 1.039798 0.381765 -2.769345 = -0.88737539 @ 399496 206353
-1.517420 3.693142 -4.844797 -4.356072 3.644719 0.856391 -2.680360 1.039797 0.381766 -2.769341 = -0.88754321 @ 391131 202545
-1.517420 3.693142 -4.844797 -4.356072 3.644719 0.856391 -2.680360 1.039797 0.381766 -2.769341 = -0.88755363 @ 399819 206504
-1.517419 3.693142 -4.844797 -4.356072 3.644718 0.856391 -2.680361 1.039798 0.381750 -2.769343 = -0.88783913 @ 396194 204847
-1.517418 3.693137 -4.844797 -4.356072 3.644718 0.856391 -2.680356 1.039798 0.381756 -2.769345 = -0.88784514 @ 398690 205981
-1.517415 3.693142 -4.844797 -4.356072 3.644718 0.856391 -2.680361 1.039798 0.381750 -2.769343 = -0.88798824 @ 388793 201468
-1.517415 3.693142 -4.844797 -4.356072 3.644718 0.856391 -2.680361 1.039798 0.381750 -2.769343 = -0.88799117 @ 398066 205696
-1.517415 3.693142 -4.844797 -4.356072 3.644718 0.856391 -2.680361 1.039798 0.381750 -2.769343 = -0.88799120 @ 396327 204908
-1.517419 3.693137 -4.844797 -4.356072 3.644718 0.856391 -2.680356 1.039798 0.381763 -2.769328 = -0.88800733 @ 398447 205870
-1.517443 3.693020 -4.844315 -4.356054 3.644870 0.856390 -2.680449 1.039764 0.381782 -2.769313 = -0.88871788 @ 382762 198688
-1.517443 3.693021 -4.844315 -4.356056 3.644870 0.856390 -2.680449 1.039761 0.381782 -2.769312 = -0.88892456 @ 368350 191931
-1.517419 3.693137 -4.844797 -4.355614 3.644718 0.856391 -2.680356 1.039798 0.381763 -2.769345 = -0.89668003 @ 395206 204404
-1.518349 3.692233 -4.845623 -4.357043 3.642833 0.856385 -2.680878 1.039515 0.381169 -2.768840 = -0.90788767 @ 392143 202999
-1.448044 3.656792 -4.872449 -4.241524 3.619438 0.887209 -2.630715 0.881537 0.537867 -2.775314 = -0.99243194 @ 399605 206403
-1.448044 3.656792 -4.872449 -4.241536 3.619438 0.887209 -2.630715 0.881537 0.537867 -2.775314 = -0.99266062 @ 398848 206054
-1.448044 3.656792 -4.872449 -4.241536 3.619460 0.887209 -2.630715 0.881537 0.537867 -2.775314 = -0.99278006 @ 397847 205596
-1.448044 3.656792 -4.872449 -4.241536 3.619460 0.887209 -2.630715 0.881537 0.537864 -2.775314 = -0.99282262 @ 399737 206466
-1.448046 3.656792 -4.872455 -4.241536 3.619814 0.887209 -2.630715 0.881537 0.537867 -2.775314 = -0.99292067 @ 398555 205920
-1.448044 3.656792 -4.872452 -4.241536 3.619814 0.887219 -2.630715 0.881537 0.537867 -2.775314 = -0.99299315 @ 399602 206402
-1.448052 3.656792 -4.872455 -4.241536 3.619814 0.887209 -2.630715 0.881537 0.537867 -2.775314 = -0.99300692 @ 398608 205944
-1.448044 3.656792 -4.872455 -4.241536 3.619814 0.887209 -2.630715 0.881537 0.537867 -2.775314 = -0.99303805 @ 396773 205111
-1.448099 3.656791 -4.872394 -4.241536 3.619816 0.887173 -2.630595 0.881506 0.537867 -2.775320 = -0.99313541 @ 399810 206499
-1.448099 3.656791 -4.872394 -4.241536 3.619816 0.887173 -2.630595 0.881506 0.537867 -2.775320 = -0.99315953 @ 398319 205811
-1.448099 3.656791 -4.872394 -4.241536 3.619816 0.887175 -2.630595 0.881506 0.537867 -2.775320 = -0.99318093 @ 399598 206400
-1.448052 3.656792 -4.872455 -4.241536 3.619814 0.887209 -2.630715 0.881537 0.537867 -2.775282 = -0.99318344 @ 398801 206033
-1.448099 3.656791 -4.872394 -4.241536 3.619815 0.887173 -2.630595 0.881506 0.537867 -2.775280 = -0.99320629 @ 399587 206395
-1.448099 3.656791 -4.872394 -4.241536 3.619815 0.887173 -2.630595 0.881506 0.537854 -2.775279 = -0.99321587 @ 399561 206383
-1.448100 3.656791 -4.872394 -4.241536 3.619815 0.887175 -2.630608 0.881506 0.537867 -2.775279 = -0.99323682 @ 399448 206332
-1.448100 3.656791 -4.872394 -4.241536 3.619815 0.887175 -2.630608 0.881506 0.537867 -2.775279 = -0.99323760 @ 399834 206510
-1.448099 3.656791 -4.872394 -4.241543 3.619815 0.887173 -2.630595 0.881506 0.537867 -2.775279 = -0.99323949 @ 399112 206175
-1.448099 3.656799 -4.872394 -4.241536 3.619815 0.887175 -2.630608 0.881506 0.537867 -2.775279 = -0.99324135 @ 392653 203234
-1.448099 3.656799 -4.872394 -4.241536 3.619815 0.887175 -2.630608 0.881506 0.537867 -2.775279 = -0.99324153 @ 397011 205219
-1.448099 3.656799 -4.872394 -4.241536 3.619815 0.887175 -2.630608 0.881506 0.537867 -2.775279 = -0.99324162 @ 399960 206571
-1.448099 3.656799 -4.872394 -4.241536 3.619815 0.887175 -2.630608 0.881506 0.537867 -2.775279 = -0.99324181 @ 393701 203713
-1.448099 3.656791 -4.872394 -4.241536 3.619815 0.887173 -2.630595 0.881506 0.537867 -2.775279 = -0.99324721 @ 396268 204881
-1.448099 3.656791 -4.872394 -4.241536 3.619815 0.887173 -2.630595 0.881506 0.537867 -2.775279 = -0.99324729 @ 399757 206475
-1.448099 3.656791 -4.872394 -4.241536 3.619815 0.887173 -2.630595 0.881506 0.537867 -2.775279 = -0.99324871 @ 399455 206335
-1.448099 3.656791 -4.872394 -4.241536 3.619815 0.887173 -2.630595 0.881506 0.537867 -2.775279 = -0.99324871 @ 388035 201119
-1.448099 3.656791 -4.872394 -4.241536 3.619815 0.887173 -2.630595 0.881506 0.537867 -2.775279 = -0.99325087 @ 392216 203033
-1.448099 3.656791 -4.872394 -4.241536 3.619815 0.887173 -2.630595 0.881506 0.537869 -2.775284 = -0.99325322 @ 399530 206369
-1.448099 3.656791 -4.872394 -4.241536 3.619815 0.887173 -2.630595 0.881506 0.537867 -2.775279 = -0.99325336 @ 392853 203325
-1.448099 3.656791 -4.872394 -4.241536 3.619815 0.887173 -2.630595 0.881506 0.537867 -2.775279 = -0.99325345 @ 391059 202511
-1.448099 3.656791 -4.872394 -4.241536 3.619815 0.887173 -2.630595 0.881506 0.537867 -2.775279 = -0.99326109 @ 393585 203659
-1.448099 3.656791 -4.872394 -4.241536 3.619815 0.887173 -2.630595 0.881506 0.537867 -2.775279 = -0.99326120 @ 394964 204291
-1.448099 3.656791 -4.872394 -4.241543 3.619815 0.887173 -2.630595 0.881506 0.537867 -2.775279 = -0.99326385 @ 397715 205536
-1.448044 3.656792 -4.872441 -4.241536 3.619814 0.887209 -2.630608 0.881537 0.537867 -2.775314 = -0.99327896 @ 388717 201434
-1.448099 3.656791 -4.872394 -4.241536 3.619816 0.887173 -2.630595 0.881506 0.537867 -2.775279 = -0.99327914 @ 391031 202499
-1.448035 3.656791 -4.872441 -4.241536 3.619814 0.887186 -2.630608 0.881537 0.537868 -2.775314 = -0.99328266 @ 373996 194588
-1.448035 3.656791 -4.872441 -4.241536 3.619814 0.887186 -2.630608 0.881537 0.537868 -2.775314 = -0.99328721 @ 393441 203593
-1.448035 3.656791 -4.872441 -4.241536 3.619814 0.887186 -2.630608 0.881537 0.537868 -2.775314 = -0.99329285 @ 392182 203017
-1.448035 3.656791 -4.872441 -4.241536 3.619029 0.887174 -2.630608 0.881537 0.537868 -2.775314 = -0.99350185 @ 396758 205104
-1.448035 3.656791 -4.872441 -4.241536 3.619027 0.887174 -2.630608 0.881537 0.537868 -2.775314 = -0.99360269 @ 399386 206302
-1.448031 3.656791 -4.872441 -4.241536 3.619029 0.887174 -2.630608 0.881537 0.537868 -2.775314 = -0.99361158 @ 393017 203399
-1.448035 3.656791 -4.872441 -4.241536 3.619260 0.887186 -2.630608 0.881537 0.537868 -2.775314 = -0.99392457 @ 398505 205896
-1.448034 3.656791 -4.872441 -4.241577 3.619011 0.887186 -2.630608 0.881537 0.537868 -2.775314 = -0.99431727 @ 395311 204453
-1.448034 3.656791 -4.872441 -4.241536 3.619011 0.887186 -2.630608 0.881537 0.537868 -2.775314 = -0.99440791 @ 386239 200297
-1.448099 3.656657 -4.872394 -4.241543 3.619815 0.887173 -2.630595 0.881506 0.537867 -2.775279 = -0.99777560 @ 398936 206094
-1.517424 3.693092 -4.844314 -4.362338 3.644884 0.856391 -2.680429 1.039782 0.381780 -2.769293 = -1.11604885 @ 393058 203418
-1.517424 3.693087 -4.844314 -4.362338 3.644884 0.856391 -2.680429 1.039782 0.381780 -2.769293 = -1.11611898 @ 399975 206577
0.172845 3.785968 4.505346 -1.388071 -1.390611 -4.152867 4.306321 2.945038 3.273532 2.898472 = -1.24000798 @ 399334 206279
0.172845 3.785968 4.505345 -1.388071 -1.390611 -4.152867 4.306321 2.945038 3.273532 2.898472 = -1.24007237 @ 388745 201446
-1.517263 3.628498 -4.910416 -4.218306 3.658007 0.825907 -2.701068 0.893256 0.433145 -2.812065 = -1.32978502 @ 399152 206193
-1.517263 3.628498 -4.910416 -4.218306 3.658007 0.825895 -2.701068 0.893256 0.433142 -2.812065 = -1.33009387 @ 399699 206448
-1.517263 3.628498 -4.910416 -4.218306 3.658007 0.825895 -2.701068 0.893256 0.433145 -2.812065 = -1.33015749 @ 390627 202314
-1.460210 3.775841 -4.961698 -4.253946 3.577363 0.851488 -2.663033 0.941211 0.477247 -2.825074 = -1.40292480 @ 399945 206564
-1.460210 3.775841 -4.961698 -4.253946 3.577363 0.851488 -2.663033 0.941211 0.477247 -2.825074 = -1.40293824 @ 398890 206073
-1.460210 3.775836 -4.961698 -4.253946 3.577363 0.851488 -2.663031 0.941211 0.477247 -2.825074 = -1.40324919 @ 399950 206566
-1.460210 3.775836 -4.961698 -4.253946 3.577363 0.851488 -2.663031 0.941211 0.477247 -2.825074 = -1.40326013 @ 399584 206393
-1.460210 3.775836 -4.961698 -4.253946 3.577363 0.851488 -2.663031 0.941211 0.477247 -2.825074 = -1.40326122 @ 399997 206588
-1.460210 3.775836 -4.961698 -4.253946 3.577363 0.851488 -2.663033 0.941211 0.477247 -2.825074 = -1.40329269 @ 397043 205234
-1.460210 3.775842 -4.961698 -4.253946 3.577363 0.850831 -2.663033 0.941640 0.477247 -2.825074 = -1.40475758 @ 399288 206257
-1.460210 3.775842 -4.961698 -4.253946 3.577363 0.850831 -2.663033 0.941640 0.477247 -2.825074 = -1.40477019 @ 399529 206368
-1.460210 3.775842 -4.961698 -4.253946 3.577363 0.850831 -2.663033 0.941640 0.477247 -2.825074 = -1.40477062 @ 399989 206584
-1.460210 3.775842 -4.961698 -4.253946 3.577363 0.850831 -2.663033 0.941640 0.477247 -2.825074 = -1.40477968 @ 399164 206199
-1.460210 3.775836 -4.961698 -4.253946 3.577363 0.850830 -2.663033 0.941640 0.477247 -2.825074 = -1.40489393 @ 399756 206474
-1.460210 3.775836 -4.961698 -4.253946 3.577363 0.850831 -2.663033 0.941640 0.477247 -2.825074 = -1.40492035 @ 394645 204145
-1.460210 3.775836 -4.961685 -4.253946 3.577363 0.850831 -2.663029 0.941640 0.477247 -2.825074 = -1.40501264 @ 399809 206499
-1.460210 3.775836 -4.961685 -4.253946 3.577363 0.850831 -2.663030 0.941640 0.477247 -2.825074 = -1.40507387 @ 393943 203823
-1.460210 3.775836 -4.961685 -4.253946 3.577363 0.850831 -2.663030 0.941640 0.477247 -2.825074 = -1.40509065 @ 399936 206559
-1.460210 3.775829 -4.961698 -4.253946 3.577363 0.850831 -2.663033 0.941637 0.477247 -2.825074 = -1.40536727 @ 397982 205658
-1.460210 3.775829 -4.961681 -4.253946 3.577363 0.850831 -2.663033 0.941637 0.477247 -2.825074 = -1.40585652 @ 399466 206340
-1.460263 3.775836 -4.961698 -4.253946 3.577363 0.851488 -2.663033 0.941211 0.477343 -2.825074 = -1.40666477 @ 399596 206399
-1.460210 3.775836 -4.961698 -4.253946 3.577363 0.853658 -2.662981 0.941798 0.477247 -2.825074 = -1.40820683 @ 399951 206566
-1.460210 3.775836 -4.961698 -4.253946 3.577363 0.853658 -2.662982 0.941798 0.477247 -2.825074 = -1.40826022 @ 398628 205953
-1.460210 3.775836 -4.961698 -4.253946 3.577363 0.853658 -2.663033 0.941637 0.477247 -2.825074 = -1.40837343 @ 393108 203441
-1.458897 3.775836 -4.961685 -4.253946 3.577363 0.850831 -2.663030 0.941640 0.477247 -2.825074 = -1.41435440 @ 399603 206402
-1.460210 3.773496 -4.961685 -4.253949 3.577363 0.850831 -2.663030 0.941409 0.477247 -2.825074 = -1.45649318 @ 397023 205224
-1.460210 3.773496 -4.961685 -4.253949 3.577363 0.850831 -2.662984 0.941409 0.477247 -2.825074 = -1.45712151 @ 399417 206316
-1.460210 3.773496 -4.961685 -4.253949 3.577363 0.850831 -2.662984 0.941409 0.477247 -2.825074 = -1.45712151 @ 399918 206550
-1.460210 3.773496 -4.961685 -4.253912 3.577363 0.850831 -2.663030 0.941409 0.477247 -2.825074 = -1.45852787 @ 398878 206068
-1.460210 3.773496 -4.961685 -4.253912 3.577363 0.850831 -2.663030 0.941409 0.477247 -2.825074 = -1.45852795 @ 399967 206574
-1.460210 3.773496 -4.961685 -4.253912 3.577363 0.850831 -2.663030 0.941409 0.477247 -2.825074 = -1.45852987 @ 399914 206549
-1.354309 3.611261 -4.942854 -4.318791 3.597231 0.886899 -2.690508 0.901424 0.407768 -2.766906 = -1.91485511 @ 399537 206372
-1.354309 3.611261 -4.942854 -4.318791 3.597231 0.886899 -2.690508 0.901424 0.407768 -2.766906 = -1.91485511 @ 399595 206399
-1.354300 3.611261 -4.943007 -4.318804 3.597231 0.886899 -2.690508 0.901424 0.407775 -2.766906 = -1.91519216 @ 398761 206013
-1.354300 3.611261 -4.943007 -4.318804 3.597231 0.886899 -2.690508 0.901424 0.407775 -2.766906 = -1.91520623 @ 399776 206484
-1.354300 3.611261 -4.943007 -4.318804 3.597231 0.886899 -2.690508 0.901424 0.407775 -2.766906 = -1.91520623 @ 399802 206495
-1.354300 3.611261 -4.943007 -4.318804 3.597231 0.886899 -2.690508 0.901424 0.407768 -2.766906 = -1.91528962 @ 394387 204028
-1.354309 3.611261 -4.942854 -4.318804 3.597231 0.886899 -2.690508 0.901424 0.407768 -2.766906 = -1.91537461 @ 399733 206464
-1.354309 3.611261 -4.943007 -4.318804 3.597239 0.886899 -2.690509 0.901424 0.407768 -2.766906 = -1.91544763 @ 399238 206234
-1.354309 3.611261 -4.943007 -4.318804 3.597239 0.886899 -2.690509 0.901424 0.407768 -2.766906 = -1.91546233 @ 395502 204539
-1.354309 3.611261 -4.943007 -4.318798 3.597231 0.886899 -2.690508 0.901424 0.407743 -2.766906 = -1.91551991 @ 399381 206300
-1.354309 3.611261 -4.943007 -4.318804 3.597231 0.886899 -2.690509 0.901424 0.407743 -2.766906 = -1.91562810 @ 399528 206368
-1.354309 3.611224 -4.943007 -4.318804 3.597240 0.886899 -2.690508 0.901424 0.407768 -2.766906 = -1.91563290 @ 399204 206217
-1.354300 3.611261 -4.943007 -4.318804 3.597231 0.886900 -2.690508 0.901424 0.407775 -2.766906 = -1.91565364 @ 399789 206489
-1.355124 3.611260 -4.943007 -4.318804 3.597231 0.886899 -2.690509 0.901424 0.407768 -2.766906 = -1.91565529 @ 399238 206234
-1.354309 3.611261 -4.943007 -4.318798 3.597230 0.886899 -2.690508 0.901424 0.407743 -2.766906 = -1.91566439 @ 399813 206501
-1.355124 3.611260 -4.943007 -4.318804 3.597231 0.886899 -2.690509 0.901424 0.407768 -2.766906 = -1.91568571 @ 395077 204343
-1.354309 3.611261 -4.943007 -4.318804 3.597239 0.886899 -2.690508 0.901424 0.407768 -2.766906 = -1.91571696 @ 393742 203732
-1.355124 3.611260 -4.943007 -4.318804 3.597231 0.886899 -2.690509 0.901424 0.407768 -2.766906 = -1.91574181 @ 397223 205319
-1.355124 3.611260 -4.943007 -4.318811 3.597231 0.886899 -2.690509 0.901424 0.407768 -2.766906 = -1.91574634 @ 399702 206449
-1.354309 3.611261 -4.943006 -4.318804 3.597231 0.886899 -2.690509 0.901424 0.407743 -2.766906 = -1.91575875 @ 399590 206396
-1.355124 3.611260 -4.943007 -4.318811 3.597231 0.886899 -2.690509 0.901424 0.407768 -2.766906 = -1.91578595 @ 397983 205659
-1.354309 3.611261 -4.943007 -4.318804 3.597231 0.886899 -2.690508 0.901424 0.407768 -2.766906 = -1.91587192 @ 393524 203632
-1.354309 3.611261 -4.943007 -4.318804 3.597231 0.886899 -2.690508 0.901424 0.407768 -2.766906 = -1.91589713 @ 397568 205471
-1.354309 3.611261 -4.943007 -4.318804 3.597231 0.886899 -2.690508 0.901424 0.407768 -2.766906 = -1.91591679 @ 386739 200526
-1.354309 3.611261 -4.943007 -4.318804 3.597231 0.886899 -2.690508 0.901424 0.407768 -2.766906 = -1.91592131 @ 393632 203681
-1.354309 3.611261 -4.943007 -4.318804 3.597369 0.886899 -2.690508 0.901424 0.407768 -2.766906 = -1.91638136 @ 396989 205209
-1.354309 3.611261 -4.943007 -4.318804 3.597231 0.886899 -2.690508 0.901424 0.407681 -2.766906 = -1.91912686 @ 395016 204315
-1.354309 3.611261 -4.943007 -4.318804 3.597220 0.886899 -2.690509 0.901267 0.407768 -2.766906 = -1.92243510 @ 398545 205915
-1.354309 3.611261 -4.943007 -4.318804 3.597220 0.886899 -2.690509 0.901209 0.407768 -2.766906 = -1.92433389 @ 398736 206002
-1.467404 3.671214 -4.909641 -4.300448 3.688008 0.839841 -2.701506 0.936193 0.610958 -2.652393 = -2.30832473 @ 395892 204712
-1.467404 3.671214 -4.909641 -4.300448 3.688008 0.839841 -2.701506 0.936193 0.610958 -2.652393 = -2.30834963 @ 392338 203089
-1.467404 3.671214 -4.909641 -4.300448 3.688008 0.839841 -2.701506 0.936193 0.610958 -2.652393 = -2.30835049 @ 391037 202502
-1.467404 3.671214 -4.909641 -4.300448 3.688008 0.839841 -2.701506 0.936193 0.610958 -2.652393 = -2.30835635 @ 390777 202382
-1.467404 3.671214 -4.909641 -4.300448 3.688008 0.839841 -2.701506 0.936193 0.610958 -2.652393 = -2.30835654 @ 398015 205673
-1.467404 3.671214 -4.909641 -4.300448 3.688008 0.839841 -2.701506 0.936193 0.610958 -2.652393 = -2.30836168 @ 398002 205667
-1.467404 3.671214 -4.909641 -4.300448 3.688008 0.839841 -2.701506 0.936193 0.610958 -2.652393 = -2.30836475 @ 384601 199536
-1.467404 3.671214 -4.909641 -4.300448 3.688008 0.839841 -2.701506 0.936193 0.610958 -2.652393 = -2.30838435 @ 387978 201093
-1.467404 3.671214 -4.909641 -4.300448 3.688008 0.839841 -2.701506 0.936193 0.610958 -2.652393 = -2.30840366 @ 392967 203376
-1.467404 3.671214 -4.909641 -4.300448 3.688008 0.839841 -2.701506 0.936193 0.610958 -2.652393 = -2.30840371 @ 396360 204923
-1.467404 3.671214 -4.909641 -4.300448 3.688008 0.839841 -2.701507 0.936193 0.610958 -2.652393 = -2.30845928 @ 385164 199802
-1.467404 3.671214 -4.909641 -4.300448 3.688008 0.839841 -2.701507 0.936193 0.610958 -2.652393 = -2.30852188 @ 385051 199748
-1.467404 3.671214 -4.909641 -4.300448 3.688008 0.839844 -2.701506 0.936193 0.610958 -2.652393 = -2.30875765 @ 399726 206460
-1.467404 3.671214 -4.909641 -4.300448 3.688008 0.839841 -2.701506 0.936193 0.610962 -2.652393 = -2.30889803 @ 399724 206459
-1.467404 3.671209 -4.909641 -4.300449 3.688008 0.839860 -2.701508 0.936193 0.610956 -2.652393 = -2.30905741 @ 382259 198452
-1.467404 3.671209 -4.909641 -4.300449 3.688008 0.839860 -2.701508 0.936193 0.610956 -2.652393 = -2.30905834 @ 396904 205171
-1.467409 3.671209 -4.909641 -4.300448 3.687970 0.839838 -2.701514 0.936193 0.610957 -2.652393 = -2.30911196 @ 384307 199400
-1.467404 3.671214 -4.909641 -4.300448 3.688023 0.839841 -2.701507 0.936193 0.610958 -2.652393 = -2.30964929 @ 396442 204960
-1.467404 3.671214 -4.909641 -4.300448 3.688008 0.839841 -2.701499 0.936193 0.610958 -2.652393 = -2.30998024 @ 399508 206359
-1.467404 3.671214 -4.909641 -4.300448 3.688008 0.839841 -2.701499 0.936193 0.610958 -2.652393 = -2.31001292 @ 399651 206425
-1.467404 3.671214 -4.909641 -4.300529 3.688008 0.839841 -2.701506 0.936193 0.610958 -2.652393 = -2.31050528 @ 398836 206049
-1.467404 3.671214 -4.909641 -4.300529 3.688008 0.839841 -2.701506 0.936191 0.610958 -2.652393 = -2.31077779 @ 399471 206342
-1.467416 3.671214 -4.909641 -4.300529 3.688008 0.839841 -2.701506 0.936193 0.610958 -2.652393 = -2.31124934 @ 399197 206214
-1.467404 3.670990 -4.909641 -4.300448 3.688008 0.839841 -2.701506 0.936193 0.610969 -2.652393 = -2.31325862 @ 399110 206174
-1.467498 3.671214 -4.909641 -4.300448 3.688008 0.839841 -2.701506 0.936193 0.610958 -2.652393 = -2.31340145 @ 399998 206588
-1.467498 3.671214 -4.909641 -4.300448 3.688008 0.839841 -2.701506 0.936193 0.610958 -2.652393 = -2.31340146 @ 393164 203467
-1.467404 3.671214 -4.909335 -4.300458 3.688023 0.839841 -2.701507 0.936193 0.610958 -2.652393 = -2.31894860 @ 398070 205699
-1.467545 3.671214 -4.909641 -4.300448 3.687426 0.839841 -2.700568 0.936193 0.610958 -2.652393 = -2.33847668 @ 395303 204450
-1.517424 3.693092 -4.844314 -4.363635 3.621364 0.856391 -2.680429 1.039782 0.381780 -2.769293 = -2.58556469 @ 373374 194297
-1.475627 3.653853 -4.811299 -4.265625 3.622550 0.966951 -2.784572 1.080559 0.498801 -2.801395 = -2.67284905 @ 399716 206455
-1.475627 3.653853 -4.811299 -4.265624 3.622550 0.966951 -2.784572 1.080559 0.498801 -2.801395 = -2.67289499 @ 399229 206229
-1.475627 3.653853 -4.811299 -4.265618 3.622550 0.966951 -2.784572 1.080559 0.498801 -2.801395 = -2.67339413 @ 398874 206067
-1.475627 3.653853 -4.811299 -4.265620 3.622550 0.966951 -2.784572 1.080559 0.498801 -2.801395 = -2.67341723 @ 398929 206091
-1.475627 3.653853 -4.811299 -4.265620 3.622550 0.966922 -2.784572 1.080559 0.498801 -2.801395 = -2.67449545 @ 399269 206249
-1.475627 3.653853 -4.811300 -4.265620 3.622550 0.966922 -2.784572 1.080559 0.498801 -2.801395 = -2.67457189 @ 399959 206570
-1.475583 3.653853 -4.811171 -4.265553 3.622550 0.967119 -2.784168 1.080559 0.498801 -2.801395 = -2.67597959 @ 398859 206059
-1.475583 3.653853 -4.811299 -4.265618 3.622550 0.967119 -2.784572 1.080622 0.498801 -2.801395 = -2.67629955 @ 398609 205944
-1.475583 3.653853 -4.811299 -4.265618 3.622550 0.967119 -2.784572 1.080559 0.498801 -2.801395 = -2.67636572 @ 399842 206515
-1.475583 3.653853 -4.811299 -4.265618 3.622550 0.967119 -2.784572 1.080559 0.498801 -2.801395 = -2.67637720 @ 399439 206327
-1.475583 3.653855 -4.811299 -4.265618 3.622550 0.967119 -2.784572 1.080622 0.498801 -2.801395 = -2.67652309 @ 399365 206293
-1.475627 3.653853 -4.811299 -4.265618 3.622550 0.967119 -2.784572 1.080559 0.498801 -2.801395 = -2.67667297 @ 398127 205724
-1.475583 3.653853 -4.811299 -4.265562 3.622550 0.967119 -2.784168 1.080559 0.498801 -2.801395 = -2.67708936 @ 397740 205548
-1.475583 3.653853 -4.811299 -4.265553 3.622550 0.967119 -2.784168 1.080559 0.498801 -2.801395 = -2.67716475 @ 386888 200592
-1.475583 3.653853 -4.811299 -4.265553 3.622552 0.967119 -2.784168 1.080559 0.498801 -2.801395 = -2.67736922 @ 397822 205585
-1.475583 3.653853 -4.811299 -4.265553 3.622550 0.967119 -2.784186 1.080559 0.498801 -2.801395 = -2.67786009 @ 398450 205871
-1.475583 3.653853 -4.811299 -4.265117 3.622550 0.967119 -2.784168 1.080559 0.498801 -2.801395 = -2.67888803 @ 395045 204328
-1.475583 3.653853 -4.811299 -4.265618 3.622536 0.967119 -2.784168 1.080559 0.498801 -2.801395 = -2.67892946 @ 399837 206512
-1.475583 3.653856 -4.811299 -4.265117 3.622550 0.967119 -2.784168 1.080559 0.498801 -2.801395 = -2.67916792 @ 396584 205025
-1.475583 3.653856 -4.811299 -4.265117 3.622550 0.967119 -2.784169 1.080559 0.498801 -2.801395 = -2.67923174 @ 399817 206503
-1.475583 3.653853 -4.811312 -4.265553 3.623137 0.967119 -2.784168 1.080626 0.498801 -2.801395 = -2.68182426 @ 396495 204984
-1.475583 3.653853 -4.811299 -4.265553 3.622550 0.967119 -2.784138 1.080440 0.498801 -2.801395 = -2.68226785 @ 398544 205914
-1.475583 3.653853 -4.811299 -4.265553 3.621543 0.967119 -2.784168 1.081173 0.498850 -2.801395 = -2.68398953 @ 396457 204967
-1.475583 3.653853 -4.811299 -4.265553 3.621543 0.967119 -2.784168 1.081173 0.498850 -2.801395 = -2.68400191 @ 399897 206541
-1.475583 3.653853 -4.811299 -4.265553 3.621543 0.967119 -2.784168 1.081173 0.498850 -2.801395 = -2.68400203 @ 399988 206584
-1.475583 3.653853 -4.811299 -4.265553 3.621543 0.967131 -2.784168 1.081173 0.498850 -2.801395 = -2.68404244 @ 398663 205969
-1.475583 3.653853 -4.811299 -4.265553 3.623137 0.967119 -2.784168 1.080559 0.498801 -2.801395 = -2.68572219 @ 396163 204832
-1.475583 3.653853 -4.811299 -4.265553 3.621488 0.967119 -2.784168 1.080559 0.498850 -2.801395 = -2.69131758 @ 398463 205877
-1.475583 3.653882 -4.811299 -4.265552 3.621484 0.967371 -2.783577 1.081042 0.498797 -2.800689 = -2.70971051 @ 395527 204551
-1.517425 3.693107 -4.844054 -4.364076 3.616269 0.856391 -2.680411 1.039785 0.381775 -2.769294 = -3.24686917 @ 399616 206408
-1.343339 3.733581 -4.762819 -4.237344 3.663771 0.725105 -2.688844 0.916994 0.455856 -2.812026 = -3.31701259 @ 399419 206317
-1.343339 3.733581 -4.762819 -4.237342 3.663771 0.725105 -2.688844 0.917000 0.455856 -2.812026 = -3.31730128 @ 398915 206085
-1.343339 3.733581 -4.762819 -4.237342 3.663771 0.725105 -2.688844 0.917000 0.455856 -2.812026 = -3.31730129 @ 399190 206211
-1.343339 3.733581 -4.762819 -4.237342 3.663771 0.725105 -2.688844 0.917000 0.455856 -2.812026 = -3.31730129 @ 397659 205510
-1.343339 3.733581 -4.762819 -4.237344 3.663771 0.725105 -2.688844 0.917000 0.455856 -2.812026 = -3.31730769 @ 398805 206034
-1.343339 3.733581 -4.762819 -4.237344 3.663771 0.725108 -2.688844 0.917000 0.455856 -2.812027 = -3.31745271 @ 399656 206427
-1.343339 3.733581 -4.762819 -4.237342 3.663771 0.725105 -2.688844 0.916968 0.455856 -2.812026 = -3.31766315 @ 399179 206206
-1.343339 3.733581 -4.762819 -4.237344 3.663771 0.725108 -2.688844 0.917000 0.455856 -2.812026 = -3.31778010 @ 398975 206112
-1.343339 3.733572 -4.762819 -4.237344 3.663771 0.725105 -2.688844 0.917000 0.455856 -2.812026 = -3.31780125 @ 399553 206379
-1.343339 3.733581 -4.762815 -4.237342 3.663712 0.725105 -2.688844 0.917000 0.455856 -2.812026 = -3.31836315 @ 397316 205361
-1.343339 3.733581 -4.762814 -4.237342 3.663712 0.725105 -2.688844 0.917000 0.455856 -2.812026 = -3.31849340 @ 399013 206129
-1.343339 3.733581 -4.762815 -4.237342 3.663712 0.725105 -2.688844 0.917000 0.455856 -2.812029 = -3.31859637 @ 398803 206033
-1.343339 3.733581 -4.762819 -4.237307 3.663771 0.725105 -2.688844 0.917000 0.455856 -2.812026 = -3.31873932 @ 399322 206273
-1.343339 3.733581 -4.762815 -4.237342 3.663712 0.725091 -2.688844 0.917000 0.455895 -2.812026 = -3.32051364 @ 399717 206456
-1.343339 3.733581 -4.762815 -4.237342 3.663712 0.725091 -2.688844 0.917000 0.455895 -2.812026 = -3.32051444 @ 399541 206374
-1.343339 3.733581 -4.762766 -4.237342 3.663771 0.725105 -2.688844 0.917000 0.455856 -2.812026 = -3.32071289 @ 394273 203976
-1.343339 3.733581 -4.762815 -4.237342 3.663771 0.725105 -2.688844 0.917041 0.455856 -2.812026 = -3.32201468 @ 398420 205857
-1.343682 3.733581 -4.762766 -4.237342 3.663771 0.725105 -2.688844 0.917000 0.455856 -2.812026 = -3.32584522 @ 392138 202997
-1.343682 3.733581 -4.762766 -4.237342 3.663771 0.725105 -2.688844 0.917000 0.455856 -2.812026 = -3.32584873 @ 396936 205186
-1.343682 3.733581 -4.762766 -4.237342 3.663771 0.725105 -2.688844 0.917000 0.455856 -2.812026 = -3.32586130 @ 390768 202378
-1.343682 3.733581 -4.762766 -4.237342 3.663771 0.725105 -2.688844 0.917000 0.455856 -2.812026 = -3.32587732 @ 399300 206263
-1.343682 3.733581 -4.762766 -4.237342 3.663771 0.725105 -2.688844 0.917000 0.455856 -2.812026 = -3.32591081 @ 396427 204954
-1.343682 3.733581 -4.762766 -4.237342 3.663771 0.725105 -2.688844 0.917000 0.455856 -2.812026 = -3.32593703 @ 394982 204299
-1.343682 3.733581 -4.762766 -4.237342 3.663771 0.725105 -2.688844 0.917000 0.455856 -2.812026 = -3.32606498 @ 391109 202535
-1.343682 3.733581 -4.762766 -4.237342 3.663772 0.725105 -2.688844 0.917000 0.455856 -2.812026 = -3.32619173 @ 398742 206005
-1.343682 3.733581 -4.762793 -4.237342 3.663771 0.725105 -2.688844 0.917000 0.455856 -2.812026 = -3.33102320 @ 397669 205516
-1.343682 3.733581 -4.762793 -4.237342 3.663771 0.725105 -2.688851 0.917000 0.455856 -2.812026 = -3.33135188 @ 399254 206241
-1.343682 3.733581 -4.762766 -4.237342 3.663771 0.725105 -2.688844 0.917041 0.455856 -2.812026 = -3.33176732 @ 397908 205624
-1.343682 3.733581 -4.762035 -4.237342 3.663771 0.725105 -2.688844 0.917010 0.455856 -2.814517 = -3.35861844 @ 398301 205803
-1.343682 3.733581 -4.762766 -4.237342 3.663771 0.725105 -2.688844 0.917000 0.455856 -2.814517 = -3.37989056 @ 389457 201773
-1.343682 3.733581 -4.762766 -4.237342 3.663771 0.725105 -2.687815 0.917000 0.455856 -2.811673 = -3.38726036 @ 398918 206086
-1.343682 3.733581 -4.762766 -4.237342 3.663771 0.725105 -2.687815 0.917000 0.455856 -2.811649 = -3.38762975 @ 396454 204966
-1.490636 3.855468 -4.958308 -4.306560 3.610762 0.843669 -2.728410 0.975626 0.298858 -2.831310 = -3.74208748 @ 399403 206310
-1.490636 3.855468 -4.958308 -4.306560 3.610761 0.843669 -2.728410 0.975631 0.298858 -2.831310 = -3.74254620 @ 399727 206460
-1.490636 3.855468 -4.958308 -4.306560 3.610762 0.843669 -2.728410 0.975631 0.298858 -2.831310 = -3.74275453 @ 397873 205608
-1.490636 3.855468 -4.958308 -4.306560 3.610762 0.843669 -2.728410 0.975631 0.298858 -2.831310 = -3.74275473 @ 396301 204895
-1.490636 3.855468 -4.958308 -4.306560 3.610762 0.843669 -2.728410 0.975631 0.298858 -2.831310 = -3.74275481 @ 398381 205839
-1.490636 3.855465 -4.958308 -4.306560 3.610759 0.843645 -2.728411 0.975631 0.298858 -2.831307 = -3.74290291 @ 396582 205024
-1.490636 3.855465 -4.958308 -4.306560 3.610759 0.843645 -2.728411 0.975631 0.298858 -2.831307 = -3.74294510 @ 388470 201320
-1.490636 3.855465 -4.958308 -4.306560 3.610759 0.843645 -2.728411 0.975631 0.298858 -2.831307 = -3.74296491 @ 381073 197900
-1.490636 3.855468 -4.958308 -4.306560 3.610762 0.843645 -2.728410 0.975631 0.298858 -2.831310 = -3.74393523 @ 373416 194317
-1.490636 3.855468 -4.958308 -4.306560 3.610762 0.843645 -2.728410 0.975631 0.298858 -2.831310 = -3.74393766 @ 399974 206577
-1.490636 3.855493 -4.958308 -4.306560 3.610759 0.843645 -2.728411 0.975631 0.298858 -2.831307 = -3.74452672 @ 394023 203860
-1.490636 3.855465 -4.958308 -4.306560 3.610762 0.843757 -2.728400 0.975631 0.298858 -2.831307 = -3.75547970 @ 398591 205937
-1.490636 3.855468 -4.958308 -4.306560 3.610849 0.842775 -2.728410 0.975631 0.298820 -2.831310 = -3.77220655 @ 398291 205799
-1.490636 3.855468 -4.958308 -4.306560 3.610849 0.842775 -2.728410 0.975631 0.298827 -2.831310 = -3.77257332 @ 398688 205980
-1.490631 3.855468 -4.958308 -4.306560 3.610849 0.842775 -2.728410 0.975631 0.298827 -2.831310 = -3.77314799 @ 399539 206373
-1.490636 3.855468 -4.958308 -4.306560 3.610762 0.842775 -2.728410 0.975631 0.298858 -2.831310 = -3.77527627 @ 395547 204560
-1.573259 3.838553 -4.737936 -4.352714 3.655389 0.914690 -2.613817 1.043387 0.433937 -2.747357 = -3.96033212 @ 396564 205015
-1.573259 3.838553 -4.737936 -4.352714 3.655394 0.914690 -2.613817 1.043387 0.433937 -2.747357 = -3.96038454 @ 397681 205521
-1.573259 3.838543 -4.737936 -4.352714 3.655389 0.914690 -2.613817 1.043387 0.433937 -2.747357 = -3.96085678 @ 399594 206398
-1.573259 3.838553 -4.737936 -4.352759 3.655389 0.914690 -2.613817 1.043387 0.433937 -2.747356 = -3.96139693 @ 399963 206572
-1.573259 3.838553 -4.737936 -4.352759 3.655389 0.914690 -2.613817 1.043387 0.433937 -2.747357 = -3.96143238 @ 397840 205593
-1.573259 3.838553 -4.737928 -4.352714 3.655388 0.914690 -2.613817 1.043387 0.433937 -2.747357 = -3.96172057 @ 399099 206169
-1.573259 3.838553 -4.737936 -4.352767 3.655389 0.914690 -2.613817 1.043387 0.433937 -2.747357 = -3.96177474 @ 398524 205904
-1.573259 3.838553 -4.737936 -4.352714 3.655389 0.914690 -2.613817 1.043387 0.433937 -2.747217 = -3.97326852 @ 397991 205662
-1.573049 3.838553 -4.737936 -4.352714 3.655388 0.916083 -2.613817 1.043433 0.433901 -2.747357 = -3.99517306 @ 397762 205558
-1.573259 3.838553 -4.737936 -4.352714 3.655388 0.914690 -2.613817 1.043387 0.432732 -2.747357 = -4.00234041 @ 392482 203155
-1.561426 3.721188 -4.722582 -4.208492 3.730791 0.918158 -2.638904 0.785320 0.443964 -2.752204 = -4.28049015 @ 399137 206187
-1.561426 3.721188 -4.722546 -4.208492 3.730791 0.918158 -2.638904 0.785320 0.443964 -2.752204 = -4.28127264 @ 391468 202693
-1.561426 3.721188 -4.722546 -4.208492 3.730791 0.918158 -2.638904 0.785320 0.443964 -2.752204 = -4.28128124 @ 392813 203307
-1.561426 3.721188 -4.722546 -4.208492 3.730791 0.918158 -2.638904 0.785320 0.443964 -2.752204 = -4.28128884 @ 390967 202470
-1.561426 3.721188 -4.722546 -4.208492 3.730791 0.918158 -2.638904 0.785320 0.443964 -2.752204 = -4.28129886 @ 399949 206566
-1.561426 3.721188 -4.722546 -4.208492 3.730791 0.918158 -2.638904 0.785320 0.443964 -2.752204 = -4.28131240 @ 398435 205865
-1.561426 3.721188 -4.722546 -4.208492 3.730791 0.918158 -2.638904 0.785320 0.443964 -2.752204 = -4.28131241 @ 392763 203284
-1.561426 3.721188 -4.722546 -4.208492 3.730791 0.918158 -2.638904 0.785320 0.443964 -2.752205 = -4.28134473 @ 399714 206454
-1.561426 3.721188 -4.722546 -4.208492 3.730791 0.918158 -2.638904 0.785320 0.443964 -2.752204 = -4.28136686 @ 389622 201850
-1.561426 3.721188 -4.722545 -4.208492 3.730801 0.918158 -2.638905 0.785321 0.443964 -2.752204 = -4.28163266 @ 392880 203337
-1.561426 3.721225 -4.722546 -4.208492 3.730827 0.918158 -2.638904 0.785320 0.443964 -2.752204 = -4.28317049 @ 398718 205993
-1.561426 3.721225 -4.722546 -4.208492 3.730827 0.918158 -2.638904 0.785320 0.443986 -2.752204 = -4.28389179 @ 399236 206233
-1.561426 3.721188 -4.722546 -4.208492 3.730827 0.918158 -2.638904 0.785347 0.443964 -2.752204 = -4.28391616 @ 398876 206067
-1.561426 3.721188 -4.722546 -4.208492 3.730791 0.918158 -2.638890 0.785320 0.443964 -2.752204 = -4.28595342 @ 399387 206303
-1.561426 3.721188 -4.722546 -4.208492 3.730844 0.918158 -2.638904 0.785320 0.443964 -2.752204 = -4.28645942 @ 397665 205513
-1.561426 3.721188 -4.722545 -4.208492 3.730801 0.918158 -2.638905 0.785321 0.443964 -2.752135 = -4.28746057 @ 394134 203912
-1.561153 3.721188 -4.722545 -4.208492 3.731091 0.918158 -2.638905 0.785321 0.443964 -2.752132 = -4.29219612 @ 399773 206482
-1.561153 3.721188 -4.722545 -4.208492 3.731091 0.918158 -2.638905 0.785321 0.443964 -2.752132 = -4.29220023 @ 399831 206509
-1.561426 3.721188 -4.722546 -4.208492 3.730791 0.918158 -2.638904 0.785320 0.443964 -2.752293 = -4.29227887 @ 397714 205536
-1.561426 3.721188 -4.722582 -4.208492 3.730791 0.918272 -2.638904 0.785320 0.443964 -2.752204 = -4.29302971 @ 397821 205585
-1.561153 3.721188 -4.722545 -4.208329 3.731091 0.918158 -2.638905 0.785321 0.443964 -2.752135 = -4.30479584 @ 396810 205128
-1.472728 3.537949 -4.773422 -4.427383 3.789680 0.919393 -2.629569 0.932363 0.585458 -2.860479 = -4.76764322 @ 399872 206528
-1.472728 3.537949 -4.773422 -4.427383 3.789680 0.919393 -2.629570 0.932363 0.585458 -2.860479 = -4.76767453 @ 389130 201623
-1.472728 3.537949 -4.773422 -4.427383 3.789680 0.919393 -2.629570 0.932363 0.585458 -2.860479 = -4.76767663 @ 398781 206023
-1.472728 3.537949 -4.773422 -4.427383 3.789680 0.919393 -2.629570 0.932363 0.585458 -2.860479 = -4.76767664 @ 393570 203653
-1.472728 3.537949 -4.773422 -4.427383 3.789680 0.919393 -2.629569 0.932363 0.585458 -2.860479 = -4.76767842 @ 391630 202764
-1.472728 3.537949 -4.773422 -4.427383 3.789680 0.919393 -2.629569 0.932363 0.585458 -2.860479 = -4.76767884 @ 394037 203869
-1.472728 3.537949 -4.773422 -4.427383 3.789680 0.919393 -2.629569 0.932363 0.585458 -2.860479 = -4.76767884 @ 399874 206529
-1.472728 3.537949 -4.773422 -4.427383 3.789680 0.919393 -2.629569 0.932363 0.585458 -2.860479 = -4.76767987 @ 399243 206236
-1.472728 3.537949 -4.773422 -4.427383 3.789680 0.919393 -2.629569 0.932363 0.585458 -2.860479 = -4.76767987 @ 392800 203301
-1.472728 3.537949 -4.773422 -4.427383 3.789680 0.919393 -2.629569 0.932363 0.585458 -2.860479 = -4.76768221 @ 394989 204302
-1.472728 3.537949 -4.773422 -4.427383 3.789680 0.919393 -2.629569 0.932363 0.585458 -2.860479 = -4.76768721 @ 394737 204187
-1.472728 3.537949 -4.773422 -4.427384 3.789680 0.919393 -2.629570 0.932363 0.585458 -2.860479 = -4.76770488 @ 399302 206265
-1.472728 3.537949 -4.773422 -4.427383 3.789680 0.919393 -2.629570 0.932363 0.585458 -2.860479 = -4.76771248 @ 393496 203619
-1.472728 3.537947 -4.773422 -4.427383 3.789680 0.919393 -2.629570 0.932363 0.585458 -2.860479 = -4.76777576 @ 389031 201577
-1.472728 3.537949 -4.773422 -4.427383 3.789680 0.919393 -2.629570 0.932363 0.585458 -2.860481 = -4.76879994 @ 399720 206457
-1.472725 3.537949 -4.773427 -4.427383 3.789679 0.919393 -2.629570 0.932363 0.585458 -2.860480 = -4.76907642 @ 399991 206585
-1.472725 3.537949 -4.773427 -4.427383 3.789679 0.919393 -2.629570 0.932363 0.585469 -2.860479 = -4.76916595 @ 399829 206508
-1.472728 3.537949 -4.773422 -4.427383 3.789680 0.919393 -2.629570 0.932363 0.585476 -2.860479 = -4.76934195 @ 397768 205561
-1.472728 3.537949 -4.773422 -4.427383 3.789680 0.919393 -2.629570 0.932363 0.585476 -2.860479 = -4.76934936 @ 399815 206502
-1.472827 3.537949 -4.773422 -4.427383 3.789680 0.919393 -2.629570 0.932363 0.585476 -2.860479 = -4.77375011 @ 398551 205918
-1.472728 3.537949 -4.773451 -4.427383 3.789680 0.919393 -2.629569 0.932363 0.585458 -2.860479 = -4.77477525 @ 392629 203223
-1.472728 3.537947 -4.773422 -4.427383 3.789680 0.919393 -2.629570 0.932217 0.585458 -2.860543 = -4.77714834 @ 393616 203674
-1.472728 3.537949 -4.773422 -4.427433 3.789680 0.919393 -2.629568 0.932363 0.585458 -2.860479 = -4.77763303 @ 399853 206520
-1.472728 3.537949 -4.773422 -4.427383 3.789680 0.919393 -2.629523 0.932363 0.585458 -2.860479 = -4.77810602 @ 392445 203138
-1.472728 3.537949 -4.773422 -4.427406 3.789680 0.919403 -2.629570 0.932363 0.585682 -2.860479 = -4.79286875 @ 396575 205020
-1.472728 3.537949 -4.773422 -4.427675 3.789680 0.919393 -2.629570 0.932363 0.585458 -2.860479 = -4.79641762 @ 398224 205768
-1.438182 3.810548 -4.981292 -4.221050 3.647211 0.924440 -2.876851 0.991341 0.567567 -2.741160 = -4.89582045 @ 398986 206117
-1.438182 3.810548 -4.981292 -4.221050 3.647211 0.924440 -2.876856 0.991341 0.567567 -2.741160 = -4.89604032 @ 399021 206133
-1.438182 3.810548 -4.981278 -4.221050 3.647201 0.924440 -2.876851 0.991341 0.567567 -2.741160 = -4.89661103 @ 399980 206580
-1.438182 3.810548 -4.981278 -4.221050 3.647201 0.924440 -2.876851 0.991341 0.567567 -2.741160 = -4.89661930 @ 399979 206579
-1.438182 3.810548 -4.981292 -4.221050 3.647201 0.924440 -2.876851 0.991341 0.567567 -2.741160 = -4.89667167 @ 393948 203826
-1.438182 3.810548 -4.981292 -4.221159 3.647201 0.924440 -2.876851 0.991341 0.567567 -2.741160 = -4.89784839 @ 395021 204317
-1.438182 3.810633 -4.981278 -4.221050 3.647201 0.924440 -2.876857 0.991341 0.567567 -2.741160 = -4.89846644 @ 399287 206257
-1.438182 3.810633 -4.981278 -4.221050 3.647201 0.924440 -2.876851 0.991341 0.567567 -2.741160 = -4.89906409 @ 396830 205137
-1.438182 3.810548 -4.981292 -4.221050 3.647312 0.924440 -2.876851 0.991341 0.567567 -2.741160 = -4.89926211 @ 397758 205556
-1.438327 3.810548 -4.981292 -4.221074 3.646317 0.924440 -2.876730 0.990020 0.567567 -2.740615 = -4.90423653 @ 395575 204573
-1.438327 3.810548 -4.981292 -4.221074 3.646317 0.924440 -2.876730 0.989961 0.567567 -2.740630 = -4.90764831 @ 399215 206223
-1.438327 3.810548 -4.981292 -4.221074 3.646317 0.924440 -2.876730 0.989961 0.567567 -2.740615 = -4.91014166 @ 399101 206170
-1.438327 3.810548 -4.981292 -4.221050 3.647201 0.924440 -2.876847 0.991471 0.567567 -2.741160 = -4.91150423 @ 397918 205629
-1.438327 3.810548 -4.981292 -4.221050 3.646317 0.924440 -2.876851 0.990020 0.567567 -2.741157 = -4.91223656 @ 396176 204838
-1.438327 3.810548 -4.981292 -4.221050 3.646317 0.924440 -2.876851 0.990020 0.567567 -2.741157 = -4.91227737 @ 399850 206518
-1.438327 3.810548 -4.981292 -4.221050 3.646317 0.924440 -2.876851 0.990020 0.567567 -2.741160 = -4.91258369 @ 399953 206567
-1.438327 3.810548 -4.981292 -4.221050 3.646317 0.924440 -2.876627 0.990020 0.567567 -2.741160 = -4.91628837 @ 389119 201619
-1.411607 3.757900 -4.911577 -4.185177 3.639622 0.915524 -2.678585 0.705089 0.412219 -2.794729 = -5.16669388 @ 393399 203573
-1.411607 3.757900 -4.911577 -4.185177 3.639622 0.915524 -2.678585 0.705089 0.412219 -2.794729 = -5.16671633 @ 393546 203642
-1.411607 3.757900 -4.911577 -4.185180 3.639622 0.915524 -2.678585 0.705089 0.412219 -2.794729 = -5.16680136 @ 399620 206410
-1.411607 3.757900 -4.911578 -4.185177 3.639622 0.915524 -2.678585 0.705089 0.412219 -2.794730 = -5.16724466 @ 399882 206533
-1.411607 3.757899 -4.911577 -4.185177 3.639622 0.915525 -2.678581 0.705087 0.412218 -2.794733 = -5.16734727 @ 399779 206485
-1.411607 3.757899 -4.911577 -4.185177 3.639622 0.915525 -2.678581 0.705087 0.412218 -2.794733 = -5.16734727 @ 399996 206587
-1.411607 3.757899 -4.911577 -4.185177 3.639622 0.915524 -2.678581 0.705087 0.412218 -2.794733 = -5.16749164 @ 399082 206161
-1.411607 3.757900 -4.911578 -4.185177 3.639622 0.915524 -2.678585 0.705089 0.412220 -2.794730 = -5.16778740 @ 399923 206553
-1.411607 3.757899 -4.911577 -4.185177 3.639671 0.915524 -2.678581 0.705089 0.412218 -2.794733 = -5.16804704 @ 397820 205585
-1.411607 3.757899 -4.911577 -4.185177 3.639622 0.915524 -2.678581 0.705089 0.412218 -2.794733 = -5.16825685 @ 399917 206550
-1.411607 3.757899 -4.911577 -4.185177 3.639622 0.915524 -2.678581 0.705089 0.412218 -2.794733 = -5.16828686 @ 395882 204708
-1.411607 3.757899 -4.911577 -4.185177 3.639622 0.915524 -2.678581 0.705089 0.412218 -2.794733 = -5.16828734 @ 397767 205560
-1.411607 3.757890 -4.911577 -4.185177 3.639622 0.915524 -2.678581 0.705089 0.412218 -2.794733 = -5.16894423 @ 399619 206409
-1.411607 3.757890 -4.911577 -4.185177 3.639622 0.915524 -2.678581 0.705089 0.412218 -2.794733 = -5.16895365 @ 399984 206582
-1.411607 3.757900 -4.911577 -4.185177 3.639677 0.915524 -2.678585 0.705089 0.412219 -2.794729 = -5.16910690 @ 399213 206222
-1.411556 3.757900 -4.911577 -4.185177 3.639677 0.915524 -2.678585 0.705089 0.412219 -2.794729 = -5.16937599 @ 398424 205859
-1.503811 3.729433 -4.886309 -4.321936 3.510552 0.862811 -2.612664 1.088632 0.350498 -2.947014 = -5.17904425 @ 398323 205812
-1.503811 3.729433 -4.886309 -4.321936 3.510552 0.862811 -2.612664 1.088633 0.350498 -2.947014 = -5.17906033 @ 399545 206376
-1.503687 3.729433 -4.886308 -4.321936 3.510552 0.862811 -2.612625 1.088632 0.350498 -2.947014 = -5.17975335 @ 399345 206284
-1.503687 3.729433 -4.886308 -4.321936 3.510552 0.862811 -2.612625 1.088632 0.350498 -2.947014 = -5.17975335 @ 399854 206520
-1.503686 3.729433 -4.886308 -4.321936 3.510552 0.862811 -2.612625 1.088632 0.350498 -2.947014 = -5.17976675 @ 398769 206018
-1.503686 3.729433 -4.886309 -4.321936 3.510552 0.862811 -2.612625 1.088632 0.350498 -2.947014 = -5.17986668 @ 398132 205727
-1.503686 3.729433 -4.886308 -4.321931 3.510552 0.862811 -2.612625 1.088632 0.350498 -2.947014 = -5.17990454 @ 399609 206405
-1.503686 3.729433 -4.886309 -4.321936 3.510551 0.862812 -2.612625 1.088632 0.350498 -2.947066 = -5.18524339 @ 399402 206309
-1.503686 3.729433 -4.886309 -4.321936 3.510552 0.862811 -2.612664 1.088632 0.350498 -2.947014 = -5.18558972 @ 398266 205787
-1.503686 3.729433 -4.886309 -4.321936 3.510552 0.862807 -2.612664 1.088632 0.350498 -2.947014 = -5.18568814 @ 399607 206404
-1.503686 3.729431 -4.886309 -4.321936 3.510552 0.862812 -2.612625 1.088632 0.350498 -2.947066 = -5.18570419 @ 399535 206371
-1.503686 3.729433 -4.886309 -4.321816 3.510552 0.862846 -2.612625 1.088614 0.350498 -2.947066 = -5.18575761 @ 399098 206169
-1.503686 3.729433 -4.886309 -4.321936 3.510552 0.862812 -2.612625 1.088614 0.350498 -2.947066 = -5.18599192 @ 398762 206014
-1.503503 3.729433 -4.886571 -4.321936 3.510552 0.862811 -2.612553 1.088632 0.350498 -2.947014 = -5.20118466 @ 398767 206017
-1.503503 3.729433 -4.886571 -4.321936 3.510552 0.862811 -2.612625 1.088632 0.350498 -2.947014 = -5.20470665 @ 396408 204945
-1.604338 3.914938 -4.930419 -4.289262 3.704051 0.803471 -2.744516 1.013336 0.501130 -2.713187 = -5.57662505 @ 399881 206533
-1.604338 3.914938 -4.930419 -4.289262 3.704051 0.803471 -2.744516 1.013336 0.501130 -2.713187 = -5.57666764 @ 399180 206206
-1.604338 3.914938 -4.930419 -4.289262 3.704051 0.803471 -2.744516 1.013336 0.501130 -2.713187 = -5.57669700 @ 399738 206466
-1.604338 3.914938 -4.930419 -4.289262 3.704051 0.803471 -2.744516 1.013336 0.501130 -2.713187 = -5.57669700 @ 398700 205986
-1.604338 3.914939 -4.930419 -4.289262 3.704051 0.803471 -2.744516 1.013336 0.501130 -2.713187 = -5.57719593 @ 399425 206321
-1.604307 3.914938 -4.930419 -4.289262 3.704051 0.803471 -2.744529 1.013341 0.501130 -2.713187 = -5.57997712 @ 399105 206172
-1.445056 3.740233 -4.933581 -4.349171 3.622418 0.914640 -2.600480 0.913584 0.471118 -3.086504 = -5.66595793 @ 397599 205484
-1.445055 3.740233 -4.933581 -4.349171 3.622418 0.914600 -2.600480 0.913584 0.471148 -3.086504 = -5.66628985 @ 393560 203648
-1.605080 3.914938 -4.930467 -4.289298 3.700299 0.803471 -2.744500 1.013336 0.501118 -2.704803 = -5.74359686 @ 399645 206422
-1.678010 3.466171 -4.905154 -4.329457 3.683451 0.993987 -2.661320 0.954420 0.419742 -2.718581 = -5.79068007 @ 399548 206377
-1.678010 3.466171 -4.905154 -4.329457 3.683451 0.993987 -2.661320 0.954420 0.419742 -2.718581 = -5.79076212 @ 399648 206424
-1.678023 3.466170 -4.905149 -4.329457 3.683450 0.993988 -2.661320 0.954420 0.419742 -2.718580 = -5.79132706 @ 396528 204999
-1.678023 3.466170 -4.905150 -4.329457 3.683450 0.993988 -2.661320 0.954420 0.419742 -2.718580 = -5.79169882 @ 384398 199441
-1.678022 3.466171 -4.905154 -4.329457 3.683450 0.993987 -2.661320 0.954420 0.419742 -2.718581 = -5.79202309 @ 397342 205372
-1.678022 3.466171 -4.905154 -4.329457 3.683450 0.993987 -2.661320 0.954420 0.419744 -2.718581 = -5.79208378 @ 399788 206489
-1.678022 3.466171 -4.905154 -4.329457 3.683450 0.993987 -2.661320 0.954420 0.419742 -2.718581 = -5.79214871 @ 397177 205298
-1.678022 3.466171 -4.905154 -4.329457 3.683450 0.993987 -2.661320 0.954420 0.419742 -2.718581 = -5.79214891 @ 393597 203665
-1.678044 3.466170 -4.905154 -4.329457 3.683451 0.993986 -2.661319 0.954414 0.419744 -2.718581 = -5.79225712 @ 392898 203345
-1.678044 3.466170 -4.905154 -4.329457 3.683451 0.993986 -2.661319 0.954414 0.419744 -2.718581 = -5.79230818 @ 399900 206542
-1.678044 3.466171 -4.905154 -4.329457 3.683451 0.993986 -2.661319 0.954414 0.419744 -2.718581 = -5.79240349 @ 391156 202556
-1.678023 3.466170 -4.905150 -4.329457 3.683450 0.994107 -2.661320 0.954420 0.419710 -2.718580 = -5.79951507 @ 399199 206215
-1.678032 3.466170 -4.905150 -4.329457 3.683450 0.994107 -2.661320 0.954420 0.419742 -2.718580 = -5.80179918 @ 398798 206031
-1.678023 3.466170 -4.905150 -4.329457 3.683450 0.994107 -2.661320 0.954420 0.419742 -2.718580 = -5.80325515 @ 398282 205794
-1.678059 3.466171 -4.905057 -4.329457 3.683451 0.993986 -2.661319 0.954415 0.419744 -2.718581 = -5.80454100 @ 397951 205644
-1.491454 3.864183 -4.958313 -4.312404 3.610494 0.841468 -2.749425 0.978514 0.306253 -2.830463 = -5.91803240 @ 399332 206278
-1.491454 3.864183 -4.958313 -4.312404 3.610494 0.841468 -2.749425 0.978514 0.306253 -2.830463 = -5.91824101 @ 399913 206548
-1.443248 3.740056 -4.933774 -4.349171 3.622404 0.914630 -2.600436 0.913303 0.471053 -3.091419 = -5.94064052 @ 399772 206482
-1.443248 3.740056 -4.933774 -4.349171 3.622404 0.914630 -2.600436 0.913304 0.471053 -3.091419 = -5.94067437 @ 399644 206422
-1.486410 3.573364 -4.905344 -4.203265 3.912260 0.846280 -2.687918 0.981481 0.445384 -2.630617 = -6.56111425 @ 399562 206383
-1.486410 3.573364 -4.905344 -4.203265 3.912260 0.846280 -2.687918 0.981481 0.445384 -2.630617 = -6.56111425 @ 397593 205482
