-0.499519 -4.011969 -4.881091 -1.010184 -3.045684 1.762161 3.204867 -2.007937 -3.890434 -3.245241 = -0.00017886 @ 395791 190351
-0.499684 -4.011969 -4.881091 -1.010184 -3.045684 1.762161 3.204867 -2.007937 -3.890386 -3.245241 = -0.00018169 @ 393144 189235
-0.499519 -4.011969 -4.881091 -1.010184 -3.045684 1.762161 3.204867 -2.007937 -3.890386 -3.245241 = -0.00018864 @ 395313 190148
-2.185026 1.687108 0.587501 2.757201 -2.859068 -0.038981 -4.492186 -2.645816 -2.390425 -1.099954 = -0.00019545 @ 398894 191650
-2.185026 1.687108 0.587501 2.757201 -2.859068 -0.038957 -4.492186 -2.645816 -2.390425 -1.099954 = -0.00020232 @ 398833 191624
-2.185026 1.687108 0.587501 2.757201 -2.859068 -0.038957 -4.492178 -2.645816 -2.390425 -1.099954 = -0.00020285 @ 398981 191687
-2.185024 1.686746 0.587511 2.757094 -2.859068 -0.038949 -4.492417 -2.646223 -2.390059 -1.099957 = -0.00021694 @ 399471 191886
-2.185026 1.687108 0.587501 2.757201 -2.859068 -0.038908 -4.492186 -2.645816 -2.390425 -1.099954 = -0.00021744 @ 397635 191127
-2.185026 1.687108 0.587501 2.757297 -2.859068 -0.038981 -4.492215 -2.646233 -2.390425 -1.099954 = -0.00021860 @ 399631 191951
-2.185026 1.687108 0.587501 2.757201 -2.859068 -0.038908 -4.492186 -2.645763 -2.390441 -1.099954 = -0.00022974 @ 397167 190931
-2.185026 1.687108 0.587501 2.757201 -2.859056 -0.038908 -4.492186 -2.645763 -2.390441 -1.099954 = -0.00022978 @ 398761 191593
-0.499519 -4.011969 -4.881091 -1.010196 -3.045684 1.762161 3.204867 -2.007937 -3.890216 -3.245241 = -0.00023082 @ 399136 191750
-0.499519 -4.011969 -4.881091 -1.010184 -3.045684 1.762161 3.204867 -2.007937 -3.890216 -3.245241 = -0.00023127 @ 397401 191028
-0.499505 -4.011965 -4.880648 -1.010184 -3.045450 1.762109 3.205204 -2.007451 -3.890775 -3.245161 = -0.00023282 @ 398826 191621
-0.499505 -4.011965 -4.880648 -1.010184 -3.045450 1.762109 3.205204 -2.007451 -3.890775 -3.245161 = -0.00023282 @ 399418 191864
-0.499505 -4.011965 -4.880648 -1.010184 -3.045450 1.762116 3.205204 -2.007451 -3.890775 -3.245186 = -0.00023387 @ 399011 191699
-0.499505 -4.011965 -4.880648 -1.010184 -3.045450 1.762109 3.205204 -2.007451 -3.890775 -3.245186 = -0.00023453 @ 398171 191353
-0.499505 -4.011965 -4.880648 -1.010184 -3.045450 1.762109 3.205204 -2.007451 -3.890684 -3.245161 = -0.00023766 @ 399099 191735
-0.499505 -4.011965 -4.880648 -1.010184 -3.045450 1.762109 3.205204 -2.007451 -3.890684 -3.245161 = -0.00023766 @ 399979 192094
-0.499520 -4.011969 -4.880905 -1.010184 -3.045105 1.762162 3.204810 -2.007937 -3.890568 -3.245271 = -0.00023900 @ 396737 190749
-0.499520 -4.011969 -4.880905 -1.010184 -3.045105 1.762162 3.204810 -2.007937 -3.890568 -3.245271 = -0.00023900 @ 398972 191683
-0.499520 -4.011969 -4.880905 -1.010184 -3.045104 1.762162 3.204810 -2.007937 -3.890568 -3.245271 = -0.00023930 @ 399871 192050
-2.185026 1.687108 0.587501 2.757297 -2.859068 -0.038908 -4.492263 -2.646233 -2.390441 -1.099954 = -0.00024509 @ 397751 191176
-2.185026 1.687108 0.587501 2.757297 -2.859068 -0.038908 -4.492228 -2.646233 -2.390441 -1.099954 = -0.00024564 @ 397135 190917
-2.185026 1.687108 0.587501 2.757297 -2.859068 -0.038908 -4.492215 -2.646233 -2.390441 -1.099954 = -0.00024615 @ 394923 189985
-0.499505 -4.011965 -4.880648 -1.010184 -3.045450 1.762109 3.205204 -2.007359 -3.890775 -3.245186 = -0.00024872 @ 397341 191002
-2.185026 1.687108 0.587519 2.757201 -2.859068 -0.038908 -4.492186 -2.646233 -2.390441 -1.099954 = -0.00025061 @ 395316 190149
-2.185024 1.687005 0.587511 2.757094 -2.859068 -0.038968 -4.492177 -2.646223 -2.390442 -1.099977 = -0.00025191 @ 398939 191669
-2.185026 1.687108 0.587501 2.757201 -2.859135 -0.038908 -4.492186 -2.646233 -2.390441 -1.099932 = -0.00025689 @ 397816 191204
-2.185024 1.687005 0.587511 2.757094 -2.859068 -0.038949 -4.492177 -2.646223 -2.390442 -1.099977 = -0.00025708 @ 396931 190832
-0.499505 -4.011965 -4.880648 -1.010184 -3.045450 1.762109 3.205356 -2.007792 -3.890775 -3.245186 = -0.00025775 @ 399990 192099
-0.499505 -4.011965 -4.880648 -1.010184 -3.045450 1.762109 3.205356 -2.007792 -3.890775 -3.245186 = -0.00025775 @ 397696 191153
-0.499505 -4.011965 -4.880648 -1.010184 -3.045450 1.762109 3.205258 -2.007359 -3.890775 -3.245186 = -0.00026246 @ 396910 190823
-0.499737 -4.011969 -4.881091 -1.010184 -3.045122 1.762162 3.204868 -2.007937 -3.890387 -3.245241 = -0.00026837 @ 399423 191866
-0.499737 -4.011969 -4.881091 -1.010184 -3.045122 1.762162 3.204868 -2.007937 -3.890386 -3.245241 = -0.00026856 @ 397958 191264
-2.185026 1.686946 0.587501 2.757201 -2.859068 -0.039722 -4.492186 -2.646233 -2.390441 -1.099954 = -0.00026896 @ 397982 191275
-0.499507 -4.011969 -4.881091 -1.010184 -3.045165 1.762161 3.204922 -2.007937 -3.890386 -3.245241 = -0.00027036 @ 396300 190564
-0.499520 -4.011969 -4.880905 -1.010184 -3.045105 1.762162 3.204810 -2.007937 -3.890386 -3.245271 = -0.00027047 @ 396143 190499
-0.499684 -4.011969 -4.881091 -1.010184 -3.045105 1.762161 3.204867 -2.007937 -3.890386 -3.245241 = -0.00027273 @ 392613 189009
-0.499507 -4.011969 -4.881091 -1.010184 -3.045114 1.762161 3.204814 -2.007937 -3.890386 -3.245241 = -0.00027475 @ 397963 191266
-2.185026 1.686882 0.587501 2.757201 -2.859068 -0.039722 -4.492186 -2.646233 -2.390441 -1.099954 = -0.00027644 @ 398961 191678
-0.499507 -4.011969 -4.881090 -1.010184 -3.045105 1.762162 3.204868 -2.007937 -3.890386 -3.245241 = -0.00028135 @ 390726 188223
-0.499507 -4.011969 -4.881091 -1.010184 -3.045105 1.762161 3.204867 -2.007937 -3.890386 -3.245241 = -0.00028142 @ 393641 189443
-2.185026 1.687108 0.587501 2.757257 -2.859068 -0.039871 -4.492197 -2.646233 -2.390441 -1.099954 = -0.00032101 @ 398057 191306
-2.185026 1.687108 0.587501 2.757201 -2.859068 -0.039871 -4.492186 -2.646233 -2.390441 -1.099954 = -0.00032683 @ 393793 189508
-2.185026 1.686946 0.587501 2.757201 -2.859068 -0.039871 -4.492186 -2.646233 -2.390441 -1.099970 = -0.00033055 @ 398832 191624
-2.185026 1.686946 0.587501 2.757201 -2.859068 -0.039871 -4.492186 -2.646233 -2.390441 -1.099970 = -0.00033055 @ 399982 192096
-2.185045 1.686746 0.587464 2.756722 -2.859068 -0.039466 -4.492417 -2.646233 -2.390059 -1.099957 = -0.00033074 @ 394702 189891
-0.499505 -4.011965 -4.880719 -1.010184 -3.045472 1.762109 3.205006 -2.008340 -3.890546 -3.245601 = -0.00033574 @ 392841 189106
-0.499505 -4.011965 -4.880719 -1.010184 -3.045472 1.762109 3.205006 -2.008340 -3.890546 -3.245601 = -0.00033574 @ 395610 190274
-2.185045 1.687035 0.587464 2.756741 -2.859068 -0.039466 -4.492089 -2.646233 -2.390444 -1.099955 = -0.00037005 @ 398820 191618
-2.185026 1.687108 0.587205 2.757297 -2.859068 -0.038908 -4.492186 -2.646224 -2.390441 -1.099954 = -0.00037078 @ 399371 191845
-2.185026 1.687108 0.587205 2.757297 -2.859068 -0.038908 -4.492186 -2.646233 -2.390441 -1.099954 = -0.00037334 @ 395037 190034
-2.185045 1.687035 0.587464 2.756722 -2.859068 -0.039466 -4.492089 -2.646233 -2.390444 -1.099955 = -0.00037978 @ 390750 188233
-2.184977 1.686746 0.587464 2.756722 -2.858990 -0.039466 -4.492417 -2.646233 -2.390375 -1.099957 = -0.00039123 @ 397120 190911
-0.499507 -4.011969 -4.881090 -1.010184 -3.045105 1.762162 3.204868 -2.008503 -3.890386 -3.245241 = -0.00040556 @ 393383 189334
-0.499505 -4.011965 -4.880751 -1.010184 -3.045450 1.762109 3.205006 -2.007005 -3.890114 -3.245186 = -0.00041174 @ 398692 191564
-0.499505 -4.011965 -4.880648 -1.010184 -3.045450 1.762109 3.205006 -2.007005 -3.890114 -3.245186 = -0.00042108 @ 393847 189531
-2.185045 1.686746 0.587464 2.756722 -2.859071 -0.039345 -4.491639 -2.646233 -2.390443 -1.099957 = -0.00055572 @ 395818 190363
-2.185045 1.686746 0.587464 2.756357 -2.859068 -0.039466 -4.492417 -2.646233 -2.390059 -1.099957 = -0.00057293 @ 397383 191020
-1.481577 3.674128 -4.858615 -4.298364 3.631157 0.871911 -2.655723 0.961260 0.459042 -2.772572 = -0.00064746 @ 399111 191740
-1.481577 3.674133 -4.858615 -4.298364 3.631157 0.871911 -2.655723 0.961260 0.459042 -2.772572 = -0.00064968 @ 399666 191966
-1.481577 3.674133 -4.858615 -4.298364 3.631157 0.871911 -2.655723 0.961260 0.459042 -2.772572 = -0.00064975 @ 399878 192053
-1.481577 3.674128 -4.858615 -4.298363 3.631157 0.871911 -2.655723 0.961260 0.459042 -2.772572 = -0.00065008 @ 398978 191685
-1.481577 3.674128 -4.858550 -4.298364 3.631157 0.871911 -2.655723 0.961260 0.459042 -2.772572 = -0.00065674 @ 399170 191764
-0.499478 -4.012213 -4.880924 -1.010183 -3.045239 1.762109 3.205004 -2.007736 -3.889333 -3.245119 = -0.00066358 @ 397407 191030
-1.481577 3.674128 -4.858641 -4.298363 3.631157 0.871855 -2.655848 0.961260 0.459042 -2.772550 = -0.00068798 @ 397313 190990
-1.481577 3.674133 -4.858641 -4.298363 3.631157 0.871855 -2.655848 0.961260 0.459042 -2.772550 = -0.00069029 @ 398827 191621
-1.481577 3.674129 -4.858641 -4.298363 3.631157 0.871871 -2.655723 0.961260 0.459042 -2.772550 = -0.00072589 @ 397071 190891
-1.481577 3.674128 -4.858628 -4.298363 3.631157 0.871855 -2.655723 0.961260 0.459042 -2.772602 = -0.00072679 @ 397875 191229
-0.499478 -4.012521 -4.880648 -1.010184 -3.045681 1.762109 3.205006 -2.008265 -3.889242 -3.245211 = -0.00072696 @ 395974 190429
-0.499505 -4.013926 -4.880719 -1.010184 -3.045105 1.762109 3.205006 -2.008340 -3.890215 -3.245186 = -0.00072979 @ 393856 189535
-1.481577 3.674129 -4.858641 -4.298363 3.631157 0.871855 -2.655723 0.961260 0.459042 -2.772697 = -0.00073176 @ 395537 190243
-1.481577 3.674128 -4.858625 -4.298363 3.631157 0.871855 -2.655723 0.961260 0.459042 -2.772572 = -0.00073655 @ 398777 191600
-1.481577 3.674128 -4.858625 -4.298363 3.631157 0.871855 -2.655723 0.961260 0.459042 -2.772572 = -0.00073655 @ 394315 189728
-1.481577 3.674128 -4.858560 -4.298363 3.631157 0.871855 -2.655723 0.961260 0.459042 -2.772572 = -0.00073738 @ 398824 191620
-1.481577 3.674128 -4.858625 -4.298356 3.631157 0.871855 -2.655723 0.961260 0.459042 -2.772572 = -0.00074727 @ 399077 191726
-1.481577 3.674128 -4.858641 -4.298363 3.631157 0.871855 -2.655723 0.961260 0.459042 -2.772550 = -0.00075095 @ 391156 188405
-1.481577 3.674129 -4.858641 -4.298363 3.631157 0.871855 -2.655723 0.961260 0.459042 -2.772550 = -0.00075132 @ 393382 189333
-0.499505 -4.013926 -4.880772 -1.010184 -3.045105 1.762109 3.205006 -2.008340 -3.890114 -3.245186 = -0.00075970 @ 390418 188093
-1.481577 3.674128 -4.858641 -4.298363 3.631157 0.871855 -2.655711 0.961249 0.459042 -2.772550 = -0.00076137 @ 398906 191655
-2.185026 1.687108 0.587501 2.757201 -2.859068 -0.038924 -4.491123 -2.646233 -2.390441 -1.099954 = -0.00078529 @ 398971 191682
-1.481289 3.674128 -4.858641 -4.298363 3.631157 0.872077 -2.655723 0.961260 0.459164 -2.772550 = -0.00079065 @ 397973 191271
-1.481289 3.674128 -4.858641 -4.298363 3.631157 0.872077 -2.655723 0.961260 0.459164 -2.772550 = -0.00079065 @ 397868 191226
-1.481289 3.674128 -4.858641 -4.298363 3.631157 0.872077 -2.655723 0.961260 0.459194 -2.772550 = -0.00084972 @ 398728 191579
-1.481289 3.674128 -4.858641 -4.298363 3.631157 0.872077 -2.655723 0.961260 0.459194 -2.772550 = -0.00084972 @ 395263 190127
-1.481577 3.674128 -4.858641 -4.298363 3.631157 0.871855 -2.655723 0.961260 0.459194 -2.772550 = -0.00091119 @ 392044 188771
0.162935 3.781214 4.524391 -1.388910 -1.393845 -4.156259 4.295856 2.945152 3.273819 2.899344 = -0.00094535 @ 398542 191502
0.162935 3.781214 4.524391 -1.388910 -1.393845 -4.156259 4.295856 2.945152 3.273819 2.899344 = -0.00094535 @ 399989 192098
0.162935 3.781214 4.524391 -1.388910 -1.393731 -4.156260 4.295856 2.945152 3.273819 2.899344 = -0.00100246 @ 399128 191747
0.162995 3.781214 4.524534 -1.388910 -1.393911 -4.156259 4.295856 2.945147 3.273819 2.899344 = -0.00101345 @ 399110 191739
0.162995 3.781214 4.524534 -1.388910 -1.393911 -4.156259 4.295856 2.945152 3.273819 2.899344 = -0.00101611 @ 398647 191545
0.163002 3.781214 4.524534 -1.388910 -1.393911 -4.156259 4.295856 2.945152 3.273819 2.899344 = -0.00101879 @ 398871 191640
0.163089 3.781214 4.524534 -1.388910 -1.393895 -4.156259 4.295856 2.945152 3.273819 2.899309 = -0.00106755 @ 399355 191838
0.163089 3.781214 4.524534 -1.388910 -1.393911 -4.156259 4.295856 2.945152 3.273819 2.899309 = -0.00106834 @ 399334 191830
0.163089 3.781214 4.524534 -1.388910 -1.393911 -4.156259 4.295856 2.945152 3.273819 2.899344 = -0.00108071 @ 398472 191473
0.163089 3.781214 4.524534 -1.388910 -1.393911 -4.156259 4.295856 2.945152 3.273819 2.899344 = -0.00108071 @ 399628 191950
0.163089 3.781214 4.524534 -1.388910 -1.393648 -4.156259 4.295873 2.945152 3.273819 2.899344 = -0.00125483 @ 399949 192082
0.163089 3.781214 4.524534 -1.388910 -1.393648 -4.156259 4.295873 2.945152 3.273819 2.899344 = -0.00125489 @ 397970 191269
0.163089 3.781198 4.524534 -1.388910 -1.393648 -4.156259 4.295873 2.945152 3.273819 2.899344 = -0.00126588 @ 398661 191551
0.162935 3.781214 4.524534 -1.388910 -1.394055 -4.156522 4.295856 2.945152 3.273819 2.899136 = -0.00127867 @ 394953 189998
0.162935 3.781214 4.524391 -1.388910 -1.393542 -4.156259 4.295856 2.945152 3.273819 2.899344 = -0.00129862 @ 396679 190725
0.162935 3.781214 4.524391 -1.388910 -1.393542 -4.156259 4.295856 2.945152 3.273819 2.899344 = -0.00129862 @ 399089 191731
0.162935 3.781214 4.524393 -1.388910 -1.393542 -4.156244 4.295856 2.945152 3.273819 2.899344 = -0.00130591 @ 399119 191743
-0.499478 -4.012479 -4.880648 -1.010184 -3.045241 1.762109 3.205006 -2.008340 -3.889242 -3.243492 = -0.00133950 @ 383772 185288
0.162935 3.781214 4.524391 -1.388910 -1.393542 -4.156259 4.295816 2.945152 3.273819 2.899344 = -0.00134778 @ 399938 192077
0.162935 3.781214 4.524391 -1.388910 -1.393542 -4.156259 4.295816 2.945152 3.273819 2.899344 = -0.00134778 @ 398115 191330
0.163089 3.781214 4.524081 -1.388910 -1.393845 -4.156259 4.295856 2.945152 3.273819 2.899344 = -0.00141482 @ 397748 191175
-1.481577 3.674128 -4.858625 -4.298363 3.631157 0.871855 -2.655723 0.961260 0.459356 -2.772550 = -0.00141979 @ 395269 190130
0.162935 3.781214 4.524391 -1.388856 -1.393472 -4.156259 4.295856 2.945152 3.273845 2.899344 = -0.00150522 @ 398751 191589
-1.481171 3.673629 -4.858641 -4.298748 3.631180 0.871802 -2.655723 0.961260 0.458881 -2.772663 = -0.00172676 @ 398841 191627
-1.481171 3.673629 -4.858641 -4.298748 3.631157 0.871802 -2.655723 0.961260 0.458881 -2.772663 = -0.00172953 @ 399978 192094
-1.481171 3.673629 -4.858641 -4.298748 3.631157 0.871802 -2.655723 0.961260 0.458881 -2.772663 = -0.00172955 @ 399408 191860
-1.481171 3.673629 -4.858641 -4.298748 3.631157 0.871802 -2.655723 0.961260 0.458881 -2.772663 = -0.00172955 @ 396331 190576
-1.481577 3.674128 -4.858642 -4.298757 3.631157 0.872159 -2.655614 0.961237 0.459448 -2.772549 = -0.00176816 @ 399991 192099
-1.481577 3.674128 -4.858642 -4.298757 3.631157 0.872159 -2.655614 0.961237 0.459448 -2.772549 = -0.00176817 @ 398050 191303
-1.481577 3.674128 -4.858642 -4.298757 3.631157 0.872584 -2.655770 0.961237 0.459448 -2.772549 = -0.00178906 @ 396928 190831
-1.481557 3.673706 -4.858642 -4.298362 3.631157 0.872284 -2.655723 0.961260 0.458562 -2.772663 = -0.00179425 @ 394668 189877
0.163089 3.781096 4.524534 -1.388910 -1.393648 -4.155819 4.295856 2.945152 3.273819 2.899344 = -0.00210356 @ 397493 191067
-1.481170 3.673925 -4.858642 -4.298362 3.631157 0.871801 -2.655525 0.961260 0.458562 -2.772663 = -0.00212811 @ 390643 188188
0.163517 3.781284 4.524092 -1.389239 -1.393706 -4.156493 4.295761 2.945138 3.273831 2.899344 = -0.00213498 @ 398423 191453
0.163517 3.781284 4.524092 -1.389239 -1.393706 -4.156496 4.295761 2.945138 3.273831 2.899344 = -0.00214112 @ 399027 191706
0.163545 3.781361 4.524092 -1.388925 -1.393708 -4.156219 4.295763 2.945138 3.273818 2.899268 = -0.00214173 @ 399033 191708
0.163545 3.781361 4.524092 -1.388925 -1.393708 -4.156219 4.295761 2.945138 3.273818 2.899267 = -0.00214643 @ 395773 190344
-1.481577 3.674128 -4.858642 -4.298757 3.631157 0.872584 -2.655614 0.961237 0.459440 -2.772549 = -0.00220446 @ 396917 190826
0.163547 3.781284 4.524092 -1.389257 -1.393708 -4.156493 4.295761 2.945138 3.273831 2.899344 = -0.00223416 @ 396888 190814
-1.481577 3.674128 -4.858641 -4.298363 3.631157 0.871855 -2.655723 0.961260 0.458562 -2.772550 = -0.00223958 @ 390082 187953
-1.481216 3.673536 -4.858641 -4.298362 3.631157 0.872284 -2.655723 0.961260 0.458562 -2.772663 = -0.00227950 @ 398776 191599
-1.481216 3.673534 -4.858641 -4.298362 3.631157 0.872284 -2.655723 0.961260 0.458562 -2.772663 = -0.00228432 @ 399297 191815
-1.481216 3.673534 -4.858641 -4.298362 3.631157 0.872284 -2.655723 0.961260 0.458562 -2.772663 = -0.00228432 @ 397111 190908
-1.481216 3.673534 -4.858641 -4.298362 3.631157 0.872284 -2.655723 0.961260 0.458562 -2.772703 = -0.00228535 @ 398705 191569
0.163391 3.781187 4.524647 -1.388978 -1.393472 -4.156259 4.295856 2.945152 3.273819 2.899344 = -0.00235862 @ 397623 191122
0.163547 3.781284 4.524092 -1.388925 -1.393708 -4.156253 4.295761 2.945138 3.273825 2.899344 = -0.00237039 @ 397274 190974
0.163548 3.781284 4.524092 -1.388925 -1.393708 -4.156253 4.295761 2.945138 3.273825 2.899344 = -0.00237374 @ 399144 191753
0.163547 3.781284 4.524092 -1.388892 -1.393515 -4.156259 4.295761 2.945138 3.273884 2.899344 = -0.00243784 @ 399147 191755
0.163547 3.781284 4.524092 -1.388925 -1.393708 -4.156253 4.295761 2.945138 3.273884 2.899344 = -0.00246017 @ 397851 191219
-1.481557 3.673475 -4.858642 -4.298362 3.631157 0.872284 -2.655723 0.961260 0.458562 -2.772663 = -0.00246858 @ 392521 188970
0.163547 3.781284 4.524092 -1.388925 -1.393708 -4.156493 4.295822 2.945138 3.273831 2.899344 = -0.00250571 @ 396294 190561
-1.481173 3.673534 -4.858641 -4.298362 3.631157 0.872511 -2.655723 0.961260 0.458562 -2.772663 = -0.00264766 @ 397004 190863
0.162945 3.781214 4.524436 -1.388782 -1.393472 -4.156916 4.295856 2.945152 3.273819 2.899107 = -0.00269131 @ 396784 190770
0.163396 3.781364 4.524126 -1.388925 -1.393708 -4.156493 4.295808 2.945138 3.273818 2.898848 = -0.00273705 @ 396456 190630
0.163396 3.781361 4.524126 -1.388925 -1.393708 -4.156493 4.295808 2.945138 3.273818 2.898848 = -0.00274010 @ 396333 190577
0.163396 3.781339 4.524126 -1.388925 -1.393708 -4.156493 4.295833 2.945138 3.273818 2.898848 = -0.00274276 @ 396892 190816
0.163396 3.781361 4.524126 -1.388925 -1.393708 -4.156493 4.295761 2.945138 3.273818 2.898848 = -0.00280000 @ 396678 190724
0.162945 3.781214 4.524436 -1.388782 -1.393472 -4.156916 4.295856 2.945152 3.273819 2.899061 = -0.00280354 @ 395172 190090
0.163545 3.781361 4.524102 -1.389851 -1.393709 -4.156493 4.295761 2.945138 3.273818 2.899277 = -0.00321187 @ 398847 191630
-2.184930 1.686426 0.588236 2.757072 -2.858396 -0.038315 -4.490825 -2.646936 -2.389956 -1.097841 = -0.00378389 @ 397345 191004
0.163293 3.781254 4.524818 -1.388917 -1.393514 -4.156259 4.295289 2.945161 3.273816 2.898845 = -0.00495891 @ 390687 188206
-1.481577 3.673429 -4.858642 -4.297644 3.631157 0.872584 -2.655614 0.961237 0.458500 -2.772550 = -0.00651421 @ 380416 183849
0.163503 3.781452 4.524092 -1.388996 -1.393499 -4.156615 4.294910 2.945131 3.273105 2.898903 = -0.00754237 @ 397736 191170
-1.481577 3.673788 -4.859894 -4.297349 3.630246 0.871457 -2.655501 0.961610 0.458267 -2.771015 = -0.02005052 @ 357249 173846
-2.185045 1.686746 0.587463 2.764451 -2.859068 -0.038908 -4.492092 -2.646233 -2.390200 -1.099957 = -0.02099533 @ 391006 188343
-1.481577 3.674128 -4.858642 -4.298466 3.631157 0.875337 -2.655614 0.961237 0.459448 -2.772549 = -0.03104483 @ 394839 189949
0.163396 3.781361 4.517711 -1.388925 -1.393708 -4.156493 4.296355 2.944969 3.273818 2.898848 = -0.17362254 @ 393143 189234
0.163396 3.781361 4.517711 -1.388925 -1.393708 -4.156509 4.296355 2.944969 3.273818 2.898848 = -0.17385420 @ 396820 190785
0.161033 3.780450 4.523913 -1.389620 -1.387792 -4.157751 4.299037 2.947831 3.275099 2.901798 = -0.19109012 @ 380826 184029
0.163396 3.790509 4.524067 -1.388925 -1.393708 -4.156253 4.295808 2.945138 3.262899 2.898901 = -1.24224730 @ 399737 191995
-1.517501 3.627827 -4.910473 -4.220116 3.657080 0.823870 -2.699056 0.891573 0.431200 -2.813477 = -1.33294621 @ 397277 190975
-1.517501 3.627827 -4.910473 -4.220116 3.657080 0.823870 -2.699056 0.891607 0.431200 -2.813477 = -1.33297279 @ 398018 191290
-1.517501 3.627827 -4.910473 -4.220116 3.657080 0.823870 -2.699056 0.891607 0.431227 -2.813477 = -1.33392554 @ 399058 191718
-1.517501 3.627704 -4.910473 -4.220116 3.657202 0.823870 -2.699056 0.891573 0.431200 -2.813477 = -1.33451636 @ 385905 186202
-1.517501 3.627704 -4.910473 -4.220116 3.657202 0.823870 -2.699056 0.891573 0.431200 -2.813477 = -1.33451690 @ 389756 187815
-1.517501 3.627704 -4.910473 -4.220116 3.657202 0.823870 -2.699056 0.891573 0.431200 -2.813477 = -1.33454533 @ 399279 191807
-1.517501 3.627704 -4.910473 -4.220116 3.657198 0.823870 -2.699056 0.891573 0.431200 -2.813477 = -1.33456351 @ 399498 191897
-1.517501 3.627705 -4.910473 -4.220119 3.657202 0.823870 -2.699056 0.891573 0.431200 -2.813477 = -1.33503685 @ 398898 191651
-1.517545 3.627704 -4.910473 -4.220116 3.657202 0.823870 -2.699056 0.891573 0.431200 -2.813477 = -1.33584901 @ 397900 191240
-1.517501 3.627704 -4.910473 -4.220157 3.657202 0.823870 -2.699056 0.891573 0.431200 -2.813477 = -1.33603335 @ 397542 191088
-1.517501 3.627704 -4.910473 -4.220156 3.657202 0.823870 -2.699056 0.891573 0.431200 -2.813477 = -1.33604291 @ 395495 190225
-1.517348 3.627704 -4.910473 -4.220116 3.657202 0.823870 -2.699056 0.891573 0.431200 -2.813477 = -1.33713688 @ 397124 190913
-1.517348 3.627704 -4.910473 -4.220116 3.657202 0.823769 -2.699056 0.891573 0.431200 -2.813477 = -1.34027467 @ 398129 191336
-1.517348 3.627704 -4.910473 -4.220116 3.657202 0.823769 -2.699056 0.891573 0.431200 -2.813478 = -1.34029994 @ 399474 191887
-1.517501 3.627704 -4.910473 -4.220116 3.657202 0.823870 -2.700161 0.891573 0.431200 -2.813477 = -1.35117883 @ 394913 189981
-1.517501 3.627704 -4.910473 -4.220116 3.657202 0.823870 -2.698291 0.891573 0.431200 -2.813477 = -1.35309245 @ 395343 190160
-1.517501 3.627704 -4.910473 -4.220116 3.657202 0.823870 -2.698291 0.891573 0.431164 -2.813477 = -1.35343344 @ 397821 191206
-1.517501 3.627704 -4.910392 -4.220116 3.657202 0.823870 -2.698291 0.891573 0.431200 -2.813477 = -1.35584616 @ 396725 190744
-1.493306 3.793615 -4.948407 -4.311729 3.590052 0.839451 -2.688268 1.021088 0.398964 -2.823029 = -1.71814466 @ 395271 190131
-1.493367 3.793549 -4.948407 -4.311729 3.590052 0.839451 -2.688268 1.021088 0.398964 -2.822549 = -1.71847426 @ 394974 190007
-1.493367 3.793549 -4.948407 -4.311729 3.590047 0.839451 -2.688268 1.021088 0.398964 -2.822549 = -1.71850811 @ 399314 191821
-1.493367 3.793549 -4.948407 -4.311729 3.590047 0.839451 -2.688268 1.021088 0.398964 -2.822549 = -1.71850811 @ 399681 191972
-1.493238 3.793385 -4.948458 -4.311729 3.590053 0.839426 -2.688183 1.021087 0.398930 -2.823087 = -1.71897365 @ 399540 191914
-1.493367 3.793549 -4.948407 -4.311729 3.590047 0.839451 -2.688265 1.021088 0.398964 -2.822549 = -1.71914096 @ 399801 192021
-1.493367 3.793549 -4.948407 -4.311729 3.590052 0.839451 -2.688268 1.021088 0.399062 -2.822549 = -1.71942852 @ 398101 191324
-1.493238 3.793569 -4.948458 -4.311729 3.590053 0.839402 -2.688183 1.021087 0.398930 -2.823106 = -1.71953247 @ 395524 190237
-1.493238 3.793385 -4.948459 -4.311729 3.590053 0.839402 -2.688183 1.021087 0.398930 -2.823087 = -1.71967389 @ 397987 191277
-1.493238 3.793385 -4.948458 -4.311729 3.590053 0.839402 -2.688183 1.021087 0.398930 -2.823087 = -1.71976973 @ 397433 191041
-1.493238 3.793385 -4.948458 -4.311729 3.590053 0.839402 -2.688183 1.021087 0.398930 -2.823087 = -1.71976982 @ 397796 191195
-1.493367 3.793549 -4.948407 -4.311729 3.590052 0.839451 -2.688268 1.021088 0.399053 -2.822549 = -1.71995221 @ 397698 191154
-1.493238 3.793569 -4.948458 -4.311729 3.590053 0.839402 -2.688183 1.021087 0.398930 -2.823087 = -1.72013618 @ 395667 190299
-1.493306 3.793549 -4.948421 -4.311729 3.590052 0.839451 -2.688268 1.021088 0.398964 -2.823029 = -1.72014422 @ 393505 189385
-1.493201 3.793569 -4.948458 -4.311729 3.590052 0.839402 -2.688183 1.021087 0.398922 -2.823080 = -1.72048019 @ 399458 191881
-1.493201 3.793569 -4.948458 -4.311729 3.590053 0.839402 -2.688183 1.021087 0.398922 -2.823080 = -1.72055423 @ 399139 191751
-1.493347 3.793569 -4.948464 -4.311736 3.590052 0.839402 -2.688183 1.021088 0.398922 -2.823106 = -1.72069748 @ 398135 191338
-1.493347 3.793569 -4.948464 -4.311729 3.590052 0.839402 -2.688183 1.021088 0.398922 -2.823106 = -1.72079862 @ 397459 191052
-1.493345 3.793569 -4.948458 -4.311729 3.590053 0.839402 -2.688183 1.021087 0.398930 -2.823106 = -1.72082056 @ 389844 187853
-1.493347 3.793569 -4.948463 -4.311729 3.590052 0.839402 -2.688183 1.021088 0.398922 -2.823106 = -1.72082930 @ 388438 187274
-1.493345 3.793569 -4.948458 -4.311729 3.590053 0.839402 -2.688183 1.021087 0.398930 -2.823106 = -1.72083005 @ 391738 188644
-1.493345 3.793569 -4.948458 -4.311729 3.590053 0.839402 -2.688183 1.021087 0.398930 -2.823106 = -1.72083234 @ 388499 187300
-1.493367 3.793549 -4.948407 -4.311729 3.590052 0.839451 -2.688268 1.021088 0.398964 -2.823029 = -1.72092301 @ 388357 187240
-1.493367 3.793549 -4.948407 -4.311729 3.590052 0.839451 -2.688268 1.021088 0.398964 -2.823029 = -1.72098923 @ 388035 187105
-1.493201 3.793569 -4.948458 -4.311729 3.590053 0.839402 -2.688183 1.021087 0.398930 -2.823080 = -1.72107064 @ 396517 190656
-1.493367 3.793549 -4.948435 -4.311729 3.590052 0.839452 -2.688542 1.021088 0.398964 -2.823028 = -1.73341783 @ 396324 190574
-1.493347 3.793569 -4.948464 -4.311729 3.590052 0.839402 -2.688701 1.021088 0.398922 -2.823106 = -1.73607230 @ 394005 189599
-1.513063 3.627704 -4.910398 -4.220116 3.657202 0.824064 -2.689893 0.891573 0.431200 -2.813477 = -1.75829686 @ 398969 191681
-1.513063 3.627704 -4.910398 -4.220116 3.657202 0.824064 -2.689893 0.891573 0.431216 -2.813477 = -1.75861130 @ 399400 191857
-1.513063 3.627704 -4.910398 -4.220116 3.657202 0.824064 -2.689893 0.891573 0.431216 -2.813477 = -1.75861130 @ 399677 191970
-1.493347 3.793569 -4.946791 -4.311729 3.590052 0.839402 -2.688183 1.021088 0.398922 -2.823106 = -1.76473438 @ 399998 192102
-1.493347 3.793569 -4.946791 -4.311729 3.590052 0.839402 -2.688183 1.021088 0.398922 -2.823106 = -1.76473460 @ 395520 190236
-1.458634 3.714034 -4.950677 -4.257497 3.563057 0.845180 -2.624719 0.988321 0.579388 -2.818987 = -1.76803191 @ 393146 189236
-1.458634 3.714034 -4.950677 -4.257497 3.563057 0.845180 -2.624719 0.988321 0.579388 -2.818987 = -1.76805356 @ 396226 190533
-1.458634 3.714034 -4.950677 -4.257497 3.563057 0.845180 -2.624719 0.988321 0.579388 -2.818987 = -1.76805426 @ 393017 189181
-1.458634 3.714034 -4.950677 -4.257497 3.563057 0.845180 -2.624719 0.988321 0.579388 -2.818987 = -1.76805774 @ 388113 187137
-1.458634 3.714034 -4.950677 -4.257497 3.563057 0.845180 -2.624719 0.988321 0.579388 -2.818987 = -1.76806027 @ 386403 186412
-1.458634 3.714034 -4.950677 -4.257497 3.563057 0.845180 -2.624719 0.988321 0.579388 -2.818987 = -1.76806122 @ 394022 189606
-1.458635 3.714034 -4.950677 -4.257497 3.563057 0.845180 -2.624720 0.988321 0.579388 -2.818987 = -1.76806818 @ 391951 188732
-1.458636 3.714034 -4.950677 -4.257497 3.563057 0.845178 -2.624720 0.988327 0.579388 -2.818987 = -1.76809600 @ 398830 191623
-1.458636 3.714034 -4.950677 -4.257497 3.563057 0.845178 -2.624720 0.988327 0.579388 -2.818987 = -1.76809888 @ 390078 187952
-1.458636 3.714034 -4.950678 -4.257497 3.563057 0.845178 -2.624720 0.988327 0.579388 -2.818987 = -1.76811383 @ 398922 191661
-1.458634 3.714034 -4.950677 -4.257497 3.563057 0.845180 -2.624719 0.988321 0.579388 -2.818987 = -1.76812335 @ 390031 187933
-1.458636 3.714034 -4.950677 -4.257494 3.563057 0.845178 -2.624720 0.988327 0.579388 -2.818987 = -1.76813443 @ 399770 192009
-1.458634 3.714034 -4.950677 -4.257497 3.563057 0.845180 -2.624719 0.988321 0.579388 -2.818987 = -1.76814156 @ 394439 189779
-1.458634 3.714034 -4.950677 -4.257497 3.563057 0.845180 -2.624719 0.988321 0.579388 -2.818987 = -1.76815316 @ 385109 185858
-1.458634 3.714034 -4.950677 -4.257497 3.563052 0.845180 -2.624719 0.988321 0.579388 -2.818987 = -1.76815576 @ 398022 191292
-1.458634 3.714034 -4.950677 -4.257497 3.563057 0.845180 -2.624719 0.988321 0.579388 -2.818987 = -1.76816118 @ 382256 184636
-1.458634 3.714034 -4.950677 -4.257497 3.563057 0.845180 -2.624720 0.988321 0.579388 -2.818987 = -1.76821242 @ 381482 184309
-1.458634 3.714034 -4.950677 -4.257497 3.563057 0.845178 -2.624720 0.988327 0.579388 -2.818987 = -1.76826690 @ 384465 185583
-1.458636 3.714034 -4.950677 -4.257498 3.563057 0.845178 -2.624720 0.988327 0.579388 -2.818987 = -1.76846969 @ 398684 191560
-1.458636 3.714034 -4.950678 -4.257497 3.563057 0.845178 -2.624726 0.988327 0.579388 -2.818987 = -1.76872628 @ 399321 191824
-1.458646 3.714034 -4.950677 -4.257497 3.563057 0.845180 -2.624719 0.988321 0.579388 -2.818987 = -1.76889014 @ 397654 191135
-1.458611 3.714034 -4.950677 -4.257497 3.563057 0.845180 -2.624719 0.988321 0.579388 -2.818987 = -1.76993564 @ 398956 191676
-1.458679 3.714034 -4.950679 -4.257497 3.563057 0.845180 -2.624720 0.988327 0.579388 -2.818987 = -1.77047777 @ 397574 191101
-1.458635 3.714034 -4.950706 -4.257497 3.563057 0.845180 -2.624720 0.988321 0.579388 -2.818987 = -1.77051413 @ 394003 189598
-1.458679 3.714034 -4.950677 -4.257497 3.563057 0.845180 -2.624720 0.988327 0.579388 -2.818987 = -1.77055979 @ 396418 190613
-1.458940 3.714034 -4.950677 -4.257497 3.563057 0.845180 -2.624719 0.988321 0.579388 -2.818987 = -1.77539025 @ 398112 191329
-1.501784 3.574339 -4.747598 -4.336786 3.681528 0.890250 -2.651102 0.983279 0.441295 -2.721704 = -1.79184083 @ 399163 191761
-1.501784 3.574339 -4.747598 -4.336789 3.681528 0.890250 -2.651102 0.983279 0.441267 -2.721704 = -1.79211335 @ 399174 191766
-1.501784 3.574339 -4.747599 -4.336786 3.681528 0.890285 -2.651102 0.983279 0.441267 -2.721704 = -1.79251706 @ 398818 191617
-1.501784 3.574339 -4.747598 -4.336786 3.681528 0.890285 -2.651102 0.983279 0.441267 -2.721704 = -1.79280019 @ 397849 191218
-1.501784 3.574339 -4.747603 -4.336777 3.681405 0.890285 -2.651102 0.983279 0.441267 -2.722179 = -1.79505190 @ 399972 192091
-1.501784 3.574339 -4.747603 -4.336777 3.681405 0.890285 -2.651102 0.983279 0.441267 -2.722179 = -1.79506005 @ 397990 191278
-1.501784 3.574339 -4.747603 -4.336777 3.681405 0.890285 -2.651102 0.983279 0.441267 -2.722179 = -1.79506005 @ 399922 192071
-1.501784 3.574339 -4.747598 -4.336786 3.681528 0.890285 -2.651102 0.983279 0.441267 -2.722179 = -1.79532607 @ 397700 191155
-1.501784 3.574339 -4.747598 -4.336786 3.681405 0.890285 -2.651102 0.983279 0.441267 -2.722179 = -1.79549876 @ 397649 191133
-1.501784 3.574339 -4.747598 -4.336777 3.681405 0.890285 -2.651102 0.983279 0.441267 -2.722179 = -1.79555304 @ 397315 190991
-1.501429 3.574066 -4.747598 -4.340757 3.681411 0.890285 -2.649599 0.982773 0.441424 -2.723326 = -1.79558679 @ 397393 191024
-1.501784 3.574339 -4.747598 -4.336777 3.681405 0.890285 -2.651034 0.983279 0.441267 -2.722179 = -1.79618265 @ 398620 191533
-1.501784 3.574339 -4.747598 -4.336786 3.681485 0.890285 -2.651102 0.983279 0.441267 -2.722179 = -1.79660006 @ 399452 191878
-1.501429 3.574067 -4.747598 -4.340757 3.681405 0.890285 -2.649599 0.982773 0.441424 -2.723576 = -1.79704324 @ 398930 191665
-1.501429 3.574066 -4.747598 -4.340757 3.681411 0.890285 -2.649599 0.982773 0.441424 -2.723576 = -1.79710075 @ 399490 191894
-1.501429 3.574066 -4.747598 -4.340757 3.681411 0.890285 -2.649599 0.982773 0.441424 -2.723576 = -1.79710238 @ 397211 190949
-1.501429 3.574066 -4.747598 -4.340757 3.681405 0.890285 -2.649599 0.982773 0.441424 -2.723576 = -1.79724089 @ 396736 190749
-1.501789 3.574066 -4.747598 -4.336777 3.681405 0.890285 -2.651102 0.983279 0.441267 -2.722179 = -1.79726192 @ 399046 191713
-1.501784 3.574397 -4.747598 -4.340757 3.681405 0.890285 -2.652316 0.983279 0.440885 -2.723851 = -1.80012803 @ 398019 191290
-1.501784 3.574397 -4.747598 -4.340757 3.681405 0.890285 -2.652316 0.983279 0.440885 -2.723851 = -1.80014196 @ 398962 191678
-1.501784 3.574397 -4.747598 -4.340757 3.681405 0.890285 -2.652316 0.983287 0.440885 -2.723851 = -1.80054339 @ 398881 191644
-1.501784 3.574066 -4.747598 -4.340757 3.681405 0.890285 -2.652640 0.983279 0.441153 -2.723576 = -1.80441370 @ 395051 190040
-1.501968 3.574066 -4.747619 -4.340760 3.681405 0.890285 -2.652640 0.983279 0.440885 -2.723576 = -1.80729510 @ 398853 191632
-1.501429 3.574066 -4.747598 -4.340757 3.681405 0.890285 -2.652640 0.983279 0.441267 -2.723433 = -1.80880842 @ 396852 190799
-1.501429 3.573149 -4.747598 -4.340757 3.681405 0.890285 -2.652640 0.983279 0.441267 -2.723433 = -1.81203202 @ 397889 191235
-1.501784 3.574066 -4.747598 -4.336777 3.681405 0.890264 -2.652640 0.982833 0.441267 -2.724534 = -1.81837412 @ 396787 190771
-1.501429 3.574066 -4.747598 -4.340757 3.681405 0.889637 -2.649599 0.983478 0.441267 -2.723576 = -1.82855747 @ 396918 190827
-1.501703 3.574344 -4.747598 -4.340757 3.681405 0.889760 -2.652384 0.983279 0.441267 -2.726131 = -1.83395814 @ 396270 190551
-1.497508 3.574066 -4.747654 -4.340691 3.681776 0.890285 -2.652752 0.983936 0.441267 -2.723598 = -1.93313528 @ 396907 190822
-1.497508 3.574066 -4.747654 -4.340691 3.681776 0.890285 -2.652752 0.983936 0.441267 -2.723576 = -1.93339567 @ 395844 190374
-1.497508 3.574066 -4.747601 -4.340691 3.681850 0.890285 -2.652752 0.983936 0.441267 -2.723598 = -1.93429144 @ 398098 191323
-1.497508 3.574066 -4.747654 -4.340777 3.681431 0.889543 -2.652752 0.983936 0.441267 -2.723576 = -1.93959441 @ 396543 190667
-1.502719 3.749980 -4.907135 -4.347246 3.721502 0.834551 -2.762282 0.971975 0.428862 -2.649538 = -2.21116354 @ 395903 190399
-1.502719 3.749980 -4.907135 -4.347246 3.721502 0.834551 -2.762282 0.971975 0.428862 -2.649538 = -2.21116354 @ 399467 191884
-1.502719 3.749980 -4.907135 -4.347246 3.721502 0.834551 -2.762282 0.971975 0.428862 -2.649538 = -2.21116354 @ 399856 192044
-1.502590 3.749980 -4.907106 -4.347246 3.721502 0.834186 -2.762369 0.971752 0.428862 -2.649538 = -2.21259143 @ 397524 191080
-1.502719 3.749980 -4.907135 -4.347201 3.721502 0.834551 -2.762282 0.971975 0.428852 -2.649538 = -2.21452328 @ 399441 191874
-1.502719 3.749980 -4.907135 -4.347201 3.721502 0.834551 -2.762282 0.971975 0.428862 -2.649538 = -2.21479558 @ 397013 190867
-1.502719 3.749980 -4.907135 -4.347201 3.721502 0.834551 -2.762282 0.971975 0.428862 -2.649538 = -2.21494480 @ 399038 191710
-1.502719 3.749980 -4.907135 -4.347201 3.721502 0.834551 -2.762282 0.971975 0.428831 -2.649538 = -2.21531534 @ 399021 191703
-1.502590 3.750092 -4.907078 -4.347313 3.721527 0.834551 -2.762282 0.971964 0.428862 -2.649538 = -2.21626920 @ 399769 192008
-1.502590 3.750092 -4.907078 -4.347313 3.721527 0.834551 -2.762282 0.971964 0.428862 -2.649538 = -2.21626920 @ 398772 191598
-1.502590 3.750092 -4.907078 -4.347313 3.721527 0.834551 -2.762282 0.972011 0.428862 -2.649538 = -2.21751470 @ 397131 190916
-1.502590 3.750092 -4.907078 -4.347313 3.721504 0.834551 -2.762282 0.972011 0.428862 -2.649512 = -2.21772727 @ 398918 191660
-1.502590 3.750092 -4.907078 -4.347313 3.721504 0.834551 -2.762282 0.972011 0.428862 -2.649538 = -2.21775083 @ 396261 190548
-1.502591 3.749982 -4.907078 -4.347088 3.721930 0.834551 -2.762279 0.972227 0.428983 -2.649538 = -2.22052435 @ 398986 191689
-1.502591 3.749982 -4.907078 -4.347088 3.721930 0.834551 -2.762279 0.972227 0.428942 -2.649538 = -2.22284994 @ 397153 190925
-1.502591 3.749982 -4.907078 -4.347088 3.721930 0.834551 -2.762279 0.972227 0.428942 -2.649538 = -2.22284999 @ 397712 191160
-1.502591 3.749982 -4.907078 -4.347088 3.721930 0.834551 -2.762283 0.972227 0.428942 -2.649538 = -2.22290966 @ 398403 191445
-1.502590 3.749980 -4.907106 -4.347219 3.721502 0.834186 -2.762282 0.972227 0.428862 -2.649538 = -2.22291812 @ 397559 191095
-1.502590 3.749980 -4.907106 -4.347219 3.721502 0.834186 -2.762282 0.972227 0.428862 -2.649538 = -2.22291812 @ 399939 192078
-1.502590 3.749980 -4.907109 -4.347219 3.721502 0.834186 -2.762282 0.972227 0.428862 -2.649538 = -2.22307671 @ 398131 191337
-1.502590 3.749980 -4.907103 -4.347246 3.721742 0.834551 -2.762282 0.972227 0.428862 -2.649538 = -2.22368895 @ 393774 189500
-1.502591 3.749777 -4.907078 -4.347088 3.721841 0.834551 -2.762279 0.972227 0.428942 -2.649538 = -2.22432979 @ 395907 190401
-1.502590 3.749980 -4.907106 -4.347246 3.721502 0.834551 -2.762282 0.972227 0.428862 -2.649538 = -2.22565108 @ 393605 189428
-1.502590 3.749980 -4.907106 -4.347246 3.721502 0.834551 -2.762282 0.972227 0.428862 -2.649538 = -2.22565108 @ 399725 191990
-1.502591 3.749996 -4.907078 -4.347088 3.721841 0.834551 -2.762279 0.972227 0.428942 -2.649538 = -2.22570098 @ 397017 190869
-1.502590 3.749982 -4.907078 -4.347313 3.721504 0.833999 -2.762282 0.972227 0.428862 -2.649538 = -2.22586766 @ 394504 189807
-1.502835 3.749982 -4.907078 -4.347088 3.721504 0.834009 -2.762282 0.972227 0.428862 -2.649538 = -2.22735117 @ 398737 191583
-1.502590 3.749980 -4.907106 -4.347246 3.721502 0.834186 -2.762282 0.971752 0.429579 -2.649538 = -2.22777310 @ 397239 190960
-1.502590 3.749980 -4.907107 -4.347246 3.721502 0.834186 -2.762282 0.971752 0.429579 -2.649538 = -2.22778270 @ 397897 191238
-1.502835 3.749982 -4.907078 -4.347088 3.721504 0.834551 -2.762282 0.972227 0.428862 -2.649538 = -2.22974487 @ 393242 189275
-1.502415 3.749980 -4.907103 -4.347088 3.721504 0.834551 -2.762282 0.972227 0.428862 -2.650154 = -2.23212436 @ 394300 189722
-1.502590 3.749980 -4.907103 -4.347088 3.721503 0.833654 -2.762282 0.972227 0.428862 -2.649049 = -2.23886636 @ 395425 190195
-1.502590 3.749980 -4.907103 -4.345953 3.721504 0.834504 -2.762282 0.972227 0.428862 -2.649538 = -2.24409788 @ 398376 191434
-1.502555 3.749980 -4.907066 -4.345953 3.721504 0.834504 -2.762004 0.972227 0.428394 -2.649660 = -2.25972596 @ 396217 190529
-1.499053 3.676316 -4.802594 -4.297581 3.571378 0.902850 -2.616163 0.981571 0.308733 -2.890455 = -3.02958465 @ 399485 191892
-1.499056 3.676316 -4.802594 -4.297581 3.571378 0.902850 -2.616163 0.981571 0.308733 -2.890455 = -3.02980846 @ 395996 190438
-1.499056 3.676316 -4.802594 -4.297581 3.571378 0.902850 -2.616163 0.981571 0.308733 -2.890455 = -3.02980846 @ 399288 191811
-1.499067 3.676316 -4.802594 -4.297581 3.571378 0.902850 -2.616163 0.981571 0.308733 -2.890455 = -3.03083598 @ 397682 191147
-1.499056 3.676316 -4.802606 -4.298294 3.571226 0.902850 -2.616163 0.981571 0.308733 -2.890455 = -3.03304484 @ 398768 191596
-1.499056 3.676316 -4.802606 -4.298295 3.571378 0.902803 -2.616163 0.981571 0.308733 -2.890455 = -3.03354135 @ 399946 192081
-1.499056 3.676316 -4.802606 -4.298295 3.571378 0.902803 -2.616163 0.981571 0.308733 -2.890455 = -3.03354705 @ 398946 191672
-1.499056 3.676316 -4.802606 -4.298295 3.571378 0.902803 -2.616163 0.981571 0.308733 -2.890455 = -3.03354705 @ 399639 191955
-1.499056 3.676316 -4.802606 -4.298295 3.571378 0.902850 -2.616163 0.981571 0.308733 -2.890455 = -3.03471451 @ 397484 191063
-1.499056 3.676316 -4.802606 -4.298309 3.571383 0.902850 -2.616163 0.981571 0.308716 -2.890455 = -3.03485796 @ 398747 191587
-1.499056 3.676316 -4.802606 -4.298294 3.571378 0.902850 -2.616163 0.981571 0.308733 -2.890455 = -3.03504550 @ 396958 190844
-1.499056 3.676316 -4.802606 -4.298309 3.571383 0.902850 -2.616163 0.981571 0.308733 -2.890455 = -3.03586600 @ 398012 191287
-1.499056 3.676398 -4.802606 -4.298294 3.571378 0.902850 -2.616163 0.981571 0.308733 -2.890455 = -3.03758919 @ 397115 190909
-1.499056 3.676316 -4.802606 -4.298115 3.571383 0.902850 -2.616163 0.981571 0.308733 -2.890455 = -3.04032440 @ 397956 191263
-1.499056 3.676316 -4.802606 -4.298115 3.571383 0.902850 -2.616163 0.981571 0.308733 -2.890455 = -3.04032440 @ 399745 191998
-1.499056 3.676316 -4.802606 -4.298294 3.571378 0.902850 -2.616163 0.981411 0.308733 -2.890455 = -3.04039253 @ 398079 191315
-1.499056 3.676316 -4.802606 -4.298068 3.571378 0.902850 -2.616163 0.981571 0.308733 -2.890455 = -3.04098214 @ 399962 192087
-1.499056 3.676316 -4.802606 -4.298068 3.571378 0.902850 -2.616163 0.981571 0.308733 -2.890455 = -3.04099104 @ 398525 191494
-1.499056 3.676227 -4.802594 -4.298294 3.571378 0.902850 -2.618293 0.983513 0.308907 -2.889914 = -3.07639893 @ 398996 191693
-1.499056 3.676227 -4.802598 -4.298294 3.571378 0.902850 -2.618293 0.983719 0.308733 -2.889914 = -3.07685558 @ 398000 191282
-1.499056 3.676227 -4.802594 -4.298294 3.571378 0.902973 -2.618293 0.983719 0.308806 -2.889914 = -3.07793107 @ 396718 190741
-1.499056 3.676227 -4.802661 -4.298294 3.567803 0.902850 -2.618270 0.981864 0.308595 -2.890348 = -3.10079383 @ 398004 191284
0.164798 3.790507 4.524092 -1.388917 -1.393515 -4.156259 4.263894 2.949785 3.262899 2.898901 = -3.21140189 @ 399846 192040
0.164798 3.790509 4.524092 -1.388917 -1.393515 -4.156259 4.263894 2.949785 3.262899 2.898901 = -3.21152910 @ 377582 182632
0.164798 3.790509 4.524067 -1.388917 -1.393515 -4.156259 4.263894 2.949785 3.262899 2.898901 = -3.21225633 @ 398773 191598
0.164771 3.790509 4.524067 -1.388917 -1.393515 -4.156259 4.263894 2.949785 3.262899 2.898901 = -3.21237214 @ 399173 191765
0.164798 3.790509 4.524067 -1.388917 -1.393515 -4.156259 4.263888 2.949785 3.262899 2.898901 = -3.21305394 @ 399696 191978
0.164798 3.790509 4.524067 -1.388917 -1.393515 -4.156259 4.263888 2.949785 3.262899 2.898901 = -3.21305394 @ 398973 191683
0.164798 3.790498 4.524067 -1.388892 -1.393515 -4.156259 4.263894 2.949785 3.262899 2.898901 = -3.21309899 @ 399151 191756
0.164798 3.790509 4.524067 -1.388917 -1.393515 -4.156259 4.263888 2.949785 3.262899 2.898903 = -3.21324301 @ 399637 191954
0.164798 3.790509 4.524067 -1.388925 -1.393708 -4.156253 4.263894 2.949785 3.262899 2.898901 = -3.22128826 @ 399147 191755
-1.540952 3.582268 -4.936370 -4.276673 3.711684 0.775196 -2.734591 0.995383 0.608137 -2.681494 = -3.35693662 @ 399940 192078
-1.540952 3.582268 -4.936370 -4.276673 3.711684 0.775196 -2.734591 0.995383 0.608137 -2.681494 = -3.35699255 @ 397466 191055
-1.540952 3.582268 -4.936371 -4.276673 3.711684 0.775322 -2.734875 0.995664 0.608137 -2.681494 = -3.36017494 @ 398778 191600
-1.540952 3.582268 -4.936371 -4.276673 3.711684 0.775322 -2.734875 0.995664 0.608137 -2.681494 = -3.36017494 @ 399299 191815
-1.540952 3.582268 -4.936374 -4.276673 3.711684 0.775322 -2.734875 0.995664 0.608137 -2.681494 = -3.36032198 @ 397335 191000
-1.540952 3.582268 -4.937064 -4.276827 3.711684 0.775322 -2.734875 0.995121 0.608137 -2.681494 = -3.36071455 @ 399168 191763
-1.540952 3.582268 -4.937064 -4.276827 3.711684 0.775322 -2.734876 0.995121 0.608137 -2.681494 = -3.36080090 @ 399840 192037
-1.540952 3.582268 -4.937064 -4.276825 3.711684 0.775322 -2.734875 0.995121 0.608137 -2.681494 = -3.36103443 @ 395205 190103
-1.541116 3.582268 -4.936945 -4.276825 3.711684 0.775322 -2.734875 0.995121 0.608137 -2.681227 = -3.36139747 @ 398517 191491
-1.540952 3.582268 -4.936370 -4.276673 3.711554 0.775322 -2.734617 0.995664 0.608137 -2.681494 = -3.36269245 @ 399057 191718
-1.540952 3.582268 -4.936370 -4.276673 3.711684 0.775322 -2.734953 0.995643 0.608137 -2.681494 = -3.36289810 @ 398752 191589
-1.540952 3.582268 -4.936945 -4.276825 3.711684 0.775312 -2.734875 0.995121 0.608137 -2.681227 = -3.36291848 @ 399140 191752
-1.540952 3.582268 -4.936370 -4.276673 3.711684 0.775322 -2.734875 0.995643 0.608137 -2.681494 = -3.36302969 @ 396459 190631
-1.540952 3.582268 -4.936884 -4.276673 3.712154 0.775274 -2.734875 0.995123 0.608137 -2.681494 = -3.36365380 @ 398980 191686
-1.541085 3.582268 -4.936370 -4.276673 3.711684 0.775322 -2.734875 0.995664 0.608137 -2.681494 = -3.36375887 @ 397806 191200
-1.540952 3.582268 -4.936945 -4.276825 3.711720 0.775322 -2.734875 0.995121 0.608137 -2.681494 = -3.36387580 @ 395692 190309
-1.540952 3.582268 -4.936884 -4.276673 3.712154 0.775322 -2.734875 0.995123 0.608137 -2.681494 = -3.36563143 @ 398040 191299
-1.540952 3.582489 -4.936370 -4.276673 3.711684 0.775322 -2.734875 0.995643 0.608137 -2.681494 = -3.36573710 @ 399380 191849
-1.540952 3.582268 -4.936370 -4.276673 3.711703 0.775322 -2.734953 0.995643 0.608137 -2.681494 = -3.36595106 @ 399363 191842
-1.540920 3.582489 -4.936370 -4.276673 3.711684 0.775322 -2.734875 0.995643 0.608137 -2.681494 = -3.36671697 @ 397558 191095
-1.540952 3.582268 -4.937064 -4.276825 3.711684 0.775322 -2.734875 0.995121 0.608137 -2.681197 = -3.36717281 @ 398154 191346
-1.540952 3.582460 -4.937064 -4.276673 3.708974 0.775566 -2.734310 0.995121 0.609753 -2.681674 = -3.36821511 @ 397442 191045
-1.540952 3.582460 -4.937064 -4.276673 3.708974 0.775566 -2.734310 0.995121 0.609792 -2.681674 = -3.36840254 @ 396018 190448
-1.540952 3.582460 -4.937064 -4.276708 3.708974 0.775566 -2.734310 0.995121 0.609792 -2.681674 = -3.37034131 @ 396020 190449
-1.540952 3.582540 -4.937088 -4.276675 3.711683 0.775566 -2.734875 0.995121 0.607099 -2.681494 = -3.37211782 @ 395283 190135
-1.540952 3.582268 -4.936371 -4.276825 3.711684 0.775322 -2.734875 0.995047 0.608137 -2.681494 = -3.37662797 @ 397423 191037
-1.540952 3.582460 -4.937084 -4.276673 3.708974 0.775540 -2.734957 0.995123 0.609792 -2.681589 = -3.38341493 @ 399087 191730
-1.540952 3.582460 -4.937084 -4.276673 3.708974 0.775540 -2.734957 0.995121 0.609792 -2.681589 = -3.38386719 @ 396586 190685
-1.540952 3.582460 -4.937064 -4.276673 3.708974 0.775540 -2.734957 0.995121 0.609792 -2.681674 = -3.38399931 @ 395944 190416
-1.540952 3.582404 -4.937084 -4.276717 3.711885 0.775552 -2.735612 0.995121 0.609798 -2.681494 = -3.39437551 @ 398033 191297
-1.540917 3.582405 -4.937064 -4.276673 3.711958 0.775566 -2.735154 0.995121 0.609792 -2.681494 = -3.39842981 @ 397882 191232
-1.540952 3.582244 -4.937059 -4.276673 3.713341 0.775328 -2.734875 0.995121 0.610863 -2.681494 = -3.45044564 @ 390585 188163
-1.540952 3.582244 -4.937059 -4.276673 3.713341 0.775328 -2.734875 0.995121 0.610863 -2.681494 = -3.45044568 @ 398272 191393
-1.562759 3.647056 -4.963697 -4.290308 3.596532 0.762307 -2.682572 1.129031 0.499463 -2.845569 = -3.47210000 @ 399937 192077
-1.562759 3.647056 -4.963697 -4.290308 3.596532 0.762307 -2.682572 1.129031 0.499463 -2.845569 = -3.47210550 @ 388549 187321
-1.562759 3.647056 -4.963699 -4.290308 3.596532 0.762307 -2.682572 1.129031 0.499463 -2.845569 = -3.47227490 @ 397469 191057
-1.562759 3.647056 -4.963697 -4.290304 3.596532 0.762307 -2.682572 1.129031 0.499463 -2.845569 = -3.47249321 @ 399156 191758
-1.562759 3.647056 -4.963697 -4.290303 3.596532 0.762307 -2.682572 1.129031 0.499463 -2.845569 = -3.47299701 @ 397891 191236
-1.562759 3.647056 -4.963699 -4.290308 3.596532 0.762307 -2.682572 1.129078 0.499604 -2.845569 = -3.47597881 @ 397848 191217
-1.562767 3.647056 -4.963697 -4.290303 3.596532 0.762307 -2.682572 1.129031 0.499496 -2.845569 = -3.47688639 @ 398803 191611
-1.562759 3.647056 -4.963699 -4.290308 3.596538 0.762307 -2.682572 1.129031 0.499604 -2.845569 = -3.47758184 @ 399137 191750
-1.562759 3.647056 -4.963699 -4.290308 3.596532 0.762362 -2.682591 1.129035 0.499463 -2.845569 = -3.47873080 @ 399307 191819
-1.562759 3.647056 -4.963699 -4.290308 3.596532 0.762362 -2.682591 1.129035 0.499463 -2.845569 = -3.47873080 @ 399799 192020
-1.562759 3.647056 -4.963699 -4.290308 3.596532 0.762362 -2.682591 1.129035 0.499463 -2.845569 = -3.47873080 @ 398945 191671
-1.562759 3.647056 -4.963699 -4.290308 3.596532 0.762362 -2.682572 1.129035 0.499463 -2.845569 = -3.48008921 @ 397394 191025
-1.562759 3.647056 -4.963699 -4.290308 3.596532 0.762362 -2.682572 1.129035 0.499391 -2.845569 = -3.48437863 @ 397600 191112
-1.562759 3.647274 -4.963697 -4.290308 3.596532 0.762303 -2.682572 1.129031 0.499463 -2.845621 = -3.49117181 @ 399555 191921
-1.562759 3.647274 -4.963697 -4.290308 3.596532 0.762307 -2.682572 1.129031 0.499463 -2.845621 = -3.49238939 @ 398958 191677
-1.562759 3.647056 -4.963329 -4.290308 3.596651 0.762307 -2.682572 1.129031 0.499463 -2.845569 = -3.49680573 @ 398003 191284
-1.562759 3.647056 -4.963698 -4.290308 3.596532 0.762307 -2.682386 1.129031 0.499463 -2.845962 = -3.50275255 @ 395794 190353
-1.562759 3.647056 -4.963697 -4.290308 3.595905 0.762307 -2.682572 1.129031 0.499463 -2.845823 = -3.50518072 @ 394421 189772
-1.540952 3.582244 -4.936971 -4.273491 3.711684 0.776433 -2.734875 0.996698 0.610863 -2.681494 = -3.53640466 @ 397563 191097
-1.488777 3.715388 -4.877005 -4.445783 3.759924 0.889437 -2.699028 0.939002 0.423026 -2.914313 = -3.55487805 @ 397300 190985
-1.488775 3.715388 -4.877005 -4.445824 3.759924 0.889464 -2.699006 0.939004 0.423022 -2.914302 = -3.55529213 @ 399244 191793
-1.488775 3.715388 -4.877005 -4.445824 3.759924 0.889438 -2.699006 0.939004 0.423022 -2.914313 = -3.55548061 @ 399942 192079
-1.488775 3.715388 -4.877005 -4.445824 3.759924 0.889438 -2.699006 0.939004 0.423022 -2.914313 = -3.55562343 @ 398899 191652
-1.488775 3.715388 -4.877005 -4.445824 3.759924 0.889437 -2.699006 0.939004 0.423022 -2.914313 = -3.55568753 @ 397036 190877
-1.488777 3.715388 -4.877005 -4.445783 3.759924 0.889437 -2.699006 0.939002 0.423026 -2.914313 = -3.55574371 @ 393274 189288
-1.488775 3.715388 -4.877005 -4.445824 3.759924 0.889464 -2.699006 0.939004 0.423022 -2.914313 = -3.55681548 @ 398947 191672
-1.503778 3.508970 -4.821009 -4.204022 3.700750 0.860766 -2.665129 0.834610 0.491982 -2.764287 = -3.59635921 @ 389450 187685
-1.503778 3.508970 -4.821020 -4.204042 3.700750 0.860766 -2.665129 0.834610 0.491982 -2.764287 = -3.59810775 @ 396790 190772
-1.503778 3.508970 -4.821020 -4.204042 3.700750 0.860766 -2.665129 0.834610 0.491957 -2.764287 = -3.59943571 @ 397945 191259
-1.503778 3.508970 -4.821020 -4.204042 3.700750 0.860766 -2.665129 0.834610 0.492046 -2.764287 = -3.60307893 @ 397938 191256
-1.503778 3.508970 -4.821020 -4.204022 3.700951 0.859986 -2.665129 0.834610 0.491982 -2.764287 = -3.61677080 @ 396409 190610
-1.503778 3.508970 -4.821020 -4.204022 3.700951 0.859986 -2.665115 0.834610 0.491982 -2.764287 = -3.61833392 @ 398878 191643
-1.367342 3.747246 -4.867727 -4.257618 3.734095 0.965770 -2.531462 1.046516 0.442624 -2.725511 = -3.66345463 @ 399025 191705
-1.367342 3.747246 -4.867727 -4.257618 3.734095 0.965770 -2.531462 1.046516 0.442624 -2.725511 = -3.66345463 @ 399164 191762
-1.367342 3.747246 -4.867727 -4.257618 3.734095 0.965770 -2.531456 1.046516 0.442624 -2.725511 = -3.66361057 @ 390848 188275
-1.367350 3.747246 -4.867727 -4.257618 3.734095 0.965770 -2.531456 1.046516 0.442624 -2.725511 = -3.66362281 @ 398119 191332
-1.367350 3.747246 -4.867727 -4.257618 3.734095 0.965770 -2.531456 1.046516 0.442624 -2.725511 = -3.66362281 @ 399249 191796
-1.367342 3.747246 -4.867727 -4.257618 3.734095 0.965770 -2.531456 1.046516 0.442624 -2.725511 = -3.66363417 @ 398434 191458
-1.367342 3.747246 -4.867727 -4.257618 3.734095 0.965770 -2.531456 1.046516 0.442624 -2.725511 = -3.66363418 @ 389727 187803
-1.367342 3.747246 -4.867727 -4.257618 3.734095 0.965770 -2.531456 1.046516 0.442624 -2.725511 = -3.66363419 @ 396724 190744
-1.367342 3.747246 -4.867727 -4.257618 3.734095 0.965770 -2.531456 1.046516 0.442624 -2.725511 = -3.66363419 @ 388369 187245
-1.367342 3.747246 -4.867727 -4.257618 3.734095 0.965770 -2.531456 1.046516 0.442624 -2.725511 = -3.66363701 @ 393389 189336
-1.367342 3.747246 -4.867727 -4.257618 3.734095 0.965770 -2.531456 1.046516 0.442624 -2.725511 = -3.66363704 @ 398326 191414
-1.367342 3.747246 -4.867727 -4.257618 3.734095 0.965770 -2.531456 1.046516 0.442624 -2.725511 = -3.66363761 @ 392967 189160
-1.367342 3.747246 -4.867727 -4.257618 3.734095 0.965770 -2.531456 1.046516 0.442624 -2.725511 = -3.66363856 @ 395225 190111
-1.367342 3.747246 -4.867727 -4.257618 3.734095 0.965770 -2.531456 1.046516 0.442624 -2.725511 = -3.66366729 @ 390747 188232
-1.367342 3.747246 -4.867727 -4.257618 3.734095 0.965770 -2.531456 1.046516 0.442624 -2.725511 = -3.66367392 @ 383488 185165
-1.367342 3.747246 -4.867727 -4.257618 3.734095 0.965770 -2.531456 1.046516 0.442624 -2.725511 = -3.66367772 @ 398964 191679
-1.367342 3.747246 -4.867726 -4.257618 3.734095 0.965770 -2.531456 1.046514 0.442623 -2.725511 = -3.66370055 @ 391257 188446
-1.367342 3.747246 -4.867726 -4.257618 3.734095 0.965770 -2.531456 1.046514 0.442623 -2.725511 = -3.66371047 @ 382760 184855
-1.367342 3.747246 -4.867721 -4.257618 3.734094 0.965770 -2.531456 1.046514 0.442622 -2.725511 = -3.66415260 @ 389658 187773
-1.367342 3.747246 -4.867721 -4.257618 3.734094 0.965770 -2.531456 1.046514 0.442622 -2.725511 = -3.66416987 @ 391821 188678
-1.367342 3.747246 -4.867727 -4.257618 3.734095 0.965770 -2.531454 1.046514 0.442622 -2.725511 = -3.66429413 @ 393482 189375
-1.367342 3.747246 -4.867733 -4.257618 3.734095 0.965770 -2.531454 1.046514 0.442622 -2.725511 = -3.66439153 @ 393786 189505
-1.367357 3.747246 -4.867725 -4.257618 3.734095 0.965770 -2.531457 1.046516 0.442624 -2.725511 = -3.66439359 @ 398296 191402
-1.367342 3.747246 -4.867727 -4.257618 3.734097 0.965770 -2.531454 1.046514 0.442622 -2.725511 = -3.66511333 @ 380494 183885
-1.367342 3.747246 -4.867727 -4.257618 3.734066 0.965770 -2.531456 1.046516 0.442624 -2.725511 = -3.66527685 @ 393024 189184
-1.367342 3.747246 -4.867721 -4.257662 3.734094 0.965770 -2.531456 1.046514 0.442622 -2.725511 = -3.67077764 @ 396576 190681
-1.367342 3.747246 -4.867726 -4.257618 3.734095 0.965770 -2.531589 1.046514 0.442623 -2.725511 = -3.67716982 @ 392103 188796
-1.367342 3.747246 -4.867727 -4.257618 3.734095 0.965770 -2.531456 1.046516 0.442883 -2.725511 = -3.68967751 @ 399053 191716
-1.367342 3.747246 -4.866719 -4.257618 3.734094 0.965770 -2.531456 1.046514 0.442622 -2.725511 = -3.71449583 @ 395065 190046
-1.499056 3.676316 -4.802606 -4.298115 3.571383 0.902850 -2.624719 0.988321 0.308733 -2.890455 = -3.72065880 @ 398889 191648
-1.367342 3.747246 -4.867727 -4.257618 3.734095 0.963838 -2.531456 1.046516 0.442624 -2.725511 = -3.73176140 @ 393393 189338
-1.367327 3.747247 -4.867727 -4.257618 3.731634 0.965761 -2.531456 1.046513 0.442606 -2.725498 = -3.76474183 @ 391013 188346
-1.367327 3.747247 -4.867727 -4.257618 3.731634 0.965761 -2.531456 1.047347 0.442606 -2.725498 = -3.77921026 @ 396767 190762
-1.483237 3.735273 -4.771948 -4.432690 3.482005 0.895063 -2.709993 0.892243 0.506439 -2.746910 = -3.83413972 @ 399932 192075
-1.483237 3.735273 -4.771948 -4.432690 3.482005 0.895063 -2.709993 0.892243 0.506439 -2.746910 = -3.83416421 @ 398884 191646
-1.483237 3.735273 -4.771947 -4.432926 3.482005 0.895063 -2.709845 0.892243 0.506439 -2.746910 = -3.83986117 @ 398335 191417
-1.483237 3.735273 -4.771947 -4.432926 3.482005 0.895063 -2.709878 0.892243 0.506439 -2.746910 = -3.84027789 @ 397219 190952
-1.483237 3.735273 -4.771927 -4.432926 3.481619 0.895099 -2.709976 0.892243 0.506439 -2.746910 = -3.84195805 @ 398400 191444
-1.483237 3.735273 -4.771685 -4.432690 3.482005 0.895237 -2.709976 0.892243 0.506439 -2.746910 = -3.84386922 @ 398109 191327
-1.483237 3.735273 -4.771947 -4.432926 3.482005 0.895063 -2.710753 0.892243 0.506439 -2.746910 = -3.85332385 @ 395435 190200
-1.483237 3.735273 -4.771957 -4.432926 3.482005 0.895063 -2.707659 0.892243 0.506439 -2.746910 = -3.85621418 @ 396248 190542
-1.483237 3.735273 -4.771957 -4.432925 3.482005 0.895063 -2.707659 0.892243 0.506439 -2.746910 = -3.85626699 @ 399948 192082
-1.483237 3.735273 -4.771947 -4.434715 3.481662 0.895063 -2.707514 0.892284 0.506439 -2.746910 = -3.86673971 @ 398704 191569
-1.583768 3.600367 -4.963576 -4.306891 3.590452 1.027915 -2.598148 0.924611 0.542658 -2.734550 = -3.92460306 @ 397761 191181
-1.583768 3.600367 -4.963576 -4.306891 3.590452 1.027915 -2.598148 0.924611 0.542658 -2.734550 = -3.92460324 @ 390972 188328
-1.583768 3.600367 -4.963576 -4.306891 3.590452 1.027915 -2.598148 0.924611 0.542658 -2.734550 = -3.92460908 @ 393484 189377
-1.583768 3.600367 -4.963576 -4.306893 3.590452 1.027915 -2.598148 0.924611 0.542658 -2.734550 = -3.92550473 @ 398110 191328
-1.583768 3.600367 -4.963576 -4.306862 3.590452 1.027915 -2.598148 0.924611 0.542658 -2.734529 = -3.92721568 @ 399216 191782
-1.583768 3.600367 -4.963576 -4.306891 3.590330 1.027915 -2.598148 0.924611 0.542658 -2.734550 = -3.92935292 @ 396701 190734
-1.583768 3.600367 -4.963576 -4.306933 3.590452 1.027915 -2.598148 0.924611 0.542658 -2.734550 = -3.93146387 @ 396355 190587
-1.583768 3.600367 -4.963582 -4.306933 3.590452 1.027915 -2.598148 0.924611 0.542658 -2.734550 = -3.93228916 @ 396815 190783
-1.583768 3.600367 -4.963576 -4.306891 3.590452 1.027915 -2.598148 0.924519 0.542658 -2.734550 = -3.93232357 @ 395437 190200
-1.583768 3.600367 -4.963576 -4.306933 3.590452 1.027915 -2.598148 0.924611 0.542658 -2.734529 = -3.93309973 @ 399211 191780
-1.583768 3.600389 -4.963576 -4.306891 3.590452 1.027915 -2.598148 0.924519 0.542658 -2.734550 = -3.93317002 @ 395616 190277
-1.583768 3.600367 -4.963576 -4.306891 3.590452 1.027909 -2.598148 0.924519 0.542658 -2.734550 = -3.93328493 @ 399715 191986
-1.583447 3.600389 -4.963576 -4.306933 3.590485 1.027915 -2.598148 0.924611 0.542658 -2.734550 = -3.94974446 @ 398779 191601
-1.583691 3.599617 -4.963576 -4.306782 3.590452 1.027915 -2.598148 0.924611 0.542658 -2.734550 = -3.95763551 @ 398671 191555
-1.455140 3.731321 -4.937318 -4.279343 3.643242 0.801771 -2.540121 0.709716 0.394746 -2.752212 = -4.17807887 @ 397551 191092
-1.455140 3.731321 -4.937318 -4.279343 3.643242 0.801771 -2.540121 0.709716 0.394746 -2.752212 = -4.17807895 @ 391900 188710
-1.455140 3.731321 -4.937318 -4.279343 3.643242 0.801771 -2.540121 0.709716 0.394746 -2.752212 = -4.17813202 @ 386329 186380
-1.455140 3.731321 -4.937318 -4.279343 3.643242 0.801771 -2.540121 0.709716 0.394746 -2.752212 = -4.17813595 @ 393307 189302
-1.455140 3.731321 -4.937318 -4.279343 3.643242 0.801771 -2.540121 0.709716 0.394746 -2.752212 = -4.17817830 @ 390866 188283
-1.455140 3.731321 -4.937318 -4.279343 3.643242 0.801771 -2.540121 0.709716 0.394746 -2.752212 = -4.17818913 @ 384511 185603
-1.455140 3.731321 -4.937318 -4.279343 3.643242 0.801771 -2.540121 0.709716 0.394746 -2.752212 = -4.17822977 @ 389977 187910
-1.455140 3.731321 -4.937318 -4.279343 3.643242 0.801771 -2.540121 0.709716 0.394747 -2.752212 = -4.17828990 @ 382213 184618
-1.455140 3.731321 -4.937318 -4.279343 3.643241 0.801771 -2.540121 0.709716 0.394747 -2.752212 = -4.17831692 @ 391415 188512
-1.455140 3.731321 -4.937318 -4.279343 3.643241 0.801771 -2.540121 0.709716 0.394747 -2.752212 = -4.17831692 @ 397630 191125
-1.455140 3.731321 -4.937318 -4.279343 3.643242 0.801771 -2.540121 0.709716 0.394747 -2.752212 = -4.17838657 @ 383515 185176
-1.455140 3.731321 -4.937318 -4.279343 3.643242 0.801771 -2.540121 0.709716 0.394747 -2.752212 = -4.17839603 @ 390639 188186
-1.455138 3.731321 -4.937318 -4.279342 3.643242 0.801771 -2.540121 0.709716 0.394743 -2.752211 = -4.17848680 @ 383382 185119
-1.455138 3.731321 -4.937318 -4.279342 3.643242 0.801771 -2.540121 0.709716 0.394743 -2.752211 = -4.17850681 @ 384796 185726
-1.455138 3.731321 -4.937318 -4.279342 3.643242 0.801771 -2.540121 0.709716 0.394743 -2.752212 = -4.17863414 @ 383237 185057
-1.455140 3.731321 -4.937318 -4.279343 3.643242 0.801759 -2.540121 0.709716 0.394747 -2.752212 = -4.17890680 @ 399010 191699
-1.455141 3.731321 -4.937318 -4.279343 3.643242 0.801771 -2.540121 0.709716 0.394748 -2.752212 = -4.17906712 @ 378818 183163
-1.455140 3.731321 -4.937318 -4.279343 3.643242 0.801771 -2.540121 0.709710 0.394746 -2.752212 = -4.18033678 @ 399132 191748
-1.455100 3.731321 -4.937318 -4.279398 3.643237 0.801771 -2.540123 0.709716 0.394743 -2.752221 = -4.18113652 @ 391899 188710
-1.455100 3.731321 -4.937318 -4.279398 3.643237 0.801771 -2.540123 0.709716 0.394743 -2.752221 = -4.18114145 @ 384970 185800
-1.454825 3.731321 -4.937318 -4.279342 3.643242 0.801771 -2.540121 0.709716 0.394743 -2.752211 = -4.18236093 @ 395522 190236
-1.455140 3.731321 -4.937318 -4.279343 3.643242 0.801771 -2.540121 0.709716 0.394772 -2.752212 = -4.18474311 @ 398810 191614
-1.455140 3.731321 -4.937318 -4.279343 3.643242 0.801771 -2.540121 0.709716 0.394746 -2.752125 = -4.18715650 @ 398675 191557
-1.455140 3.731321 -4.937318 -4.279343 3.643242 0.801771 -2.540121 0.709477 0.394747 -2.752212 = -4.19680015 @ 398324 191413
-1.455140 3.731321 -4.937318 -4.279343 3.643241 0.801771 -2.540121 0.709716 0.394747 -2.752360 = -4.19796047 @ 397178 190935
-1.455140 3.731321 -4.935446 -4.279343 3.643242 0.801771 -2.540121 0.709716 0.394746 -2.752212 = -4.21273090 @ 392108 188798
-1.505140 3.925236 -4.847975 -4.260707 3.595487 0.901045 -2.597673 0.942993 0.530915 -2.814149 = -4.50592378 @ 398825 191621
-1.505140 3.925233 -4.847983 -4.260861 3.595485 0.901045 -2.597673 0.942993 0.530915 -2.814149 = -4.50885791 @ 399022 191704
-1.505140 3.925233 -4.847975 -4.260824 3.595487 0.901045 -2.597673 0.942993 0.530915 -2.814149 = -4.50898191 @ 397038 190877
-1.505140 3.925233 -4.847983 -4.260861 3.595487 0.901045 -2.597673 0.942993 0.530915 -2.814149 = -4.50900810 @ 398136 191339
-1.505140 3.925233 -4.847975 -4.260838 3.595487 0.901045 -2.597673 0.942993 0.530915 -2.814149 = -4.51089541 @ 399222 191785
-1.505140 3.925233 -4.847975 -4.260838 3.595487 0.901045 -2.597673 0.942993 0.530915 -2.814149 = -4.51093502 @ 398682 191559
-1.505140 3.925233 -4.847975 -4.260824 3.595487 0.901448 -2.597655 0.942993 0.530915 -2.814149 = -4.52207094 @ 398099 191323
-1.505140 3.928326 -4.847975 -4.260898 3.598270 0.899504 -2.596102 0.942993 0.533576 -2.814149 = -4.54497880 @ 394054 189620
-1.505101 3.928387 -4.847975 -4.260898 3.598907 0.899504 -2.597673 0.945102 0.530915 -2.814149 = -4.59647282 @ 398823 191620
-1.530580 3.685532 -4.910025 -4.237614 3.741593 0.883875 -2.939455 1.024092 0.443575 -2.724110 = -4.71809706 @ 398955 191675
-1.530580 3.685532 -4.910025 -4.237614 3.741593 0.883875 -2.939454 1.024092 0.443575 -2.724110 = -4.71852234 @ 397713 191160
-1.530582 3.685532 -4.910025 -4.237614 3.741593 0.883875 -2.939454 1.024092 0.443575 -2.724110 = -4.71853344 @ 395423 190194
-1.530582 3.685532 -4.910025 -4.237614 3.741593 0.883875 -2.939454 1.024092 0.443575 -2.724109 = -4.71861418 @ 399824 192031
-1.530580 3.685517 -4.910025 -4.237614 3.741593 0.883875 -2.939454 1.024092 0.443575 -2.724110 = -4.71906361 @ 399045 191713
-1.530582 3.685526 -4.910025 -4.237614 3.741593 0.883875 -2.939454 1.024092 0.443575 -2.724110 = -4.71925137 @ 398979 191686
-1.530582 3.685509 -4.910025 -4.237614 3.741593 0.883875 -2.939454 1.024092 0.443575 -2.724110 = -4.72069914 @ 395635 190285
-1.530582 3.685509 -4.910025 -4.237614 3.741601 0.883875 -2.939454 1.024092 0.443575 -2.724110 = -4.72113999 @ 398908 191656
-1.530534 3.685421 -4.910013 -4.237640 3.741552 0.883821 -2.939454 1.024090 0.443452 -2.724073 = -4.72969623 @ 399885 192056
-1.530534 3.685421 -4.910013 -4.237641 3.741552 0.883821 -2.939454 1.024090 0.443452 -2.724073 = -4.73006904 @ 399692 191977
-1.530534 3.685421 -4.910013 -4.237641 3.741552 0.883821 -2.939454 1.024090 0.443452 -2.724073 = -4.73007982 @ 398117 191331
-1.530534 3.685421 -4.910013 -4.237558 3.741552 0.883821 -2.939454 1.024090 0.443578 -2.723953 = -4.73573421 @ 397901 191240
-1.530335 3.685421 -4.910013 -4.237641 3.741552 0.883820 -2.939469 1.024001 0.443578 -2.724073 = -4.74248552 @ 397309 190989
