-2.184984 1.687054 0.587863 = -0.00000000 @ 396400 90782
-3.395113 -3.317307 2.346836 = -0.00000000 @ 392240 90019
-3.395113 -3.317307 2.346836 = -0.00000000 @ 398527 91163
-3.395113 -3.317307 2.346836 = -0.00000000 @ 390525 89710
-3.395113 -3.317307 2.346836 = -0.00000000 @ 396967 90888
-3.395113 -3.317307 2.346836 = -0.00000000 @ 399666 91374
4.141257 2.477012 2.669820 = -0.00000000 @ 397212 90930
4.141257 2.477012 2.669820 = -0.00000000 @ 398459 91151
4.141257 2.477012 2.669820 = -0.00000000 @ 398576 91172
4.141257 2.477012 2.669820 = -0.00000000 @ 398679 91191
4.141257 2.477012 2.669820 = -0.00000000 @ 399666 91374
4.141257 2.477012 2.669820 = -0.00000000 @ 396767 90851
4.141257 2.477012 2.669820 = -0.00000000 @ 392258 90022
-2.184984 1.687054 0.587863 = -0.00000000 @ 398993 91249
-0.499695 -4.012597 -4.880897 = -0.00000000 @ 399733 91385
-0.499695 -4.012597 -4.880897 = -0.00000000 @ 399947 91427
-0.499695 -4.012597 -4.880897 = -0.00000000 @ 396776 90853
-0.499695 -4.012597 -4.880897 = -0.00000000 @ 390781 89757
-0.499695 -4.012597 -4.880897 = -0.00000000 @ 395655 90643
-0.499695 -4.012597 -4.880897 = -0.00000000 @ 396684 90836
-0.499695 -4.012597 -4.880897 = -0.00000000 @ 396779 90853
-0.499695 -4.012597 -4.880897 = -0.00000000 @ 398689 91192
-0.499695 -4.012597 -4.880897 = -0.00000000 @ 399146 91277
-0.499695 -4.012597 -4.880897 = -0.00000000 @ 399903 91419
-3.395113 -3.317307 2.346836 = -0.00000000 @ 397966 91064
-3.395113 -3.317307 2.346836 = -0.00000000 @ 396831 90862
-3.395113 -3.317307 2.346836 = -0.00000000 @ 398633 91182
-0.499695 -4.012597 -4.880897 = -0.00000000 @ 398452 91150
-0.499695 -4.012597 -4.880897 = -0.00000000 @ 399848 91409
-0.499695 -4.012597 -4.880897 = -0.00000000 @ 393113 90179
-0.499695 -4.012597 -4.880897 = -0.00000000 @ 395936 90696
-3.395113 -3.317307 2.346836 = -0.00000000 @ 398461 91152
-0.499695 -4.012597 -4.880897 = -0.00000000 @ 394088 90349
-3.395113 -3.317307 2.346836 = -0.00000000 @ 398363 91134
-3.395113 -3.317307 2.346836 = -0.00000000 @ 389980 89610
-3.395113 -3.317307 2.346836 = -0.00000000 @ 399508 91346
4.141257 2.477012 2.669820 = -0.00000000 @ 391468 89882
4.141257 2.477012 2.669820 = -0.00000000 @ 394053 90343
-3.395113 -3.317307 2.346836 = -0.00000000 @ 398111 91091
-3.395113 -3.317307 2.346836 = -0.00000000 @ 398388 91139
-3.395113 -3.317307 2.346836 = -0.00000000 @ 392930 90146
-3.395113 -3.317307 2.346836 = -0.00000000 @ 394945 90505
-3.395113 -3.317307 2.346836 = -0.00000000 @ 398195 91105
-3.395113 -3.317307 2.346836 = -0.00000000 @ 399522 91348
4.141257 2.477012 2.669820 = -0.00000000 @ 389817 89580
-3.395113 -3.317307 2.346836 = -0.00000000 @ 396079 90725
-3.395113 -3.317307 2.346836 = -0.00000000 @ 390371 89682
-0.499695 -4.012597 -4.880897 = -0.00000000 @ 396939 90881
-0.499695 -4.012597 -4.880897 = -0.00000000 @ 399871 91413
4.141257 2.477012 2.669820 = -0.00000000 @ 390657 89734
4.141257 2.477012 2.669820 = -0.00000000 @ 396525 90806
4.141257 2.477012 2.669820 = -0.00000000 @ 398472 91154
4.141257 2.477012 2.669820 = -0.00000000 @ 398558 91169
4.141257 2.477012 2.669820 = -0.00000000 @ 399433 91331
4.141257 2.477012 2.669820 = -0.00000000 @ 399949 91427
-0.499695 -4.012597 -4.880897 = -0.00000000 @ 392733 90110
4.141257 2.477012 2.669820 = -0.00000000 @ 391843 89948
4.141257 2.477012 2.669820 = -0.00000000 @ 396613 90822
4.141257 2.477012 2.669820 = -0.00000000 @ 393957 90327
4.141257 2.477012 2.669820 = -0.00000000 @ 399800 91401
-2.184984 1.687054 0.587863 = -0.00000000 @ 399705 91380
-2.184984 1.687054 0.587863 = -0.00000000 @ 399793 91399
-2.184984 1.687054 0.587863 = -0.00000000 @ 395523 90615
-2.184984 1.687054 0.587863 = -0.00000000 @ 397409 90964
-2.184984 1.687054 0.587863 = -0.00000000 @ 397564 90992
-2.184984 1.687054 0.587863 = -0.00000000 @ 398395 91141
-2.184984 1.687054 0.587863 = -0.00000000 @ 398614 91178
-2.184984 1.687054 0.587863 = -0.00000000 @ 398679 91191
-2.184984 1.687054 0.587863 = -0.00000000 @ 399550 91353
-2.184984 1.687054 0.587863 = -0.00000000 @ 398291 91121
-2.184984 1.687054 0.587863 = -0.00000000 @ 398935 91238
-2.184984 1.687054 0.587863 = -0.00000000 @ 397340 90952
-2.184984 1.687054 0.587863 = -0.00000000 @ 398327 91127
-0.499695 -4.012597 -4.880897 = -0.00000000 @ 394844 90486
-0.499695 -4.012597 -4.880897 = -0.00000000 @ 387867 89217
-2.184984 1.687054 0.587863 = -0.00000000 @ 392951 90150
-2.184984 1.687054 0.587863 = -0.00000000 @ 394044 90342
-2.184984 1.687054 0.587863 = -0.00000000 @ 397010 90895
-2.184984 1.687054 0.587863 = -0.00000000 @ 399932 91424
-2.184984 1.687054 0.587863 = -0.00000000 @ 399960 91429
-3.395113 -3.317307 2.346836 = -0.00000000 @ 397068 90905
-3.395113 -3.317307 2.346836 = -0.00000000 @ 397130 90916
-3.395113 -3.317307 2.346836 = -0.00000000 @ 398076 91084
-3.395113 -3.317307 2.346836 = -0.00000000 @ 399727 91384
-3.395113 -3.317307 2.346836 = -0.00000000 @ 399515 91347
-2.184984 1.687054 0.587863 = -0.00000000 @ 397910 91054
4.141257 2.477012 2.669820 = -0.00000000 @ 386529 88967
-3.395113 -3.317307 2.346836 = -0.00000000 @ 397115 90913
-3.395113 -3.317307 2.346836 = -0.00000000 @ 398409 91143
-3.395113 -3.317307 2.346836 = -0.00000000 @ 399040 91257
-0.499695 -4.012597 -4.880896 = -0.00000000 @ 390357 89679
-2.184984 1.687054 0.587863 = -0.00000000 @ 392883 90137
-3.395113 -3.317307 2.346836 = -0.00000000 @ 390411 89690
-3.395113 -3.317307 2.346836 = -0.00000000 @ 395041 90524
-2.184984 1.687054 0.587863 = -0.00000000 @ 386014 88871
-3.395113 -3.317308 2.346836 = -0.00000000 @ 391916 89961
-0.499695 -4.012597 -4.880895 = -0.00000000 @ 399823 91405
-0.499695 -4.012597 -4.880895 = -0.00000000 @ 399633 91368
-2.184984 1.687054 0.587863 = -0.00000000 @ 392381 90046
-2.184984 1.687054 0.587863 = -0.00000000 @ 399305 91307
-2.184984 1.687054 0.587863 = -0.00000000 @ 392381 90046
-2.184984 1.687054 0.587863 = -0.00000000 @ 397099 90910
-2.184984 1.687054 0.587863 = -0.00000000 @ 396900 90874
-2.184984 1.687054 0.587863 = -0.00000000 @ 394061 90345
-0.499695 -4.012595 -4.880895 = -0.00000000 @ 392844 90130
4.141256 2.477012 2.669820 = -0.00000000 @ 397429 90968
-2.184984 1.687053 0.587863 = -0.00000000 @ 394808 90479
-2.184984 1.687053 0.587863 = -0.00000000 @ 399797 91400
4.141257 2.477012 2.669820 = -0.00000000 @ 396562 90812
-0.499695 -4.012597 -4.880900 = -0.00000000 @ 386743 89005
-2.184984 1.687053 0.587863 = -0.00000000 @ 390120 89636
4.141257 2.477011 2.669820 = -0.00000000 @ 388373 89310
-0.499695 -4.012597 -4.880900 = -0.00000000 @ 392773 90117
-0.499695 -4.012597 -4.880900 = -0.00000000 @ 398984 91247
4.141256 2.477012 2.669820 = -0.00000000 @ 383832 88467
4.141257 2.477012 2.669820 = -0.00000000 @ 384227 88540
4.141257 2.477012 2.669820 = -0.00000000 @ 395877 90684
-0.499695 -4.012596 -4.880900 = -0.00000000 @ 396947 90882
4.141257 2.477011 2.669820 = -0.00000000 @ 385836 88837
-3.395113 -3.317307 2.346834 = -0.00000000 @ 399002 91250
-0.499695 -4.012601 -4.880896 = -0.00000001 @ 399791 91399
-3.395113 -3.317308 2.346834 = -0.00000001 @ 386889 89032
-0.499699 -4.012597 -4.880900 = -0.00000001 @ 395796 90670
-0.499699 -4.012597 -4.880900 = -0.00000001 @ 398715 91197
-0.499699 -4.012597 -4.880900 = -0.00000001 @ 393810 90301
-0.499695 -4.012595 -4.880892 = -0.00000001 @ 388185 89277
-3.395113 -3.317309 2.346836 = -0.00000001 @ 378886 87528
-0.499689 -4.012598 -4.880897 = -0.00000001 @ 395710 90653
-0.499689 -4.012598 -4.880896 = -0.00000001 @ 394625 90445
-0.499693 -4.012592 -4.880900 = -0.00000001 @ 392328 90036
-2.184984 1.687053 0.587861 = -0.00000001 @ 388886 89406
-2.184984 1.687053 0.587861 = -0.00000001 @ 391442 89877
-0.499701 -4.012597 -4.880898 = -0.00000001 @ 391541 89895
-0.499689 -4.012596 -4.880900 = -0.00000001 @ 389241 89471
4.141258 2.477012 2.669821 = -0.00000002 @ 385732 88817
4.141258 2.477012 2.669821 = -0.00000002 @ 391789 89939
-0.499695 -4.012597 -4.880905 = -0.00000002 @ 394121 90355
-0.499695 -4.012606 -4.880895 = -0.00000002 @ 390883 89775
4.141259 2.477012 2.669820 = -0.00000002 @ 397300 90944
4.141259 2.477012 2.669820 = -0.00000002 @ 389212 89466
-2.184987 1.687052 0.587863 = -0.00000002 @ 389901 89595
-0.499698 -4.012602 -4.880887 = -0.00000003 @ 393346 90222
-0.499698 -4.012602 -4.880887 = -0.00000003 @ 395238 90559
-0.499698 -4.012602 -4.880887 = -0.00000003 @ 397473 90975
-0.499706 -4.012597 -4.880901 = -0.00000003 @ 387368 89122
-0.499706 -4.012590 -4.880901 = -0.00000005 @ 398708 91196
-0.499706 -4.012590 -4.880901 = -0.00000005 @ 387318 89113
-0.499701 -4.012597 -4.880884 = -0.00000005 @ 398135 91095
-0.499681 -4.012592 -4.880897 = -0.00000005 @ 395733 90658
-0.499681 -4.012592 -4.880897 = -0.00000005 @ 396734 90845
-0.499695 -4.012597 -4.880914 = -0.00000007 @ 394691 90457
-0.499695 -4.012595 -4.880914 = -0.00000007 @ 399633 91368
-0.499696 -4.012597 -4.880879 = -0.00000008 @ 394268 90382
-0.499696 -4.012597 -4.880879 = -0.00000008 @ 397454 90972
-0.499695 -4.012584 -4.880883 = -0.00000009 @ 384033 88504
-0.499706 -4.012582 -4.880901 = -0.00000009 @ 398100 91089
-0.499706 -4.012582 -4.880901 = -0.00000009 @ 398802 91212
-0.499701 -4.012578 -4.880901 = -0.00000011 @ 396459 90794
4.141259 2.477008 2.669819 = -0.00000011 @ 377677 87299
-0.499695 -4.012597 -4.880918 = -0.00000011 @ 399541 91351
-0.499695 -4.012592 -4.880918 = -0.00000011 @ 399990 91434
-0.499695 -4.012592 -4.880918 = -0.00000011 @ 382097 88143
-0.499695 -4.012622 -4.880897 = -0.00000016 @ 399791 91399
-0.499681 -4.012592 -4.880920 = -0.00000019 @ 385430 88761
-0.499695 -4.012626 -4.880900 = -0.00000021 @ 397799 91033
-0.499693 -4.012626 -4.880897 = -0.00000021 @ 399449 91333
-0.499693 -4.012626 -4.880897 = -0.00000021 @ 399193 91286
-0.499695 -4.012627 -4.880897 = -0.00000023 @ 396515 90804
-0.499692 -4.012627 -4.880896 = -0.00000023 @ 393882 90313
-0.499692 -4.012627 -4.880896 = -0.00000023 @ 397291 90943
-0.499692 -4.012627 -4.880896 = -0.00000023 @ 398581 91173
-0.499692 -4.012627 -4.880890 = -0.00000024 @ 377834 87329
-0.499722 -4.012601 -4.880882 = -0.00000025 @ 389862 89588
-0.499662 -4.012597 -4.880901 = -0.00000029 @ 399252 91297
-3.395113 -3.317308 2.346822 = -0.00000031 @ 388943 89417
-2.184984 1.687054 0.587874 = -0.00000033 @ 382709 88261
-0.499691 -4.012560 -4.880900 = -0.00000035 @ 390830 89765
-0.499691 -4.012560 -4.880900 = -0.00000035 @ 399800 91401
-0.499691 -4.012560 -4.880900 = -0.00000035 @ 399886 91416
-0.499692 -4.012560 -4.880901 = -0.00000035 @ 398554 91168
-0.499681 -4.012633 -4.880900 = -0.00000038 @ 392734 90110
-0.499702 -4.012597 -4.880855 = -0.00000045 @ 399152 91278
-0.499738 -4.012592 -4.880901 = -0.00000047 @ 392586 90083
-0.499652 -4.012597 -4.880901 = -0.00000047 @ 397918 91056
-0.499652 -4.012597 -4.880901 = -0.00000047 @ 399600 91362
-0.499652 -4.012597 -4.880901 = -0.00000047 @ 399811 91402
-0.499652 -4.012595 -4.880901 = -0.00000047 @ 396916 90877
-3.395096 -3.317308 2.346836 = -0.00000049 @ 392500 90067
-0.499702 -4.012613 -4.880855 = -0.00000051 @ 379764 87696
-0.499702 -4.012614 -4.880855 = -0.00000052 @ 379583 87663
-0.499692 -4.012551 -4.880882 = -0.00000059 @ 396763 90850
4.141270 2.477006 2.669819 = -0.00000125 @ 381699 88069
-0.499697 -4.012668 -4.880897 = -0.00000129 @ 399992 91434
-3.395142 -3.317307 2.346836 = -0.00000142 @ 398858 91222
-3.395083 -3.317307 2.346836 = -0.00000152 @ 399144 91276
-0.499691 -4.012590 -4.880978 = -0.00000170 @ 399086 91265
-0.499761 -4.012556 -4.880867 = -0.00000175 @ 398221 91109
-0.499780 -4.012602 -4.880887 = -0.00000186 @ 398519 91162
4.141274 2.477006 2.669819 = -0.00000187 @ 390071 89627
-0.499695 -4.012597 -4.880983 = -0.00000189 @ 396929 90879
-0.499695 -4.012597 -4.880983 = -0.00000189 @ 399806 91402
-0.499701 -4.012597 -4.880984 = -0.00000194 @ 396420 90787
4.141274 2.477006 2.669825 = -0.00000201 @ 399261 91299
-0.499695 -4.012642 -4.880977 = -0.00000215 @ 394990 90513
-0.499754 -4.012669 -4.880880 = -0.00000228 @ 399162 91280
-0.499745 -4.012514 -4.880896 = -0.00000241 @ 388273 89293
-0.499798 -4.012597 -4.880908 = -0.00000273 @ 396506 90802
-0.499798 -4.012597 -4.880908 = -0.00000273 @ 396599 90820
-0.499691 -4.012704 -4.880897 = -0.00000288 @ 397597 90998
-0.499691 -4.012704 -4.880880 = -0.00000296 @ 396996 90892
-0.499691 -4.012704 -4.880880 = -0.00000296 @ 398318 91126
-0.499695 -4.012501 -4.880957 = -0.00000326 @ 398404 91142
-0.499695 -4.012584 -4.880780 = -0.00000347 @ 399078 91264
-0.499798 -4.012658 -4.880900 = -0.00000363 @ 399539 91351
-0.499813 -4.012627 -4.880896 = -0.00000372 @ 397685 91013
4.141257 2.476986 2.669820 = -0.00000394 @ 396328 90769
-0.499545 -4.012595 -4.880900 = -0.00000573 @ 399212 91290
-0.499545 -4.012595 -4.880900 = -0.00000573 @ 399953 91427
-0.499545 -4.012595 -4.880918 = -0.00000584 @ 398409 91143
-0.499543 -4.012627 -4.880896 = -0.00000610 @ 397682 91013
-0.499697 -4.012668 -4.881040 = -0.00000644 @ 391056 89806
-0.499697 -4.012668 -4.881040 = -0.00000644 @ 386826 89021
-0.499542 -4.012614 -4.880855 = -0.00000646 @ 392563 90079
-0.499811 -4.012745 -4.880897 = -0.00000891 @ 398782 91209
-0.499841 -4.012744 -4.880855 = -0.00001130 @ 396325 90768
-0.499908 -4.012597 -4.880908 = -0.00001148 @ 394930 90502
-0.499908 -4.012597 -4.880908 = -0.00001148 @ 399389 91323
-0.499702 -4.012817 -4.880897 = -0.00001221 @ 392457 90060
-0.499931 -4.012559 -4.880898 = -0.00001440 @ 399386 91323
-0.499931 -4.012559 -4.880882 = -0.00001445 @ 397943 91060
-0.499931 -4.012559 -4.880917 = -0.00001449 @ 397224 90932
-0.499931 -4.012614 -4.880855 = -0.00001456 @ 399007 91251
-0.499689 -4.012841 -4.880901 = -0.00001511 @ 373960 86530
-0.499695 -4.012597 -4.880606 = -0.00002144 @ 395025 90520
-0.499398 -4.012437 -4.880888 = -0.00002883 @ 396273 90759
-0.500104 -4.012581 -4.880890 = -0.00004233 @ 397454 90972
-0.500108 -4.012592 -4.880901 = -0.00004319 @ 393743 90290
-0.499284 -4.012514 -4.880896 = -0.00004460 @ 398098 91089
-0.499271 -4.012590 -4.880901 = -0.00004560 @ 396396 90781
-0.499695 -4.013065 -4.880892 = -0.00005520 @ 398958 91242
-0.499231 -4.012546 -4.880900 = -0.00005521 @ 397104 90911
-0.499675 -4.012595 -4.881370 = -0.00005672 @ 388966 89421
-0.499674 -4.012595 -4.881370 = -0.00005673 @ 380225 87781
-0.499217 -4.012534 -4.880900 = -0.00005868 @ 398087 91087
-0.499204 -4.012595 -4.880901 = -0.00006102 @ 398739 91201
-0.499681 -4.012080 -4.880897 = -0.00006769 @ 396206 90747
-0.500241 -4.012646 -4.881110 = -0.00008739 @ 399753 91392
-0.499075 -4.012650 -4.880884 = -0.00009812 @ 397257 90937
-0.499692 -4.012627 -4.880203 = -0.00012192 @ 397513 90982
-0.499075 -4.012283 -4.880884 = -0.00012239 @ 396756 90849
-0.499692 -4.011838 -4.880895 = -0.00014579 @ 399317 91309
-0.499701 -4.012578 -4.880026 = -0.00019180 @ 398429 91146
-0.499701 -4.012578 -4.880026 = -0.00019180 @ 398715 91197
-0.499699 -4.013476 -4.880879 = -0.00019520 @ 390163 89644
-0.499705 -4.013476 -4.880879 = -0.00019522 @ 399366 91318
-0.499699 -4.013496 -4.880879 = -0.00020432 @ 399280 91302
-0.500600 -4.012597 -4.880896 = -0.00020691 @ 397581 90995
-0.499701 -4.012597 -4.879714 = -0.00035389 @ 398908 91232
-0.498473 -4.012596 -4.880900 = -0.00037800 @ 395213 90554
-0.498473 -4.012521 -4.880900 = -0.00037942 @ 398815 91214
-0.498473 -4.012512 -4.880900 = -0.00037979 @ 397714 91018
-0.501019 -4.012592 -4.880932 = -0.00044271 @ 388354 89307
-3.394535 -3.317297 2.346842 = -0.00055908 @ 366474 85029
-0.498550 -4.013839 -4.880897 = -0.00072156 @ 398384 91138
-0.499722 -4.010873 -4.880897 = -0.00075378 @ 397404 90963
-0.497941 -4.012597 -4.880897 = -0.00077867 @ 389425 89504
-0.498550 -4.014019 -4.880955 = -0.00084306 @ 399188 91284
-0.500260 -4.010848 -4.880899 = -0.00085675 @ 395824 90675
-0.499908 -4.012597 -4.879033 = -0.00089066 @ 391177 89829
-0.499908 -4.012597 -4.879033 = -0.00089066 @ 399978 91432
-0.498550 -4.013839 -4.879949 = -0.00094958 @ 399956 91428
-0.499693 -4.014502 -4.879774 = -0.00123456 @ 397173 90923
-0.499695 -4.015726 -4.880972 = -0.00246385 @ 395916 90693
-0.496467 -4.012578 -4.880901 = -0.00263617 @ 399237 91295
-0.498550 -4.015726 -4.880972 = -0.00279784 @ 393035 90165
-0.496279 -4.012560 -4.880901 = -0.00295296 @ 391417 89872
4.141258 2.476198 2.669821 = -0.00390427 @ 392662 90097
-0.499492 -4.014502 -4.877038 = -0.00469901 @ 395099 90534
-0.495383 -4.012592 -4.880918 = -0.00470542 @ 390189 89649
-0.499706 -4.017650 -4.880880 = -0.00644285 @ 397058 90904
-0.505080 -4.012580 -4.880880 = -0.00732951 @ 390039 89621
-0.505080 -4.012350 -4.880894 = -0.00734843 @ 399817 91404
-0.501849 -4.017936 -4.880906 = -0.00836280 @ 378510 87457
-0.492378 -4.012617 -4.880899 = -0.01350459 @ 399884 91416
-0.492165 -4.013737 -4.880906 = -0.01458877 @ 395216 90554
-0.492042 -4.012572 -4.880984 = -0.01476635 @ 395273 90565
-0.505080 -4.012580 -4.874508 = -0.01765095 @ 395957 90700
-0.505080 -4.012580 -4.874508 = -0.01765095 @ 399955 91428
-0.508171 -4.012591 -4.880931 = -0.01815967 @ 395273 90565
-0.508171 -4.012598 -4.880897 = -0.01816179 @ 399473 91340
-0.499695 -4.012597 -4.871513 = -0.02218499 @ 393942 90324
-0.499682 -4.012597 -4.871513 = -0.02218511 @ 399122 91272
-0.499692 -4.012597 -4.871513 = -0.02218522 @ 399997 91435
-0.499701 -4.012597 -4.871513 = -0.02218633 @ 399867 91412
-0.499745 -4.012597 -4.871513 = -0.02218954 @ 399914 91421
-0.499745 -4.012597 -4.871513 = -0.02218954 @ 399954 91428
-0.499695 -4.012590 -4.890363 = -0.02263105 @ 399798 91400
-0.499699 -4.022971 -4.880888 = -0.02697393 @ 399856 91410
-0.499798 -4.022971 -4.880905 = -0.02698205 @ 399695 91379
-0.499798 -4.022971 -4.880905 = -0.02698206 @ 398541 91166
-0.499798 -4.022971 -4.880899 = -0.02698379 @ 399802 91401
-0.499695 -4.012598 -4.891399 = -0.02790999 @ 399471 91339
-0.510644 -4.012330 -4.880893 = -0.03031598 @ 399884 91416
-0.491817 -4.001549 -4.880817 = -0.04690765 @ 399926 91423
-0.491817 -4.001549 -4.880817 = -0.04690765 @ 394490 90421
-0.491817 -4.001549 -4.880817 = -0.04690765 @ 399901 91418
4.141270 2.474078 2.669819 = -0.05071591 @ 392877 90136
4.141288 2.477012 2.666797 = -0.05439165 @ 399512 91346
-0.499790 -4.028550 -4.880879 = -0.06347596 @ 398120 91092
-0.499698 -4.028550 -4.880620 = -0.06347751 @ 398818 91215
-0.486713 -4.001059 -4.880837 = -0.07628526 @ 399357 91317
-0.499811 -4.012597 -4.861008 = -0.09963076 @ 399644 91369
-0.499695 -4.012597 -4.861008 = -0.09964023 @ 399471 91339
-0.499695 -4.012597 -4.861008 = -0.09964023 @ 399960 91429
-0.519486 -4.014374 -4.880897 = -0.10020671 @ 399743 91391
-0.499719 -4.012586 -4.901382 = -0.10614098 @ 399654 91371
-0.493804 -4.032659 -4.880888 = -0.10797082 @ 397764 91027
-0.527858 -4.012404 -4.880893 = -0.20191868 @ 399018 91253
-0.527858 -4.012404 -4.880893 = -0.20191868 @ 399923 91422
-0.527858 -4.012404 -4.880919 = -0.20193499 @ 399131 91274
-0.499695 -4.012603 -4.851545 = -0.21806197 @ 399798 91400
-0.499644 -4.042963 -4.880880 = -0.22812774 @ 399564 91355
4.141296 2.476981 2.676064 = -0.22933311 @ 394837 90485
4.141296 2.476981 2.676064 = -0.22933311 @ 399972 91431
-0.467902 -4.008165 -4.880842 = -0.25410627 @ 398970 91244
-0.467846 -4.008165 -4.880842 = -0.25496670 @ 398064 91082
-0.499207 -4.012550 -4.913702 = -0.27248818 @ 398998 91249
-0.499207 -4.012550 -4.913702 = -0.27248818 @ 399940 91425
-0.499204 -4.012550 -4.913702 = -0.27249188 @ 393863 90310
-0.499652 -4.012550 -4.913702 = -0.27253283 @ 398739 91201
-0.532742 -4.012597 -4.880897 = -0.27864660 @ 399189 91284
-0.532742 -4.012597 -4.880900 = -0.27865784 @ 399856 91410
-0.532742 -4.012658 -4.880900 = -0.27866437 @ 397504 90980
-0.532742 -4.012551 -4.880882 = -0.27867299 @ 399616 91365
-0.533971 -4.012638 -4.880903 = -0.29936820 @ 399608 91363
-0.532742 -4.022971 -4.880888 = -0.30162433 @ 399539 91351
-0.499695 -4.012597 -4.918787 = -0.36413495 @ 399850 91409
-0.461125 -4.010873 -4.880897 = -0.36645282 @ 399103 91268
-0.460916 -4.012597 -4.880897 = -0.36916229 @ 399616 91365
-0.460916 -4.010873 -4.880884 = -0.37015658 @ 399566 91356
-0.460916 -4.010873 -4.880897 = -0.37016770 @ 394488 90421
-0.460702 -4.012594 -4.880929 = -0.37282357 @ 395434 90599
-0.460702 -4.015219 -4.880903 = -0.37454461 @ 391175 89829
4.141255 2.477012 2.661216 = -0.44017024 @ 396238 90753
-0.499634 -4.055159 -4.880901 = -0.45280624 @ 399080 91264
-0.499692 -4.055159 -4.862215 = -0.53741326 @ 389235 89470
-0.499675 -4.063399 -4.880900 = -0.64983194 @ 399564 91355
-0.447746 -4.012605 -4.881019 = -0.66511649 @ 399312 91309
-0.447746 -4.012605 -4.881019 = -0.66511649 @ 399435 91331
-0.447746 -4.012604 -4.881019 = -0.66512865 @ 399676 91375
-0.499695 -4.055954 -4.918787 = -0.82279590 @ 399373 91320
-0.499695 -4.055954 -4.918787 = -0.82279590 @ 399574 91357
-0.441777 -4.012578 -4.880026 = -0.82332378 @ 399938 91425
-0.441648 -4.012590 -4.880978 = -0.82388454 @ 399872 91414
-0.499760 -4.055954 -4.919015 = -0.82724720 @ 399203 91288
-0.435867 -3.997338 -4.880937 = -1.06658747 @ 398971 91245
-0.510710 -4.012553 -4.815989 = -1.12927484 @ 399543 91352
-0.499698 -4.012594 -4.814496 = -1.15310613 @ 399641 91369
-0.499698 -4.012594 -4.814496 = -1.15311128 @ 399498 91344
-0.498987 -4.012603 -4.951693 = -1.29871004 @ 399221 91292
-0.498987 -4.012597 -4.951693 = -1.29871363 @ 398371 91136
-0.499695 -4.012597 -4.951693 = -1.30329778 @ 398702 91195
-0.499569 -4.015763 -4.954016 = -1.39587642 @ 399480 91341
-0.575460 -4.012580 -4.874508 = -1.45582543 @ 399817 91404
-0.575460 -4.012350 -4.880894 = -1.46082582 @ 399447 91333
-0.499722 -3.933051 -4.875074 = -1.76747588 @ 399090 91266
-0.426289 -4.010019 -4.925220 = -1.77534231 @ 399781 91397
-0.499417 -4.012364 -4.967948 = -2.04728384 @ 398687 91192
-0.499697 -4.012568 -4.968127 = -2.05403457 @ 399858 91411
-0.499697 -4.012568 -4.968128 = -2.05405074 @ 399415 91327
-0.499697 -4.012668 -4.968128 = -2.05432287 @ 399589 91360
-0.499517 -4.012568 -4.968128 = -2.05540131 @ 396791 90856
-0.499479 -4.012568 -4.968128 = -2.05558366 @ 398406 91142
-0.589932 -4.007104 -4.880929 = -2.06049157 @ 397609 91000
-0.589932 -4.007104 -4.880908 = -2.06057081 @ 398896 91229
-0.499695 -4.103530 -4.880879 = -2.19360848 @ 399622 91366
-0.499517 -4.103530 -4.880879 = -2.19404025 @ 398637 91182
-0.499722 -4.103843 -4.880897 = -2.20883050 @ 399920 91422
-0.499738 -4.103843 -4.880879 = -2.20886180 @ 398749 91203
-0.499701 -4.103843 -4.880879 = -2.20914067 @ 399938 91425
-0.501849 -4.103843 -4.880906 = -2.21631669 @ 398399 91141
-0.501849 -4.103843 -4.880906 = -2.21631675 @ 397420 90966
-0.501849 -4.103843 -4.880906 = -2.21631675 @ 399806 91402
-0.499391 -4.012571 -4.973073 = -2.31259981 @ 398342 91130
-0.499738 -4.103843 -4.919015 = -2.55317795 @ 399431 91330
-0.499738 -4.103843 -4.919015 = -2.55317795 @ 399670 91375
4.120273 2.477576 2.669820 = -2.63847879 @ 383316 88373
4.120273 2.477576 2.669820 = -2.63847879 @ 399869 91413
-0.441648 -4.012400 -4.968128 = -2.79669207 @ 398637 91182
-0.441648 -4.103496 -4.880901 = -2.96499232 @ 399061 91261
-0.441629 -4.103530 -4.880901 = -2.96759947 @ 399377 91320
-0.441777 -4.103843 -4.880918 = -2.97790050 @ 399533 91350
-0.441777 -4.103843 -4.880879 = -2.97834961 @ 398661 91188
-0.441777 -4.103843 -4.880879 = -2.97834961 @ 399417 91328
-0.441777 -4.103843 -4.880879 = -2.97834961 @ 399994 91435
-0.441604 -4.103785 -4.880879 = -2.98019391 @ 399533 91350
-0.441604 -4.103785 -4.880879 = -2.98019392 @ 399187 91284
-0.441604 -4.103785 -4.880918 = -2.98034554 @ 399439 91332
-0.441648 -4.103843 -4.880900 = -2.98081443 @ 398645 91184
-0.441648 -4.103843 -4.880902 = -2.98085773 @ 399050 91259
-0.441777 -4.012571 -4.973073 = -3.04532313 @ 398478 91155
-0.610720 -4.011259 -4.879740 = -3.12420365 @ 399753 91392
-0.611281 -4.011272 -4.879949 = -3.15312729 @ 398940 91239
-0.611281 -4.011272 -4.879949 = -3.15312729 @ 399462 91337
-0.611281 -4.011272 -4.879949 = -3.15312729 @ 399787 91398
-0.611277 -4.011252 -4.879949 = -3.15334746 @ 398286 91120
-0.611281 -4.011272 -4.879033 = -3.15445090 @ 399749 91392
-0.611277 -4.012580 -4.874508 = -3.16269277 @ 399735 91386
-0.611281 -4.011272 -4.880897 = -3.16313114 @ 399956 91428
-0.611277 -4.012598 -4.880905 = -3.16925525 @ 398235 91112
-0.611277 -4.012598 -4.880905 = -3.16925525 @ 399970 91430
-0.611277 -4.012597 -4.880900 = -3.16949528 @ 397701 91016
-0.611277 -4.012597 -4.880900 = -3.16949528 @ 399764 91395
-0.611277 -4.012560 -4.880901 = -3.16958524 @ 399500 91344
-0.611277 -3.997338 -4.880937 = -3.18546146 @ 399764 91394
-0.441777 -4.103843 -4.919015 = -3.22463588 @ 399602 91362
-0.499698 -4.103532 -4.951693 = -3.38068852 @ 398407 91143
-0.499701 -4.001610 -4.772063 = -3.46387643 @ 398972 91245
-0.380484 -4.012633 -4.880897 = -3.52411364 @ 399722 91383
-0.380484 -4.012633 -4.880900 = -3.52426301 @ 397829 91040
-0.380453 -4.012633 -4.880900 = -3.52588688 @ 398893 91229
-0.494103 -4.012619 -4.771201 = -3.52862192 @ 399605 91362
-0.494107 -4.012619 -4.771201 = -3.52874959 @ 399543 91352
-0.499675 -4.015848 -4.994403 = -3.65952659 @ 399614 91364
-1.476297 3.615765 -5.000000 = -3.69980486 @ 388935 89416
-1.476297 3.615765 -5.000000 = -3.69980486 @ 395105 90535
-1.476297 3.615765 -5.000000 = -3.69980486 @ 395896 90689
-1.476297 3.615765 -5.000000 = -3.69980486 @ 396046 90717
-1.476297 3.615765 -5.000000 = -3.69980486 @ 396051 90718
-1.476297 3.615765 -5.000000 = -3.69980486 @ 396402 90782
-1.476297 3.615765 -5.000000 = -3.69980486 @ 397644 91006
-1.476297 3.615765 -5.000000 = -3.69980486 @ 397707 91017
-1.476297 3.615765 -5.000000 = -3.69980486 @ 399029 91255
-1.476297 3.615765 -5.000000 = -3.69980486 @ 399869 91413
-1.476297 3.615765 -5.000000 = -3.69980486 @ 399934 91424
-1.476297 3.615765 -5.000000 = -3.69980486 @ 399947 91427
-1.476297 3.615765 -5.000000 = -3.69980487 @ 399560 91354
-1.476297 3.615765 -5.000000 = -3.69984138 @ 396041 90716
-1.476297 3.615765 -5.000000 = -3.69984138 @ 398670 91189
-1.476297 3.615765 -5.000000 = -3.69984867 @ 392373 90044
-1.476297 3.615765 -5.000000 = -3.69984867 @ 395822 90675
-1.476297 3.615765 -5.000000 = -3.69984995 @ 396524 90805
-1.476297 3.615765 -5.000000 = -3.69984995 @ 398653 91186
-1.476297 3.615765 -5.000000 = -3.69985010 @ 398973 91245
-1.476297 3.615765 -5.000000 = -3.69985286 @ 392829 90127
-1.476297 3.615765 -5.000000 = -3.69985297 @ 398161 91099
-1.476297 3.615765 -5.000000 = -3.69985297 @ 399378 91320
-1.476297 3.615765 -5.000000 = -3.69985306 @ 397520 90983
-1.476297 3.615765 -5.000000 = -3.69985306 @ 398894 91229
-1.476297 3.615765 -5.000000 = -3.69986285 @ 398507 91160
-1.476297 3.615765 -5.000000 = -3.69986285 @ 398689 91193
-1.476297 3.615765 -5.000000 = -3.69986285 @ 399191 91286
-1.476297 3.615765 -5.000000 = -3.69987185 @ 393029 90164
-1.476297 3.615765 -5.000000 = -3.69987399 @ 392789 90119
-1.476297 3.615765 -5.000000 = -3.69987601 @ 399182 91283
-1.476297 3.615765 -5.000000 = -3.69990483 @ 394918 90500
-1.476297 3.615765 -5.000000 = -3.69991016 @ 389981 89610
-1.476297 3.615765 -5.000000 = -3.70010236 @ 394580 90437
-1.476297 3.615766 -5.000000 = -3.70040451 @ 388747 89381
-1.476285 3.615763 -4.999990 = -3.70086529 @ 379950 87730
-1.476330 3.615749 -5.000000 = -3.70150052 @ 392707 90105
-1.476330 3.615749 -5.000000 = -3.70150052 @ 392993 90158
-1.476330 3.615749 -5.000000 = -3.70150052 @ 395736 90658
-1.476330 3.615749 -5.000000 = -3.70150054 @ 397512 90982
-1.476330 3.615750 -5.000000 = -3.70156196 @ 394779 90474
-1.476297 3.615767 -5.000000 = -3.70172299 @ 399288 91304
-1.476330 3.615808 -5.000000 = -3.72371689 @ 396313 90766
-0.499695 -4.015728 -5.000000 = -4.08890270 @ 399111 91270
-0.499695 -4.015726 -5.000000 = -4.08903532 @ 398096 91088
-0.499695 -4.015726 -5.000000 = -4.08903532 @ 399827 91405
-0.499698 -4.015726 -5.000000 = -4.08907984 @ 399583 91359
-0.499798 -4.012597 -5.000000 = -4.09500479 @ 399779 91397
-0.499695 -4.012598 -5.000000 = -4.09654033 @ 399944 91426
-0.499695 -4.012598 -5.000000 = -4.09654826 @ 398978 91246
-0.499692 -4.011838 -5.000000 = -4.09702362 @ 399930 91423
-0.426289 -4.009935 -5.000000 = -5.39801192 @ 399227 91293
-1.440294 3.606614 -4.706310 = -5.59427778 @ 398265 91117
-1.440294 3.606614 -4.706310 = -5.59427778 @ 398574 91171
-1.440294 3.606614 -4.706310 = -5.59429840 @ 395190 90550
-1.440294 3.606614 -4.706310 = -5.59429840 @ 399945 91426
-1.440294 3.606614 -4.706310 = -5.59429999 @ 398824 91216
-1.440294 3.606614 -4.706310 = -5.59430001 @ 390480 89702
-1.440294 3.606614 -4.706310 = -5.59430001 @ 393869 90311
-1.440294 3.606614 -4.706310 = -5.59430001 @ 398786 91209
-1.440294 3.606614 -4.706310 = -5.59430001 @ 398802 91212
-1.440294 3.606614 -4.706310 = -5.59440787 @ 392616 90088
-1.440294 3.606614 -4.706310 = -5.59452038 @ 398912 91232
-1.440294 3.606614 -4.706310 = -5.59453025 @ 397916 91055
-1.440302 3.606614 -4.706310 = -5.59486548 @ 397773 91029
-1.440295 3.606614 -4.706310 = -5.59525728 @ 397916 91055
-1.441114 3.606615 -4.706310 = -5.87055456 @ 399177 91282
-1.441114 3.606614 -4.706310 = -5.87114557 @ 396640 90827
-0.441648 -4.103843 -5.000000 = -6.35610489 @ 399411 91327
-0.499691 -4.012708 -4.737586 = -6.45102404 @ 399106 91269
-1.656330 3.795774 -4.951693 = -9.18404582 @ 394995 90514
-1.656330 3.795774 -4.951693 = -9.18404582 @ 396965 90887
-1.656330 3.795774 -4.951693 = -9.18406555 @ 391584 89903
-1.657675 3.795774 -4.951693 = -9.49525480 @ 398335 91129
-0.499738 -4.012592 -4.706310 = -10.32979038 @ 399258 91299
-0.499693 -4.012704 -4.706310 = -10.33304799 @ 399813 91403
