0.833333 0.125000 = -2.00000000 @ 194282 14721
0.833333 0.375000 = -2.00000000 @ 194406 14727
0.166667 0.875000 = -2.00000000 @ 194985 14749
0.166667 0.875000 = -2.00000000 @ 194997 14749
0.833333 0.875000 = -2.00000000 @ 195361 14763
0.833333 0.125000 = -2.00000000 @ 195543 14772
0.833333 0.125000 = -2.00000000 @ 195816 14784
0.833333 0.125000 = -2.00000000 @ 196070 14795
0.833333 0.125000 = -2.00000000 @ 196083 14796
0.166667 0.875000 = -2.00000000 @ 196112 14798
0.166667 0.125000 = -2.00000000 @ 196430 14811
0.166667 0.125000 = -2.00000000 @ 196617 14819
0.833333 0.125000 = -2.00000000 @ 196786 14826
0.833333 0.125000 = -2.00000000 @ 196816 14828
0.833333 0.875000 = -2.00000000 @ 196980 14834
0.166667 0.125000 = -2.00000000 @ 197042 14837
0.166667 0.125000 = -2.00000000 @ 197172 14843
0.833333 0.875000 = -2.00000000 @ 197191 14843
0.166667 0.875000 = -2.00000000 @ 197209 14844
0.833333 0.375000 = -2.00000000 @ 197557 14858
0.166667 0.125000 = -2.00000000 @ 197591 14859
0.166667 0.125000 = -2.00000000 @ 197699 14864
0.166667 0.875000 = -2.00000000 @ 197908 14871
0.833333 0.125000 = -2.00000000 @ 197953 14873
0.166667 0.125000 = -2.00000000 @ 197957 14873
0.833333 0.125000 = -2.00000000 @ 198043 14877
0.833333 0.125000 = -2.00000000 @ 198219 14884
0.166667 0.125000 = -2.00000000 @ 198257 14886
0.833333 0.375000 = -2.00000000 @ 198295 14887
0.833333 0.375000 = -2.00000000 @ 198407 14891
0.833333 0.125000 = -2.00000000 @ 198414 14892
0.166667 0.875000 = -2.00000000 @ 198458 14895
0.500000 0.125000 = -2.00000000 @ 198487 14896
0.833333 0.875000 = -2.00000000 @ 198504 14897
0.166667 0.875000 = -2.00000000 @ 198552 14898
0.833333 0.875000 = -2.00000000 @ 198560 14898
0.500000 0.125000 = -2.00000000 @ 198633 14901
0.166667 0.875000 = -2.00000000 @ 198644 14902
0.833333 0.125000 = -2.00000000 @ 198666 14903
0.500000 0.125000 = -2.00000000 @ 198704 14904
0.500000 0.875000 = -2.00000000 @ 198744 14906
0.166667 0.125000 = -2.00000000 @ 198777 14907
0.166667 0.875000 = -2.00000000 @ 198782 14908
0.166667 0.125000 = -2.00000000 @ 198787 14908
0.166667 0.875000 = -2.00000000 @ 198828 14910
0.500000 0.125000 = -2.00000000 @ 198855 14911
0.500000 0.125000 = -2.00000000 @ 198978 14916
0.833333 0.125000 = -2.00000000 @ 199019 14917
0.166667 0.875000 = -2.00000000 @ 199047 14918
0.500000 0.125000 = -2.00000000 @ 199063 14919
0.500000 0.375000 = -2.00000000 @ 199120 14921
0.833333 0.375000 = -2.00000000 @ 199146 14922
0.500000 0.375000 = -2.00000000 @ 199158 14923
0.833333 0.875000 = -2.00000000 @ 199162 14923
0.833333 0.375000 = -2.00000000 @ 199162 14923
0.833333 0.875000 = -2.00000000 @ 199187 14924
0.833333 0.125000 = -2.00000000 @ 199189 14924
0.500000 0.125000 = -2.00000000 @ 199192 14924
0.833333 0.875000 = -2.00000000 @ 199205 14925
0.166667 0.125000 = -2.00000000 @ 199246 14926
0.500000 0.125000 = -2.00000000 @ 199298 14929
0.833333 0.375000 = -2.00000000 @ 199366 14931
0.833333 0.125000 = -2.00000000 @ 199398 14932
0.833333 0.875000 = -2.00000000 @ 199421 14933
0.500000 0.125000 = -2.00000000 @ 199427 14933
0.833333 0.875000 = -2.00000000 @ 199483 14936
0.833333 0.875000 = -2.00000000 @ 199485 14936
0.166667 0.125000 = -2.00000000 @ 199496 14936
0.166667 0.875000 = -2.00000000 @ 199520 14937
0.166667 0.125000 = -2.00000000 @ 199539 14938
0.500000 0.875000 = -2.00000000 @ 199552 14938
0.500000 0.125000 = -2.00000000 @ 199577 14939
0.500000 0.375000 = -2.00000000 @ 199578 14939
0.500000 0.125000 = -2.00000000 @ 199579 14939
0.500000 0.125000 = -2.00000000 @ 199581 14939
0.500000 0.125000 = -2.00000000 @ 199583 14940
0.833333 0.375000 = -2.00000000 @ 199604 14940
0.500000 0.375000 = -2.00000000 @ 199606 14941
0.833333 0.875000 = -2.00000000 @ 199627 14942
0.166667 0.125000 = -2.00000000 @ 199668 14943
0.500000 0.375000 = -2.00000000 @ 199679 14944
0.833333 0.875000 = -2.00000000 @ 199727 14945
0.166667 0.875000 = -2.00000000 @ 199738 14945
0.500000 0.125000 = -2.00000000 @ 199752 14946
0.166667 0.125000 = -2.00000000 @ 199783 14947
0.833333 0.125000 = -2.00000000 @ 199825 14948
0.166667 0.875000 = -2.00000000 @ 199920 14951
0.500000 0.625000 = -2.00000000 @ 199980 14954
0.833333 0.375000 = -2.00000000 @ 194554 14732
0.166667 0.125000 = -2.00000000 @ 194904 14746
0.166667 0.125000 = -2.00000000 @ 195035 14751
0.500000 0.875000 = -2.00000000 @ 195248 14758
0.166667 0.375000 = -2.00000000 @ 195569 14773
0.166667 0.125000 = -2.00000000 @ 195783 14782
0.166667 0.125000 = -2.00000000 @ 196016 14793
0.500000 0.875000 = -2.00000000 @ 196463 14812
0.833333 0.875000 = -2.00000000 @ 196525 14815
0.166667 0.375000 = -2.00000000 @ 196793 14827
0.833333 0.125000 = -2.00000000 @ 196809 14827
0.166667 0.375000 = -2.00000000 @ 197049 14837
0.166667 0.375000 = -2.00000000 @ 197207 14844
0.166667 0.375000 = -2.00000000 @ 197241 14845
0.833333 0.875000 = -2.00000000 @ 197256 14846
0.166667 0.375000 = -2.00000000 @ 197283 14847
0.166667 0.375000 = -2.00000000 @ 197308 14848
0.166667 0.875000 = -2.00000000 @ 197331 14849
0.833333 0.625000 = -2.00000000 @ 197519 14856
0.833333 0.625000 = -2.00000000 @ 197526 14857
0.166667 0.375000 = -2.00000000 @ 197605 14860
0.500000 0.375000 = -2.00000000 @ 197653 14861
0.166667 0.375000 = -2.00000000 @ 197676 14863
0.833333 0.625000 = -2.00000000 @ 197712 14864
0.166667 0.375000 = -2.00000000 @ 197728 14865
0.166667 0.875000 = -2.00000000 @ 197790 14867
0.500000 0.875000 = -2.00000000 @ 197969 14874
0.833333 0.625000 = -2.00000000 @ 197997 14876
0.833333 0.625000 = -2.00000000 @ 198010 14876
0.500000 0.875000 = -2.00000000 @ 198064 14878
0.500000 0.375000 = -2.00000000 @ 198098 14879
0.166667 0.375000 = -2.00000000 @ 198106 14880
0.166667 0.625000 = -2.00000000 @ 198124 14880
0.166667 0.375000 = -2.00000000 @ 198148 14881
0.500000 0.875000 = -2.00000000 @ 198157 14882
0.833333 0.625000 = -2.00000000 @ 198197 14884
0.166667 0.125000 = -2.00000000 @ 198373 14890
0.166667 0.625000 = -2.00000000 @ 198518 14897
0.500000 0.625000 = -2.00000000 @ 198548 14898
0.166667 0.625000 = -2.00000000 @ 198593 14899
0.500000 0.375000 = -2.00000000 @ 198614 14900
0.166667 0.375000 = -2.00000000 @ 198621 14900
0.500000 0.625000 = -2.00000000 @ 198628 14901
0.166667 0.375000 = -2.00000000 @ 198642 14902
0.500000 0.875000 = -2.00000000 @ 198709 14905
0.833333 0.625000 = -2.00000000 @ 198736 14906
0.833333 0.375000 = -2.00000000 @ 198782 14908
0.500000 0.625000 = -2.00000000 @ 198824 14910
0.166667 0.125000 = -2.00000000 @ 198855 14911
0.833333 0.625000 = -2.00000000 @ 198883 14912
0.166667 0.375000 = -2.00000000 @ 198898 14913
0.500000 0.625000 = -2.00000000 @ 199005 14917
0.500000 0.625000 = -2.00000000 @ 199019 14917
0.500000 0.375000 = -2.00000000 @ 199065 14919
0.833333 0.125000 = -2.00000000 @ 199077 14919
0.833333 0.875000 = -2.00000000 @ 199096 14920
0.166667 0.625000 = -2.00000000 @ 199101 14920
0.166667 0.375000 = -2.00000000 @ 199118 14921
0.166667 0.875000 = -2.00000000 @ 199139 14921
0.166667 0.375000 = -2.00000000 @ 199268 14928
0.500000 0.875000 = -2.00000000 @ 199312 14929
0.500000 0.375000 = -2.00000000 @ 199350 14931
0.833333 0.625000 = -2.00000000 @ 199357 14931
0.833333 0.875000 = -2.00000000 @ 199368 14931
0.833333 0.375000 = -2.00000000 @ 199370 14931
0.166667 0.375000 = -2.00000000 @ 199447 14934
0.500000 0.375000 = -2.00000000 @ 199458 14934
0.166667 0.625000 = -2.00000000 @ 199481 14935
0.500000 0.375000 = -2.00000000 @ 199525 14937
0.500000 0.625000 = -2.00000000 @ 199543 14938
0.500000 0.875000 = -2.00000000 @ 199556 14938
0.500000 0.375000 = -2.00000000 @ 199576 14939
0.833333 0.625000 = -2.00000000 @ 199666 14943
0.833333 0.625000 = -2.00000000 @ 199668 14943
0.166667 0.375000 = -2.00000000 @ 199686 14944
0.500000 0.625000 = -2.00000000 @ 199747 14946
0.166667 0.375000 = -2.00000000 @ 199765 14946
0.833333 0.875000 = -2.00000000 @ 199991 14954
0.833333 0.875000 = -2.00000000 @ 193155 14675
0.833333 0.375000 = -2.00000000 @ 194306 14722
0.500000 0.875000 = -2.00000000 @ 194365 14724
0.833333 0.375000 = -2.00000000 @ 194731 14739
0.833333 0.125000 = -2.00000000 @ 194817 14742
0.833333 0.375000 = -2.00000000 @ 195773 14782
0.500000 0.625000 = -2.00000000 @ 196900 14831
0.500000 0.875000 = -2.00000000 @ 196945 14832
0.500000 0.625000 = -2.00000000 @ 196963 14833
0.166667 0.875000 = -2.00000000 @ 197124 14840
0.500000 0.875000 = -2.00000000 @ 197321 14848
0.166667 0.625000 = -2.00000000 @ 197355 14850
0.500000 0.875000 = -2.00000000 @ 197681 14863
0.166667 0.625000 = -2.00000000 @ 197772 14866
0.166667 0.625000 = -2.00000000 @ 198112 14880
0.500000 0.875000 = -2.00000000 @ 198173 14882
0.500000 0.625000 = -2.00000000 @ 198277 14886
0.833333 0.625000 = -2.00000000 @ 198278 14886
0.166667 0.625000 = -2.00000000 @ 198299 14887
0.833333 0.375000 = -2.00000000 @ 198334 14888
0.833333 0.375000 = -2.00000000 @ 198355 14889
0.500000 0.875000 = -2.00000000 @ 198375 14890
0.166667 0.875000 = -2.00000000 @ 198388 14890
0.833333 0.875000 = -2.00000000 @ 198428 14894
0.500000 0.625000 = -2.00000000 @ 198465 14895
0.833333 0.125000 = -2.00000000 @ 198476 14895
0.166667 0.625000 = -2.00000000 @ 198480 14896
0.833333 0.125000 = -2.00000000 @ 198582 14899
0.500000 0.875000 = -2.00000000 @ 198712 14905
0.500000 0.625000 = -2.00000000 @ 198761 14907
0.500000 0.875000 = -2.00000000 @ 198771 14907
0.166667 0.625000 = -2.00000000 @ 198898 14913
0.166667 0.625000 = -2.00000000 @ 198908 14913
0.500000 0.625000 = -2.00000000 @ 198944 14915
0.166667 0.625000 = -2.00000000 @ 199056 14918
0.833333 0.875000 = -2.00000000 @ 199065 14919
0.500000 0.875000 = -2.00000000 @ 199101 14920
0.166667 0.625000 = -2.00000000 @ 199133 14921
0.500000 0.625000 = -2.00000000 @ 199276 14928
0.166667 0.625000 = -2.00000000 @ 199309 14929
0.166667 0.375000 = -2.00000000 @ 199413 14933
0.166667 0.625000 = -2.00000000 @ 199439 14934
0.166667 0.625000 = -2.00000000 @ 199670 14944
0.500000 0.625000 = -2.00000000 @ 199690 14944
0.500000 0.375000 = -2.00000000 @ 194139 14715
0.500000 0.375000 = -2.00000000 @ 195649 14777
0.500000 0.875000 = -2.00000000 @ 195818 14784
0.500000 0.375000 = -2.00000000 @ 196196 14801
0.166667 0.875000 = -2.00000000 @ 196542 14816
0.833333 0.625000 = -2.00000000 @ 196743 14824
0.500000 0.375000 = -2.00000000 @ 197002 14835
0.833333 0.375000 = -2.00000000 @ 197059 14837
0.500000 0.625000 = -2.00000000 @ 197110 14840
0.833333 0.625000 = -2.00000000 @ 197124 14840
0.500000 0.875000 = -2.00000000 @ 197138 14841
0.500000 0.625000 = -2.00000000 @ 197510 14856
0.500000 0.125000 = -2.00000000 @ 197738 14865
0.833333 0.375000 = -2.00000000 @ 197845 14869
0.833333 0.375000 = -2.00000000 @ 198258 14886
0.833333 0.625000 = -2.00000000 @ 198399 14891
0.833333 0.375000 = -2.00000000 @ 198732 14906
0.166667 0.625000 = -2.00000000 @ 198881 14912
0.166667 0.625000 = -2.00000000 @ 198929 14914
0.500000 0.375000 = -2.00000000 @ 199332 14930
0.500000 0.375000 = -2.00000000 @ 199339 14930
0.500000 0.625000 = -2.00000000 @ 199426 14933
0.500000 0.875000 = -2.00000000 @ 199455 14934
0.500000 0.625000 = -2.00000000 @ 199524 14937
0.500000 0.625000 = -2.00000000 @ 199529 14937
0.500000 0.375000 = -2.00000000 @ 199535 14938
0.500000 0.125000 = -2.00000000 @ 199548 14938
0.166667 0.625000 = -2.00000000 @ 199759 14946
0.833333 0.625000 = -2.00000000 @ 199888 14950
0.833333 0.375000 = -2.00000000 @ 195005 14750
0.500000 0.125000 = -2.00000000 @ 196218 14802
0.500000 0.375000 = -2.00000000 @ 197500 14855
0.500000 0.125000 = -2.00000000 @ 197677 14863
0.833333 0.625000 = -2.00000000 @ 199314 14929
0.833333 0.625000 = -2.00000000 @ 199952 14952
0.833333 0.625000 = -2.00000000 @ 194047 14711
0.833333 0.625000 = -2.00000000 @ 197532 14857
0.833333 0.625000 = -2.00000000 @ 197568 14859
0.833333 0.625000 = -2.00000000 @ 198207 14884
0.833333 0.375000 = -2.00000000 @ 199143 14921
0.166667 0.375000 = -2.00000000 @ 199154 14922
0.833333 0.625000 = -2.00000000 @ 199911 14951
0.166667 0.875000 = -2.00000000 @ 196441 14811
0.500000 0.125000 = -2.00000000 @ 197590 14859
0.166667 0.375000 = -2.00000000 @ 197716 14864
0.166667 0.375000 = -2.00000000 @ 198012 14876
0.166667 0.375000 = -2.00000000 @ 199310 14929
0.166667 0.625000 = -2.00000000 @ 197751 14866
0.166667 0.625000 = -2.00000000 @ 199533 14938
0.166667 0.625000 = -2.00000000 @ 199867 14950
0.500000 0.625000 = -2.00000000 @ 196595 14817
0.500000 0.625000 = -2.00000000 @ 198571 14899
0.166667 0.625000 = -2.00000000 @ 193135 14674
0.166667 0.625000 = -2.00000000 @ 196951 14833
0.833333 0.625000 = -2.00000000 @ 197379 14851
0.166667 0.625000 = -2.00000000 @ 198707 14905
0.166667 0.625000 = -2.00000000 @ 199073 14919
0.166667 0.625000 = -2.00000000 @ 199284 14928
0.166667 0.625000 = -2.00000000 @ 199500 14936
0.833333 0.625000 = -2.00000000 @ 193205 14678
0.500000 0.125000 = -2.00000000 @ 196474 14812
0.500000 0.125000 = -2.00000000 @ 199149 14922
0.500000 0.625000 = -2.00000000 @ 195583 14774
0.500000 0.625000 = -2.00000000 @ 197504 14855
0.500000 0.625000 = -2.00000000 @ 197880 14870
0.833333 0.375000 = -2.00000000 @ 199972 14953
0.500000 0.375000 = -2.00000000 @ 199180 14923
0.500000 0.125000 = -2.00000000 @ 199707 14945
0.500000 0.375000 = -2.00000000 @ 197673 14862
0.500000 0.125000 = -2.00000000 @ 198837 14910
0.500000 0.375000 = -2.00000000 @ 199450 14934
0.500000 0.375000 = -2.00000000 @ 197486 14855
0.166667 0.875000 = -2.00000000 @ 198099 14879
0.166667 0.875000 = -2.00000000 @ 199239 14926
0.833333 0.625000 = -2.00000000 @ 197010 14835
0.833333 0.625000 = -2.00000000 @ 198797 14909
0.833333 0.625000 = -2.00000000 @ 198851 14911
0.833333 0.625000 = -2.00000000 @ 199133 14921
0.833333 0.375000 = -2.00000000 @ 199796 14948
0.166667 0.125000 = -2.00000000 @ 194485 14730
0.166667 0.125000 = -2.00000000 @ 195783 14782
0.166667 0.125000 = -2.00000000 @ 199778 14947
0.166667 0.875000 = -2.00000000 @ 194154 14715
0.833333 0.375000 = -2.00000000 @ 198014 14876
0.833333 0.125000 = -2.00000000 @ 198577 14899
0.833333 0.125000 = -2.00000000 @ 199283 14928
0.166667 0.375000 = -2.00000000 @ 199318 14929
0.833333 0.875000 = -2.00000000 @ 195379 14764
0.500000 0.875000 = -2.00000000 @ 195599 14774
0.166667 0.625000 = -2.00000000 @ 198390 14891
0.833333 0.875000 = -2.00000000 @ 199045 14918
0.833333 0.875000 = -2.00000000 @ 199099 14920
0.833333 0.625000 = -2.00000000 @ 197485 14855
0.833333 0.125000 = -2.00000000 @ 198326 14888
0.166667 0.375000 = -2.00000000 @ 199105 14920
0.833333 0.625000 = -2.00000000 @ 199985 14954
0.833333 0.125000 = -2.00000000 @ 196348 14806
0.500000 0.375000 = -2.00000000 @ 198090 14879
0.166667 0.125000 = -2.00000000 @ 197329 14849
0.166667 0.875000 = -2.00000000 @ 198090 14879
0.500000 0.125000 = -2.00000000 @ 198598 14900
0.833333 0.625000 = -2.00000000 @ 196041 14794
0.833333 0.875000 = -2.00000000 @ 198869 14912
0.166667 0.375000 = -2.00000000 @ 199029 14917
0.166667 0.125000 = -2.00000000 @ 199886 14950
0.833333 0.375000 = -2.00000000 @ 196710 14822
0.833333 0.125000 = -2.00000000 @ 197519 14856
0.833333 0.875000 = -2.00000000 @ 199174 14923
0.833333 0.375000 = -2.00000000 @ 199252 14927
0.166667 0.375000 = -2.00000000 @ 198141 14881
0.166667 0.375000 = -2.00000000 @ 199817 14948
0.166667 0.875000 = -2.00000000 @ 195583 14773
0.500000 0.125000 = -2.00000000 @ 198486 14896
0.166667 0.625000 = -2.00000000 @ 199921 14951
0.166667 0.875000 = -2.00000000 @ 196262 14803
0.166667 0.125000 = -2.00000000 @ 197876 14870
0.500000 0.625000 = -2.00000000 @ 197247 14846
0.500000 0.625000 = -2.00000000 @ 197422 14853
0.500000 0.125000 = -2.00000000 @ 191405 14600
0.500000 0.125000 = -2.00000000 @ 194920 14747
0.166667 0.625000 = -2.00000000 @ 196356 14806
0.500000 0.875000 = -2.00000000 @ 196993 14835
0.833333 0.875000 = -2.00000000 @ 199908 14951
0.500000 0.875000 = -2.00000000 @ 197966 14874
0.500000 0.625000 = -2.00000000 @ 199129 14921
0.500000 0.375000 = -2.00000000 @ 193836 14703
0.166667 0.125000 = -2.00000000 @ 199599 14940
0.166667 0.875000 = -2.00000000 @ 198563 14898
0.166667 0.125000 = -2.00000000 @ 196460 14812
0.500000 0.875000 = -2.00000000 @ 197066 14838
0.500000 0.625000 = -2.00000000 @ 198519 14897
0.833333 0.875000 = -2.00000000 @ 199942 14952
0.833333 0.125000 = -2.00000000 @ 199925 14952
0.500000 0.875000 = -2.00000000 @ 199954 14952
0.166667 0.875000 = -2.00000000 @ 198392 14891
0.833333 0.875000 = -2.00000000 @ 196601 14818
0.500000 0.125000 = -2.00000000 @ 199722 14945
0.500000 0.375000 = -2.00000000 @ 197706 14864
0.500000 0.375000 = -2.00000000 @ 198044 14877
0.500000 0.875000 = -2.00000000 @ 199535 14938
0.500000 0.875000 = -2.00000000 @ 199626 14942
0.833333 0.375000 = -2.00000000 @ 196480 14813
0.833333 0.375000 = -2.00000000 @ 199829 14949
0.500000 0.625000 = -2.00000000 @ 199746 14946
0.166667 0.375000 = -2.00000000 @ 196059 14795
0.166667 0.375000 = -2.00000000 @ 196746 14824
0.166667 0.875000 = -2.00000000 @ 198369 14890
0.166667 0.375000 = -2.00000000 @ 199766 14947
0.500000 0.125000 = -2.00000000 @ 192051 14629
0.833333 0.125000 = -2.00000000 @ 199797 14948
0.833333 0.375000 = -2.00000000 @ 196400 14809
0.833333 0.875000 = -2.00000000 @ 199090 14920
0.500000 0.375000 = -2.00000000 @ 195240 14758
0.166667 0.875000 = -2.00000000 @ 195812 14783
0.500000 0.375000 = -2.00000000 @ 198012 14876
0.166667 0.125000 = -2.00000000 @ 198048 14877
0.166667 0.625000 = -2.00000000 @ 197886 14871
0.500000 0.875000 = -2.00000000 @ 197870 14870
0.500000 0.875000 = -2.00000000 @ 196236 14802
0.833333 0.125000 = -2.00000000 @ 189681 14527
0.833333 0.125000 = -2.00000000 @ 191943 14624
0.833333 0.125000 = -2.00000000 @ 192650 14654
0.500000 0.125000 = -2.00000000 @ 196667 14821
0.500000 0.125000 = -2.00000000 @ 198485 14896
0.500000 0.875000 = -2.00000000 @ 199164 14923
0.500000 0.125000 = -2.00000000 @ 199377 14932
0.500000 0.125000 = -2.00000000 @ 198730 14905
0.833333 0.875000 = -2.00000000 @ 188859 14497
0.833333 0.875000 = -2.00000000 @ 190808 14574
0.833333 0.875000 = -2.00000000 @ 197933 14872
0.833333 0.875000 = -2.00000000 @ 198678 14903
0.833333 0.375000 = -2.00000000 @ 198752 14906
0.500000 0.125000 = -2.00000000 @ 195378 14764
0.833333 0.375000 = -2.00000000 @ 192782 14660
0.500000 0.875000 = -2.00000000 @ 199003 14917
0.500000 0.375000 = -2.00000000 @ 199216 14925
0.500000 0.875000 = -2.00000000 @ 192351 14641
0.500000 0.875000 = -2.00000000 @ 199223 14926
0.500000 0.375000 = -2.00000000 @ 191740 14615
0.833333 0.375000 = -2.00000000 @ 198496 14896
0.166667 0.125000 = -2.00000000 @ 197923 14872
0.500000 0.875000 = -2.00000000 @ 199248 14927
0.166667 0.375000 = -2.00000000 @ 192724 14657
0.166667 0.625000 = -2.00000000 @ 192968 14667
0.500000 0.125000 = -2.00000000 @ 195132 14754
0.833333 0.625000 = -2.00000000 @ 193497 14687
0.833333 0.625000 = -2.00000000 @ 194590 14734
0.833333 0.125000 = -2.00000000 @ 197925 14872
0.166667 0.375000 = -2.00000000 @ 195679 14778
0.166667 0.375000 = -2.00000000 @ 196806 14827
0.833333 0.125000 = -2.00000000 @ 193388 14684
0.500000 0.625000 = -2.00000000 @ 197872 14870
0.500000 0.625000 = -2.00000000 @ 199946 14952
0.833333 0.125000 = -2.00000000 @ 197096 14839
0.833333 0.375000 = -2.00000000 @ 185158 14353
0.833333 0.875000 = -2.00000000 @ 183788 14294
0.833333 0.625000 = -2.00000000 @ 197386 14851
0.500000 0.125000 = -2.00000000 @ 190111 14545
0.166667 0.125000 = -2.00000000 @ 193943 14707
0.166667 0.625000 = -2.00000000 @ 194443 14728
0.166667 0.875000 = -2.00000000 @ 189338 14516
0.166667 0.875000 = -2.00000000 @ 191222 14593
0.166667 0.875000 = -2.00000000 @ 191746 14616
0.166667 0.875000 = -2.00000000 @ 198420 14893
0.166667 0.125000 = -2.00000000 @ 194518 14731
0.166667 0.375000 = -2.00000000 @ 197604 14860
0.500000 0.125000 = -2.00000000 @ 190322 14553
0.166667 0.125000 = -2.00000000 @ 185480 14367
0.833333 0.375000 = -2.00000000 @ 193849 14703
0.833333 0.375000 = -2.00000000 @ 199381 14932
0.166667 0.375000 = -2.00000000 @ 175485 13922
0.833333 0.625000 = -2.00000000 @ 190098 14544
0.500000 0.875000 = -2.00000000 @ 190691 14569
0.500000 0.875000 = -2.00000000 @ 195933 14789
0.166667 0.375000 = -2.00000000 @ 187743 14449
0.166667 0.125000 = -2.00000000 @ 197865 14870
0.500000 0.125000 = -2.00000000 @ 199735 14945
0.500000 0.375000 = -2.00000000 @ 176495 13970
0.166667 0.125000 = -2.00000000 @ 198845 14911
0.833334 0.875000 = -2.00000000 @ 195707 14779
0.833334 0.875000 = -2.00000000 @ 199360 14931
0.166667 0.375000 = -2.00000000 @ 188483 14480
0.500000 0.625000 = -2.00000000 @ 190208 14549
0.166667 0.125000 = -2.00000000 @ 198615 14900
0.500000 0.125000 = -2.00000000 @ 191878 14621
0.166667 0.125000 = -2.00000000 @ 196643 14820
0.166666 0.875000 = -2.00000000 @ 181592 14197
0.166667 0.375000 = -2.00000000 @ 186310 14405
0.833334 0.875000 = -2.00000000 @ 193910 14706
0.833334 0.875000 = -2.00000000 @ 198914 14913
0.500001 0.625000 = -2.00000000 @ 190923 14579
0.166667 0.875000 = -2.00000000 @ 186633 14419
0.166667 0.124999 = -2.00000000 @ 196457 14812
0.833333 0.124999 = -2.00000000 @ 196269 14803
0.166666 0.625000 = -2.00000000 @ 196001 14793
0.166666 0.875000 = -2.00000000 @ 196673 14821
0.166666 0.625000 = -2.00000000 @ 195476 14769
0.500001 0.875000 = -2.00000000 @ 199779 14947
0.166666 0.625000 = -2.00000000 @ 199296 14928
0.500001 0.625000 = -2.00000000 @ 197878 14870
0.500000 0.874999 = -2.00000000 @ 193810 14702
0.166667 0.875001 = -2.00000000 @ 196640 14820
0.166667 0.875001 = -2.00000000 @ 197040 14837
0.166667 0.624999 = -2.00000000 @ 187852 14453
0.833332 0.875000 = -2.00000000 @ 194135 14715
0.500000 0.625001 = -2.00000001 @ 198768 14907
0.166667 0.374999 = -2.00000001 @ 186627 14418
0.166667 0.374999 = -2.00000001 @ 199260 14927
0.166669 0.625000 = -2.00000001 @ 198094 14879
0.166669 0.625000 = -2.00000001 @ 195963 14790
0.166669 0.625000 = -2.00000001 @ 194095 14713
0.500003 0.625000 = -2.00000001 @ 195991 14793
0.166669 0.125000 = -2.00000001 @ 193888 14705
0.500003 0.875000 = -2.00000001 @ 198674 14903
0.500003 0.125000 = -2.00000001 @ 188752 14493
0.499997 0.625000 = -2.00000001 @ 193185 14677
0.499997 0.625000 = -2.00000002 @ 199830 14949
0.499997 0.625000 = -2.00000002 @ 194324 14723
0.166663 0.625000 = -2.00000002 @ 190729 14570
0.833330 0.125000 = -2.00000002 @ 197566 14858
0.833330 0.125000 = -2.00000002 @ 197896 14871
0.833337 0.125001 = -2.00000002 @ 189080 14506
0.833328 0.375000 = -2.00000004 @ 182388 14232
0.833328 0.375000 = -2.00000004 @ 193035 14670
0.166667 0.124996 = -2.00000005 @ 193806 14702
0.166667 0.874995 = -2.00000006 @ 189725 14528
0.499993 0.875000 = -2.00000008 @ 198384 14890
0.166667 0.125005 = -2.00000008 @ 194377 14725
0.500007 0.625000 = -2.00000008 @ 196243 14802
0.500007 0.625000 = -2.00000008 @ 197185 14843
0.500013 0.125000 = -2.00000025 @ 198836 14910
0.833320 0.625000 = -2.00000028 @ 198131 14881
0.166684 0.625000 = -2.00000050 @ 194236 14719
0.166685 0.625000 = -2.00000055 @ 186117 14396
0.500026 0.875000 = -2.00000107 @ 182086 14220
0.833360 0.125000 = -2.00000117 @ 190099 14544
0.833361 0.125000 = -2.00000118 @ 186676 14420
0.166635 0.375001 = -2.00000165 @ 169574 13667
0.833333 0.125024 = -2.00000167 @ 194169 14716
0.166621 0.625000 = -2.00000335 @ 195009 14750
0.500000 0.624965 = -2.00000349 @ 189834 14533
0.500000 0.624965 = -2.00000349 @ 199592 14940
0.833396 0.124986 = -2.00000676 @ 180823 14162
0.833268 0.625000 = -2.00000680 @ 199128 14921
0.166667 0.875054 = -2.00000836 @ 197921 14872
0.166745 0.875000 = -2.00000977 @ 194417 14727
0.166745 0.625000 = -2.00000977 @ 190364 14555
0.499936 0.875054 = -2.00001487 @ 195196 14756
0.833184 0.125000 = -2.00003551 @ 197424 14853
0.499784 0.625000 = -2.00007442 @ 189002 14504
