-2.184889 1.686798 0.587849 2.757191 -2.859246 -0.038981 -4.492224 -2.646166 -2.389941 -1.099495 = -0.00019213 @ 399308 193134
-2.184889 1.686798 0.587849 2.757191 -2.859246 -0.038981 -4.492224 -2.646166 -2.389940 -1.099495 = -0.00019217 @ 398185 192653
-2.184889 1.686798 0.587849 2.757195 -2.859246 -0.038981 -4.492224 -2.646166 -2.390086 -1.099495 = -0.00019410 @ 398836 192930
-2.184889 1.686798 0.587849 2.757191 -2.859246 -0.038981 -4.492224 -2.646166 -2.390086 -1.099495 = -0.00019469 @ 397835 192502
-2.184889 1.686612 0.587849 2.757191 -2.859246 -0.038981 -4.492224 -2.646166 -2.390086 -1.099495 = -0.00024808 @ 395672 191583
-0.499555 -4.012629 -4.880997 -1.010212 -3.046361 1.761949 3.205398 -2.008084 -3.890755 -3.244892 = -0.00027942 @ 399597 193256
-0.499555 -4.012629 -4.880968 -1.010212 -3.046361 1.761949 3.205405 -2.008084 -3.890755 -3.244892 = -0.00028098 @ 399304 193132
-0.499555 -4.012629 -4.880987 -1.010212 -3.046361 1.761949 3.205405 -2.008084 -3.890755 -3.244892 = -0.00028169 @ 399378 193164
-0.499555 -4.012629 -4.880997 -1.010212 -3.046361 1.761952 3.205405 -2.008084 -3.890755 -3.244892 = -0.00028181 @ 399646 193277
-0.499555 -4.012629 -4.880997 -1.010212 -3.046361 1.761947 3.205404 -2.008084 -3.890756 -3.244892 = -0.00028197 @ 399820 193357
-0.499555 -4.012629 -4.880996 -1.010212 -3.046361 1.761949 3.205405 -2.008084 -3.890755 -3.244892 = -0.00028213 @ 397020 192158
-0.499555 -4.012629 -4.880997 -1.010212 -3.046361 1.761949 3.205405 -2.008084 -3.890755 -3.244892 = -0.00028216 @ 399000 193001
-0.499513 -4.012629 -4.880992 -1.010202 -3.046361 1.761949 3.205398 -2.008084 -3.890755 -3.244892 = -0.00028271 @ 399331 193144
-0.499513 -4.012629 -4.880992 -1.010292 -3.046361 1.761949 3.205405 -2.008084 -3.890755 -3.244892 = -0.00028521 @ 398408 192749
-0.499513 -4.012629 -4.880992 -1.010202 -3.046361 1.761949 3.205405 -2.008084 -3.890755 -3.244892 = -0.00028539 @ 397525 192375
-0.499513 -4.012629 -4.880992 -1.010202 -3.046361 1.761949 3.205405 -2.008084 -3.890755 -3.244877 = -0.00028646 @ 399360 193156
-0.499513 -4.012629 -4.880992 -1.010212 -3.045038 1.761949 3.205405 -2.008008 -3.890755 -3.244892 = -0.00029777 @ 397346 192299
-0.499550 -4.012629 -4.880992 -1.009859 -3.046361 1.762110 3.205405 -2.008084 -3.890755 -3.244892 = -0.00029794 @ 397931 192543
-0.499513 -4.012302 -4.880992 -1.010212 -3.046361 1.761949 3.205405 -2.008084 -3.890755 -3.244892 = -0.00030375 @ 399721 193315
-0.499513 -4.012302 -4.880992 -1.010212 -3.046361 1.761949 3.205405 -2.008084 -3.890755 -3.244892 = -0.00030378 @ 396787 192060
-0.499513 -4.012302 -4.880992 -1.010212 -3.046361 1.761949 3.205405 -2.008084 -3.890755 -3.244892 = -0.00030378 @ 399080 193035
-0.499513 -4.012629 -4.880992 -1.010212 -3.045038 1.761949 3.205405 -2.008084 -3.890755 -3.244892 = -0.00030859 @ 395333 191435
-0.499555 -4.012156 -4.880996 -1.010212 -3.046361 1.761949 3.205405 -2.008084 -3.890755 -3.244892 = -0.00032530 @ 397247 192256
-2.185004 1.686455 0.587849 2.757197 -2.859245 -0.038981 -4.492433 -2.646170 -2.390078 -1.099425 = -0.00034612 @ 399653 193280
-2.185004 1.686455 0.587849 2.757197 -2.859245 -0.038981 -4.492447 -2.646170 -2.390078 -1.099425 = -0.00034820 @ 398633 192844
-0.499513 -4.012629 -4.880510 -1.009859 -3.046488 1.761949 3.205301 -2.008084 -3.890755 -3.244902 = -0.00036027 @ 399370 193161
-0.499513 -4.012629 -4.880510 -1.009859 -3.046488 1.761949 3.205301 -2.008084 -3.890755 -3.244892 = -0.00036110 @ 398448 192766
-2.184976 1.686348 0.587849 2.757191 -2.859246 -0.038981 -4.492175 -2.646159 -2.390079 -1.099499 = -0.00036788 @ 398879 192948
-2.184976 1.686348 0.587849 2.757191 -2.859246 -0.038981 -4.492175 -2.646159 -2.390079 -1.099499 = -0.00036788 @ 397857 192511
-2.184976 1.686345 0.587849 2.757191 -2.859246 -0.038981 -4.492175 -2.646159 -2.390079 -1.099499 = -0.00036970 @ 399726 193317
-2.184993 1.686455 0.587849 2.757055 -2.859245 -0.038981 -4.492447 -2.646158 -2.390078 -1.099425 = -0.00037096 @ 399664 193285
-2.184993 1.686455 0.587849 2.757055 -2.859245 -0.038981 -4.492447 -2.646170 -2.390078 -1.099425 = -0.00037320 @ 398923 192967
-2.184976 1.686348 0.587849 2.757191 -2.859246 -0.039028 -4.492328 -2.646166 -2.390079 -1.099443 = -0.00037502 @ 398711 192877
-2.184993 1.686455 0.587849 2.757055 -2.859245 -0.038981 -4.492447 -2.646170 -2.390115 -1.099425 = -0.00037633 @ 399266 193116
-2.184976 1.686348 0.587849 2.757191 -2.859157 -0.038981 -4.492383 -2.646166 -2.390079 -1.099443 = -0.00037981 @ 397807 192490
-2.184976 1.686348 0.587849 2.757191 -2.859246 -0.039006 -4.492190 -2.646166 -2.390079 -1.099443 = -0.00038191 @ 399078 193034
-2.184976 1.686348 0.587849 2.757191 -2.859246 -0.038981 -4.492390 -2.646166 -2.390000 -1.099443 = -0.00038774 @ 398137 192632
-2.184976 1.686348 0.587849 2.757191 -2.859246 -0.038981 -4.492190 -2.646166 -2.390079 -1.099443 = -0.00038852 @ 396949 192128
-2.184976 1.686348 0.587849 2.757191 -2.859246 -0.038981 -4.492383 -2.646166 -2.390071 -1.099443 = -0.00038943 @ 398575 192820
-0.499513 -4.012629 -4.880510 -1.009859 -3.046488 1.761949 3.205405 -2.008084 -3.890755 -3.244892 = -0.00039330 @ 395807 191640
-0.500577 -4.012750 -4.880992 -1.009960 -3.046361 1.761949 3.205214 -2.007794 -3.890755 -3.244892 = -0.00039618 @ 398412 192751
-2.184926 1.686198 0.587849 2.757191 -2.859246 -0.038981 -4.492467 -2.646166 -2.390086 -1.099749 = -0.00042121 @ 398909 192962
-2.184889 1.686198 0.587849 2.757191 -2.859246 -0.038981 -4.492224 -2.646166 -2.390086 -1.099656 = -0.00042446 @ 394522 191086
-2.184889 1.686198 0.587849 2.757191 -2.859246 -0.038981 -4.492224 -2.646166 -2.390086 -1.099656 = -0.00042446 @ 394843 191224
-0.500563 -4.012651 -4.880992 -1.009859 -3.046361 1.761949 3.205405 -2.007872 -3.890755 -3.244911 = -0.00045941 @ 398819 192922
-0.500563 -4.012651 -4.880992 -1.009859 -3.046361 1.761949 3.205405 -2.007872 -3.890755 -3.244892 = -0.00046056 @ 396457 191919
-2.184889 1.686198 0.587849 2.757191 -2.859246 -0.038981 -4.492224 -2.646166 -2.390086 -1.099495 = -0.00046890 @ 393175 190516
-0.500617 -4.012617 -4.880992 -1.009859 -3.046361 1.762421 3.205405 -2.008084 -3.890755 -3.244892 = -0.00047912 @ 395722 191604
-2.184966 1.686319 0.587849 2.756718 -2.859244 -0.038973 -4.492366 -2.646137 -2.390079 -1.099499 = -0.00053432 @ 392334 190141
-2.184966 1.686319 0.587843 2.756718 -2.859244 -0.038973 -4.492366 -2.646137 -2.390079 -1.099499 = -0.00053435 @ 399709 193310
-0.500555 -4.011226 -4.880978 -1.009859 -3.046361 1.761947 3.205404 -2.008074 -3.890756 -3.244892 = -0.00090189 @ 388902 188502
-2.184906 1.686198 0.587848 2.756805 -2.859244 -0.038980 -4.491082 -2.646159 -2.390072 -1.099499 = -0.00114451 @ 394633 191135
-2.184906 1.686198 0.587848 2.756805 -2.859244 -0.038980 -4.491082 -2.646159 -2.390072 -1.099499 = -0.00114451 @ 380343 184831
-0.500607 -4.012568 -4.881091 -1.009861 -3.046426 1.763405 3.202653 -2.007723 -3.890754 -3.244873 = -0.00156290 @ 394312 190996
-2.184906 1.686206 0.587848 2.756802 -2.859255 -0.038980 -4.490335 -2.646200 -2.390094 -1.099496 = -0.00208396 @ 393673 190731
-0.500566 -4.011226 -4.880913 -1.009858 -3.046362 1.762127 3.205405 -2.008073 -3.886738 -3.244892 = -0.00469155 @ 398709 192875
0.164262 3.781275 4.524877 -1.389657 -1.394574 -4.156006 4.296680 2.943233 3.273596 2.900742 = -0.03293491 @ 397261 192262
0.164265 3.781275 4.524877 -1.389657 -1.394574 -4.156006 4.296680 2.943233 3.273596 2.900742 = -0.03295362 @ 399728 193318
0.164265 3.781275 4.524877 -1.389657 -1.394574 -4.156006 4.296680 2.943233 3.273596 2.900742 = -0.03295489 @ 399364 193158
0.164262 3.781275 4.524880 -1.389657 -1.394574 -4.156015 4.296680 2.943233 3.273596 2.900742 = -0.03296191 @ 399237 193103
0.164265 3.781275 4.524877 -1.389657 -1.394574 -4.156006 4.296678 2.943233 3.273596 2.900742 = -0.03296281 @ 399713 193312
0.164262 3.781275 4.524877 -1.389657 -1.394574 -4.156015 4.296680 2.943233 3.273596 2.900742 = -0.03296335 @ 398747 192891
0.164320 3.781275 4.524877 -1.389657 -1.394526 -4.155997 4.296680 2.943233 3.273596 2.900742 = -0.03323395 @ 399533 193229
0.164320 3.781275 4.524877 -1.389657 -1.394526 -4.156006 4.296680 2.943233 3.273596 2.900742 = -0.03326435 @ 398864 192942
0.164320 3.781275 4.524877 -1.389657 -1.394526 -4.156006 4.296680 2.943233 3.273596 2.900744 = -0.03331518 @ 399692 193303
0.164152 3.781275 4.524877 -1.389657 -1.394574 -4.156423 4.296680 2.943152 3.273596 2.900742 = -0.03489742 @ 398701 192872
0.164262 3.780679 4.524877 -1.389657 -1.394574 -4.156378 4.296680 2.943152 3.273596 2.900742 = -0.03631745 @ 398616 192837
0.164047 3.781276 4.524877 -1.392123 -1.394861 -4.155482 4.296782 2.943151 3.273596 2.900430 = -0.04163558 @ 399910 193394
0.164047 3.781275 4.524877 -1.392123 -1.394861 -4.155482 4.296782 2.943151 3.273596 2.900430 = -0.04163569 @ 399551 193237
0.164047 3.781275 4.524877 -1.392123 -1.394861 -4.155482 4.296782 2.943151 3.273596 2.900430 = -0.04163569 @ 399037 193017
0.164047 3.781250 4.524877 -1.392123 -1.394861 -4.155482 4.296782 2.943151 3.273596 2.900430 = -0.04166599 @ 399652 193280
0.164047 3.781275 4.524877 -1.392134 -1.394902 -4.155482 4.296782 2.943151 3.273596 2.900430 = -0.04174624 @ 398989 192996
0.164047 3.781136 4.524832 -1.392134 -1.394861 -4.155482 4.296782 2.943151 3.273596 2.900430 = -0.04178280 @ 399522 193225
0.164047 3.781275 4.524877 -1.392134 -1.394861 -4.155482 4.296784 2.943151 3.273596 2.900430 = -0.04181244 @ 398654 192853
0.164047 3.781136 4.524877 -1.392134 -1.394861 -4.155482 4.296782 2.943151 3.273596 2.900430 = -0.04203516 @ 398067 192602
0.164047 3.781275 4.524877 -1.392229 -1.394756 -4.155482 4.296782 2.943151 3.273596 2.900430 = -0.04346826 @ 398401 192746
0.160404 3.781275 4.524643 -1.391640 -1.396177 -4.155707 4.297625 2.945788 3.273595 2.901061 = -0.04463801 @ 397417 192330
0.160404 3.781275 4.524643 -1.391735 -1.396177 -4.155707 4.297625 2.945788 3.273595 2.901061 = -0.04540078 @ 398107 192619
0.160404 3.781275 4.524877 -1.391640 -1.396177 -4.155707 4.297625 2.945788 3.273595 2.901061 = -0.04629219 @ 395713 191600
0.160404 3.781275 4.524878 -1.391640 -1.396177 -4.155707 4.297625 2.945788 3.273595 2.901061 = -0.04629870 @ 399447 193193
0.160404 3.781276 4.524878 -1.391640 -1.396177 -4.155707 4.297625 2.945788 3.273595 2.901061 = -0.04629873 @ 399636 193273
0.160404 3.781274 4.524878 -1.391640 -1.396177 -4.155707 4.297625 2.945788 3.273595 2.901061 = -0.04629893 @ 399624 193268
0.160404 3.781275 4.524877 -1.391640 -1.396177 -4.155567 4.297619 2.945788 3.273595 2.901047 = -0.04691512 @ 399674 193289
0.160404 3.781275 4.524877 -1.391640 -1.396177 -4.155567 4.297619 2.945788 3.273595 2.901047 = -0.04691558 @ 399746 193326
0.160404 3.781275 4.524877 -1.391640 -1.396177 -4.155567 4.297625 2.945788 3.273595 2.901047 = -0.04696597 @ 398347 192723
0.160404 3.781275 4.524877 -1.391856 -1.396177 -4.155707 4.297625 2.945788 3.273595 2.901061 = -0.04821327 @ 397906 192533
0.164555 3.781275 4.524877 -1.389195 -1.394819 -4.155482 4.299829 2.943152 3.273596 2.900264 = -0.05436417 @ 396074 191753
0.164555 3.781275 4.524877 -1.389195 -1.394822 -4.155482 4.299733 2.943152 3.273596 2.900531 = -0.05471076 @ 399064 193029
0.164262 3.781275 4.524877 -1.389214 -1.394874 -4.156423 4.300007 2.943152 3.273596 2.900690 = -0.05598767 @ 397142 192211
0.160404 3.781275 4.524841 -1.391640 -1.397439 -4.155482 4.297625 2.943152 3.273595 2.900790 = -0.05614780 @ 397892 192527
0.160404 3.781275 4.524877 -1.392133 -1.396703 -4.155482 4.297625 2.943283 3.273596 2.901061 = -0.05621416 @ 399485 193209
0.160404 3.781275 4.524877 -1.392133 -1.396703 -4.155482 4.297625 2.943282 3.273596 2.901061 = -0.05623085 @ 393757 190767
0.164555 3.781275 4.524877 -1.392134 -1.394874 -4.155295 4.294635 2.943222 3.273596 2.900783 = -0.05977922 @ 398366 192731
0.164555 3.781275 4.524878 -1.392134 -1.396177 -4.155707 4.297625 2.943222 3.273595 2.901061 = -0.06165807 @ 399941 193407
0.164555 3.781275 4.524877 -1.389195 -1.394874 -4.156423 4.299829 2.943152 3.273596 2.901067 = -0.06292997 @ 392292 190123
0.164555 3.781275 4.524877 -1.392134 -1.394874 -4.155295 4.294635 2.943222 3.273596 2.901067 = -0.06590539 @ 396482 191930
0.160404 3.781275 4.524877 -1.391640 -1.398711 -4.155482 4.299832 2.943152 3.273595 2.901061 = -0.08905991 @ 392110 190041
0.156107 3.780336 4.523510 -1.392908 -1.398023 -4.155336 4.299916 2.941353 3.273453 2.900314 = -0.22446899 @ 389276 188661
0.160404 3.781276 4.524874 -1.394364 -1.398710 -4.155482 4.299832 2.948876 3.273596 2.901067 = -0.23078075 @ 391997 189992
-2.188825 1.686005 0.587506 2.754787 -2.859115 -0.038144 -4.491585 -2.668976 -2.387837 -1.102477 = -0.24308231 @ 399409 193178
-2.188825 1.686005 0.587506 2.754787 -2.859115 -0.038144 -4.491585 -2.668994 -2.387837 -1.102477 = -0.24324505 @ 378552 184058
-2.188817 1.686005 0.587506 2.754787 -2.859115 -0.038144 -4.491585 -2.668994 -2.387837 -1.102477 = -0.24340672 @ 399572 193246
-2.188825 1.686005 0.587506 2.754787 -2.859115 -0.038144 -4.491585 -2.668994 -2.387837 -1.102468 = -0.24343208 @ 399340 193147
-1.480958 3.734416 -4.871341 -4.296763 3.648883 0.878489 -2.692523 0.914043 0.356471 -2.778961 = -1.04146871 @ 399521 193224
-1.480962 3.734418 -4.871341 -4.296763 3.648882 0.878503 -2.692523 0.914038 0.356483 -2.778953 = -1.04148669 @ 399530 193228
-1.480962 3.734418 -4.871341 -4.296763 3.648882 0.878503 -2.692523 0.914038 0.356487 -2.778953 = -1.04149692 @ 399532 193229
-1.480958 3.734417 -4.871336 -4.296763 3.648889 0.878490 -2.692522 0.914044 0.356471 -2.778963 = -1.04150100 @ 397993 192570
-1.480958 3.734417 -4.871336 -4.296763 3.648889 0.878490 -2.692522 0.914044 0.356471 -2.778963 = -1.04150101 @ 392825 190362
-1.480958 3.734417 -4.871336 -4.296763 3.648883 0.878490 -2.692522 0.914044 0.356471 -2.778963 = -1.04150876 @ 399621 193267
-1.480958 3.734417 -4.871336 -4.296763 3.648882 0.878490 -2.692522 0.914044 0.356471 -2.778963 = -1.04151923 @ 399965 193417
-1.480958 3.734417 -4.871336 -4.296763 3.648882 0.878490 -2.692522 0.914044 0.356471 -2.778963 = -1.04152046 @ 395050 191313
-1.480958 3.734417 -4.871336 -4.296763 3.648882 0.878490 -2.692522 0.914044 0.356471 -2.778963 = -1.04152046 @ 398932 192971
-1.480958 3.734417 -4.871336 -4.296763 3.648882 0.878490 -2.692522 0.914044 0.356471 -2.778963 = -1.04152046 @ 399457 193198
-1.480958 3.734417 -4.871336 -4.296763 3.648882 0.878490 -2.692522 0.914044 0.356471 -2.778963 = -1.04152070 @ 391998 189992
-1.480958 3.734417 -4.871336 -4.296763 3.648882 0.878490 -2.692522 0.914044 0.356471 -2.778963 = -1.04152078 @ 393522 190666
-1.480958 3.734417 -4.871336 -4.296763 3.648882 0.878490 -2.692522 0.914044 0.356471 -2.778963 = -1.04152107 @ 396377 191885
-1.480958 3.734417 -4.871336 -4.296763 3.648900 0.878490 -2.692522 0.914044 0.356471 -2.778963 = -1.04152434 @ 398518 192796
-1.480958 3.734417 -4.871336 -4.296763 3.648882 0.878490 -2.692521 0.914044 0.356471 -2.778963 = -1.04153242 @ 399654 193280
-1.480958 3.734416 -4.871341 -4.296763 3.648883 0.878489 -2.692523 0.914043 0.356471 -2.778963 = -1.04153741 @ 395035 191306
-1.480958 3.734416 -4.871341 -4.296763 3.648883 0.878489 -2.692523 0.914043 0.356471 -2.778963 = -1.04153864 @ 395601 191553
-1.480958 3.734417 -4.871336 -4.296763 3.648882 0.878490 -2.692522 0.914044 0.356471 -2.778963 = -1.04154029 @ 394821 191215
-1.480958 3.734416 -4.871341 -4.296763 3.648883 0.878489 -2.692523 0.914043 0.356471 -2.778963 = -1.04154065 @ 397007 192152
-1.480958 3.734416 -4.871341 -4.296763 3.648883 0.878489 -2.692523 0.914043 0.356471 -2.778963 = -1.04154067 @ 393426 190624
-1.480958 3.734416 -4.871341 -4.296763 3.648883 0.878489 -2.692523 0.914043 0.356471 -2.778963 = -1.04154217 @ 398198 192658
-1.480958 3.734416 -4.871341 -4.296763 3.648883 0.878489 -2.692523 0.914043 0.356471 -2.778963 = -1.04154348 @ 388785 188454
-1.480958 3.734416 -4.871341 -4.296763 3.648883 0.878489 -2.692523 0.914043 0.356471 -2.778963 = -1.04154483 @ 387827 188057
-1.480958 3.734417 -4.871341 -4.296763 3.648882 0.878489 -2.692523 0.914043 0.356471 -2.778963 = -1.04155668 @ 387459 187903
-1.480960 3.734420 -4.871335 -4.296760 3.648882 0.878475 -2.692518 0.914038 0.356479 -2.778962 = -1.04156895 @ 398760 192897
-1.480958 3.734416 -4.871341 -4.296764 3.648883 0.878489 -2.692523 0.914043 0.356471 -2.778963 = -1.04157183 @ 399475 193205
-1.480962 3.734418 -4.871345 -4.296763 3.648882 0.878503 -2.692523 0.914038 0.356483 -2.778953 = -1.04157349 @ 398333 192717
-1.480960 3.734417 -4.871335 -4.296760 3.648882 0.878475 -2.692518 0.914038 0.356479 -2.778962 = -1.04165066 @ 387564 187948
-1.480958 3.734416 -4.871341 -4.296763 3.648883 0.878489 -2.692523 0.914043 0.356471 -2.779367 = -1.04182645 @ 395534 191523
-1.480951 3.734415 -4.871336 -4.296762 3.648882 0.878489 -2.692520 0.914038 0.356479 -2.778946 = -1.04223890 @ 392045 190013
-1.480942 3.734422 -4.871340 -4.296763 3.648869 0.878554 -2.692524 0.914065 0.356427 -2.778920 = -1.04290738 @ 397440 192340
-1.480935 3.734415 -4.871336 -4.296763 3.648881 0.878474 -2.692522 0.914042 0.356530 -2.778965 = -1.04291887 @ 398123 192626
-1.480942 3.734422 -4.871336 -4.296763 3.648869 0.878554 -2.692524 0.914065 0.356427 -2.778920 = -1.04295948 @ 382945 185974
-1.480942 3.734422 -4.871336 -4.296763 3.648869 0.878554 -2.692524 0.914065 0.356427 -2.778918 = -1.04308407 @ 387748 188025
-1.480935 3.734415 -4.871336 -4.296763 3.648881 0.878474 -2.692522 0.914042 0.356472 -2.778965 = -1.04329811 @ 396912 192112
-1.480958 3.734416 -4.871341 -4.296763 3.648883 0.878489 -2.692523 0.914136 0.356471 -2.779367 = -1.04334937 @ 397008 192153
-1.480960 3.734417 -4.871207 -4.296760 3.648882 0.878475 -2.692518 0.914038 0.356479 -2.778962 = -1.04482319 @ 397830 192500
-1.481176 3.734416 -4.871341 -4.296763 3.648883 0.878612 -2.692525 0.914004 0.356841 -2.779111 = -1.04629986 @ 396428 191907
-1.481176 3.734416 -4.871341 -4.296763 3.648883 0.878612 -2.692525 0.914004 0.356914 -2.779111 = -1.04751613 @ 396421 191904
0.142899 3.781277 4.524878 -1.392136 -1.398717 -4.155482 4.299832 2.943662 3.273596 2.901067 = -1.20732377 @ 396354 191875
-1.518130 3.629347 -4.909662 -4.218905 3.657095 0.824860 -2.700856 0.892513 0.432396 -2.813702 = -1.32831527 @ 398497 192787
-1.518130 3.629347 -4.909662 -4.218909 3.657095 0.824860 -2.700856 0.892513 0.432396 -2.813702 = -1.32839554 @ 399162 193071
-1.518130 3.629347 -4.909606 -4.218905 3.657095 0.824860 -2.700856 0.892513 0.432396 -2.813702 = -1.32851050 @ 398889 192953
-1.518130 3.629347 -4.909662 -4.218905 3.657095 0.824860 -2.700856 0.892526 0.432396 -2.813702 = -1.32859899 @ 399595 193255
-1.518130 3.629347 -4.909662 -4.218905 3.657095 0.824860 -2.700856 0.892513 0.432396 -2.813692 = -1.32892296 @ 398071 192603
-1.517363 3.632453 -4.833696 -4.355996 3.624921 0.852498 -2.642987 1.088965 0.483464 -2.761711 = -1.32986152 @ 397831 192500
-1.517363 3.632453 -4.833696 -4.355996 3.624921 0.852498 -2.642987 1.088965 0.483464 -2.761711 = -1.32986154 @ 399998 193431
-1.517363 3.632453 -4.833696 -4.355997 3.624921 0.852498 -2.642987 1.088965 0.483464 -2.761676 = -1.32990769 @ 399524 193225
-1.517363 3.632453 -4.833696 -4.355997 3.624921 0.852498 -2.642987 1.088965 0.483464 -2.761676 = -1.32991060 @ 399506 193218
-1.517363 3.632453 -4.833696 -4.355997 3.624921 0.852498 -2.642987 1.088965 0.483464 -2.761676 = -1.32992224 @ 396791 192061
-1.517363 3.632453 -4.833696 -4.355997 3.624921 0.852498 -2.642987 1.088965 0.483464 -2.761676 = -1.32992224 @ 399872 193378
-1.517363 3.632453 -4.833696 -4.355997 3.624921 0.852498 -2.642987 1.088965 0.483464 -2.761676 = -1.32992636 @ 395368 191450
-1.517363 3.632453 -4.833696 -4.355996 3.624921 0.852498 -2.642987 1.088965 0.483464 -2.761676 = -1.32994032 @ 394589 191116
-1.517363 3.632453 -4.833696 -4.355996 3.624921 0.852498 -2.642987 1.088965 0.483464 -2.761676 = -1.32994700 @ 391825 189918
-1.517363 3.632453 -4.833696 -4.355996 3.624921 0.852498 -2.642987 1.088965 0.483464 -2.761676 = -1.32994734 @ 397854 192510
-1.517363 3.632453 -4.833696 -4.355996 3.624921 0.852498 -2.642987 1.088965 0.483464 -2.761676 = -1.32994734 @ 394869 191235
-1.517363 3.632453 -4.833696 -4.355996 3.624921 0.852498 -2.642987 1.088965 0.483464 -2.761676 = -1.32994734 @ 399303 193132
-1.517363 3.632453 -4.833696 -4.355996 3.624921 0.852498 -2.642987 1.088965 0.483464 -2.761676 = -1.32994859 @ 393404 190615
-1.517363 3.632453 -4.833696 -4.355996 3.624921 0.852498 -2.642987 1.088965 0.483464 -2.761676 = -1.32994859 @ 398301 192703
-1.517363 3.632453 -4.833696 -4.355996 3.624921 0.852498 -2.642987 1.088965 0.483464 -2.761676 = -1.32994897 @ 395569 191539
-1.517363 3.632453 -4.833696 -4.355996 3.624921 0.852498 -2.642987 1.088965 0.483464 -2.761676 = -1.32994921 @ 396933 192120
-1.517363 3.632453 -4.833696 -4.355996 3.624921 0.852498 -2.642987 1.088965 0.483464 -2.761676 = -1.32997139 @ 394855 191230
-1.517363 3.632453 -4.833696 -4.355996 3.624921 0.852498 -2.642987 1.088965 0.483464 -2.761676 = -1.32997182 @ 397825 192498
-1.517363 3.632453 -4.833696 -4.355996 3.624921 0.852498 -2.642987 1.088965 0.483464 -2.761676 = -1.32997378 @ 390519 189257
-1.517363 3.632453 -4.833696 -4.355996 3.624921 0.852498 -2.642987 1.088965 0.483464 -2.761676 = -1.32997712 @ 398199 192659
-1.517363 3.632453 -4.833696 -4.355996 3.624921 0.852498 -2.642987 1.088965 0.483464 -2.761676 = -1.32997714 @ 394589 191116
-1.517363 3.632453 -4.833696 -4.355996 3.624921 0.852498 -2.642987 1.088965 0.483464 -2.761676 = -1.32997928 @ 389180 188620
-1.517363 3.632453 -4.833696 -4.355996 3.624921 0.852498 -2.642987 1.088965 0.483464 -2.761676 = -1.32998052 @ 399362 193157
-1.517363 3.632453 -4.833696 -4.355996 3.624921 0.852498 -2.642987 1.088965 0.483464 -2.761676 = -1.32998088 @ 395071 191321
-1.517363 3.632453 -4.833696 -4.355996 3.624921 0.852498 -2.642987 1.088965 0.483464 -2.761676 = -1.32998937 @ 389563 188779
-1.517363 3.632452 -4.833696 -4.355998 3.624918 0.852498 -2.642987 1.088958 0.483464 -2.761693 = -1.33004225 @ 399733 193320
-1.517363 3.632454 -4.833695 -4.355996 3.624920 0.852498 -2.642987 1.088966 0.483463 -2.761676 = -1.33008766 @ 385079 186888
-1.517363 3.632454 -4.833695 -4.355996 3.624920 0.852498 -2.642987 1.088966 0.483463 -2.761676 = -1.33008770 @ 397035 192165
-1.517363 3.632454 -4.833696 -4.355996 3.624920 0.852498 -2.642987 1.088966 0.483464 -2.761676 = -1.33010638 @ 398614 192836
-1.517363 3.632454 -4.833696 -4.355996 3.624920 0.852498 -2.642987 1.088966 0.483464 -2.761676 = -1.33011312 @ 391573 189764
-1.517363 3.632454 -4.833696 -4.355996 3.624920 0.852498 -2.642987 1.088966 0.483464 -2.761676 = -1.33014940 @ 389709 188838
-1.518130 3.629141 -4.909662 -4.218905 3.657095 0.824860 -2.700856 0.892513 0.432396 -2.813768 = -1.33016709 @ 396149 191785
-1.517363 3.632453 -4.833696 -4.355996 3.624918 0.852498 -2.642987 1.088966 0.483464 -2.761677 = -1.33018676 @ 384758 186750
-1.518130 3.629347 -4.909662 -4.218905 3.657095 0.824860 -2.700792 0.892513 0.432396 -2.813702 = -1.33021265 @ 398665 192857
-1.517363 3.632452 -4.833696 -4.355999 3.624926 0.852498 -2.642987 1.088958 0.483464 -2.761693 = -1.33021606 @ 387405 187880
-1.518130 3.629141 -4.909662 -4.218905 3.657116 0.824860 -2.700856 0.892533 0.432396 -2.813768 = -1.33026892 @ 399108 193047
-1.518130 3.629347 -4.909662 -4.218905 3.657095 0.824860 -2.700856 0.892515 0.432396 -2.813768 = -1.33035292 @ 399201 193088
-1.517369 3.632453 -4.833696 -4.355996 3.624913 0.852498 -2.642987 1.088961 0.483464 -2.761675 = -1.33058598 @ 390263 189147
-1.518130 3.629347 -4.909662 -4.218905 3.657095 0.824860 -2.700856 0.892513 0.432396 -2.813768 = -1.33059545 @ 397091 192189
-1.518130 3.629347 -4.909662 -4.218905 3.657095 0.824860 -2.700856 0.892513 0.432396 -2.813768 = -1.33059545 @ 396909 192110
-1.517363 3.632389 -4.833696 -4.355984 3.624938 0.852506 -2.642970 1.088936 0.483453 -2.761764 = -1.33099793 @ 392132 190050
-1.517363 3.632389 -4.833696 -4.355984 3.624938 0.852506 -2.642970 1.088936 0.483453 -2.761764 = -1.33100409 @ 391907 189954
-1.517363 3.632389 -4.833696 -4.355984 3.624938 0.852506 -2.642970 1.088936 0.483453 -2.761764 = -1.33100790 @ 384668 186711
-1.517363 3.632389 -4.833696 -4.355984 3.624939 0.852506 -2.642970 1.088936 0.483453 -2.761764 = -1.33111096 @ 382157 185636
-1.518130 3.629347 -4.909662 -4.218912 3.657095 0.824860 -2.700856 0.892482 0.432396 -2.813768 = -1.33178389 @ 398421 192755
-1.518130 3.629347 -4.909662 -4.218905 3.657095 0.824860 -2.700856 0.892482 0.432396 -2.813768 = -1.33182942 @ 398284 192696
-1.518130 3.629141 -4.909662 -4.218905 3.657095 0.824860 -2.700856 0.892513 0.432396 -2.813508 = -1.33220092 @ 397433 192337
-1.517696 3.629141 -4.909661 -4.218775 3.657095 0.824860 -2.700856 0.892513 0.432396 -2.813508 = -1.33234286 @ 398387 192740
-1.517696 3.629141 -4.909661 -4.218775 3.657095 0.824860 -2.700856 0.892513 0.432396 -2.813508 = -1.33234287 @ 397229 192248
-1.517697 3.629141 -4.909661 -4.218775 3.657095 0.824860 -2.700856 0.892513 0.432398 -2.813508 = -1.33234293 @ 399734 193321
-1.517305 3.632453 -4.833696 -4.355996 3.624921 0.852498 -2.642987 1.088965 0.483464 -2.761709 = -1.33241632 @ 398790 192910
-1.518130 3.629141 -4.909662 -4.218775 3.656993 0.824860 -2.700856 0.892513 0.432396 -2.813508 = -1.33273720 @ 398318 192710
-1.518130 3.629347 -4.909662 -4.218905 3.657095 0.824860 -2.701117 0.892513 0.432396 -2.813768 = -1.33352428 @ 397945 192549
-1.517363 3.632400 -4.833697 -4.355984 3.624938 0.852506 -2.642970 1.088821 0.483453 -2.761764 = -1.33411120 @ 399122 193053
-1.517363 3.632328 -4.833698 -4.355932 3.624962 0.852429 -2.643011 1.088792 0.483449 -2.761675 = -1.33456590 @ 389696 188833
-1.518553 3.632978 -4.834236 -4.355446 3.624385 0.852908 -2.642969 1.089425 0.482890 -2.761049 = -1.34331797 @ 385294 186979
-1.518553 3.632978 -4.834236 -4.355446 3.624385 0.852908 -2.642969 1.089425 0.482890 -2.761049 = -1.34331797 @ 399972 193420
-1.517363 3.632453 -4.833696 -4.355996 3.624921 0.852498 -2.641688 1.088965 0.483464 -2.761676 = -1.35028511 @ 394846 191226
-1.390365 3.569136 -4.916019 -4.375820 3.591698 0.863533 -2.677330 1.028711 0.431790 -2.755227 = -1.71407428 @ 398452 192768
-1.390365 3.569136 -4.916019 -4.375820 3.591698 0.863533 -2.677330 1.028711 0.431787 -2.755227 = -1.71415528 @ 399677 193290
-1.390392 3.569136 -4.916019 -4.375818 3.591698 0.863533 -2.677330 1.028711 0.431790 -2.755227 = -1.71419056 @ 399052 193023
-1.390392 3.569136 -4.916019 -4.375822 3.591678 0.863533 -2.677330 1.028711 0.431790 -2.755227 = -1.71432771 @ 399501 193216
-1.390392 3.569136 -4.916019 -4.375820 3.591698 0.863533 -2.677330 1.028711 0.431790 -2.755227 = -1.71435620 @ 397550 192386
-1.390392 3.569136 -4.916019 -4.375820 3.591698 0.863533 -2.677330 1.028711 0.431790 -2.755227 = -1.71435626 @ 397336 192295
-1.390392 3.569136 -4.916001 -4.375820 3.591698 0.863533 -2.677330 1.028711 0.431790 -2.755227 = -1.71449150 @ 398987 192995
-1.390331 3.569136 -4.916015 -4.375818 3.591666 0.863533 -2.677330 1.028711 0.431790 -2.755227 = -1.71508536 @ 399740 193323
-1.390331 3.569136 -4.916019 -4.375820 3.591666 0.863533 -2.677330 1.028711 0.431790 -2.755227 = -1.71544215 @ 397192 192232
-1.390392 3.569136 -4.916019 -4.375820 3.591666 0.863533 -2.677330 1.028711 0.431790 -2.755227 = -1.71558840 @ 394735 191179
-1.390176 3.569136 -4.916019 -4.375820 3.591666 0.863765 -2.677343 1.028711 0.431790 -2.755227 = -1.71933510 @ 398453 192768
-1.390176 3.569136 -4.916019 -4.375820 3.591666 0.863765 -2.677330 1.028711 0.432195 -2.755227 = -1.72071767 @ 398796 192912
-1.390176 3.569136 -4.916019 -4.375820 3.591666 0.863765 -2.677319 1.028711 0.432195 -2.755227 = -1.72134718 @ 398775 192904
-1.390176 3.569136 -4.916019 -4.375820 3.591666 0.863765 -2.677368 1.028711 0.432195 -2.755227 = -1.72395127 @ 399129 193056
-1.390176 3.569136 -4.916019 -4.375820 3.591666 0.863765 -2.677368 1.028711 0.432195 -2.755227 = -1.72395237 @ 398775 192904
-1.390392 3.569136 -4.916019 -4.373789 3.591666 0.862140 -2.677330 1.028711 0.431790 -2.755227 = -1.75318125 @ 396300 191851
-1.504097 3.690246 -4.896828 -4.355956 3.700566 0.826120 -2.726457 1.014914 0.532436 -2.646037 = -2.09883241 @ 399579 193249
-1.504097 3.690246 -4.896828 -4.355956 3.700566 0.826120 -2.726457 1.014914 0.532436 -2.646037 = -2.09890236 @ 398814 192921
-1.504097 3.690246 -4.896828 -4.355957 3.700566 0.826121 -2.726457 1.014914 0.532435 -2.646037 = -2.09893458 @ 399896 193388
-1.504097 3.690246 -4.896828 -4.355957 3.700566 0.826121 -2.726457 1.014914 0.532436 -2.646037 = -2.09894023 @ 399018 193008
-1.504097 3.690246 -4.896828 -4.355956 3.700566 0.826121 -2.726457 1.014914 0.532436 -2.646037 = -2.09896741 @ 398811 192919
-1.504097 3.690246 -4.896828 -4.355952 3.700566 0.826120 -2.726457 1.014914 0.532427 -2.646037 = -2.09906139 @ 399545 193234
-1.504097 3.690245 -4.896835 -4.355956 3.700271 0.825975 -2.726457 1.014914 0.532436 -2.646037 = -2.09910597 @ 398224 192670
-1.504097 3.690245 -4.896835 -4.355956 3.700254 0.825975 -2.726457 1.014914 0.532436 -2.646037 = -2.09922898 @ 396587 191975
-1.504097 3.690245 -4.896835 -4.355956 3.700254 0.825975 -2.726457 1.014914 0.532436 -2.646037 = -2.09922930 @ 398237 192675
-1.504097 3.690245 -4.896835 -4.355956 3.700254 0.825975 -2.726457 1.014910 0.532436 -2.646037 = -2.09940309 @ 399070 193031
-1.504097 3.690245 -4.896835 -4.355956 3.700254 0.825975 -2.726457 1.014910 0.532436 -2.646037 = -2.09941455 @ 398353 192725
-1.504097 3.690246 -4.896828 -4.355956 3.700254 0.825975 -2.726457 1.014914 0.532436 -2.646037 = -2.09944250 @ 399794 193346
-1.504097 3.690246 -4.896828 -4.355956 3.700254 0.825975 -2.726457 1.014914 0.532436 -2.646037 = -2.09944378 @ 385710 187155
-1.504097 3.690246 -4.896828 -4.355956 3.700254 0.825975 -2.726457 1.014914 0.532436 -2.646037 = -2.09944405 @ 393361 190597
-1.504097 3.690246 -4.896828 -4.355956 3.700254 0.825975 -2.726457 1.014914 0.532436 -2.646037 = -2.09944405 @ 399905 193392
-1.504097 3.690245 -4.896835 -4.355956 3.700254 0.825975 -2.726453 1.014914 0.532436 -2.646037 = -2.09964107 @ 399596 193256
-1.504097 3.690245 -4.896835 -4.355956 3.700254 0.825975 -2.726453 1.014914 0.532436 -2.646037 = -2.09964107 @ 399911 193395
-1.504097 3.690246 -4.896828 -4.355956 3.700254 0.825975 -2.726457 1.014952 0.532436 -2.646037 = -2.10361082 @ 399010 193005
-1.504279 3.690246 -4.896828 -4.355956 3.700254 0.825975 -2.726457 1.014914 0.532436 -2.646037 = -2.10633389 @ 398372 192734
-1.504468 3.690246 -4.896828 -4.355956 3.700254 0.825975 -2.726457 1.014914 0.532436 -2.646037 = -2.11025701 @ 396082 191756
-1.504097 3.690245 -4.896833 -4.355956 3.700254 0.825975 -2.726458 1.014914 0.532436 -2.645781 = -2.11067854 @ 398272 192691
-1.432938 3.659688 -4.728640 -4.363420 3.663951 0.961900 -2.617034 0.923555 0.443804 -2.694025 = -2.16331801 @ 398772 192902
-1.432946 3.659688 -4.728640 -4.363422 3.663932 0.961900 -2.617034 0.923555 0.443781 -2.694025 = -2.16346978 @ 399555 193239
-1.432951 3.659688 -4.728640 -4.363420 3.663951 0.961900 -2.617034 0.923555 0.443781 -2.694025 = -2.16380262 @ 398763 192898
-1.432951 3.659688 -4.728640 -4.363420 3.663951 0.961900 -2.617039 0.923555 0.443781 -2.694025 = -2.16441426 @ 399277 193120
-1.433231 3.659688 -4.728634 -4.363420 3.663951 0.961900 -2.617038 0.923563 0.443769 -2.694025 = -2.16449294 @ 399591 193254
-1.432951 3.659688 -4.728640 -4.363420 3.663951 0.961980 -2.617034 0.923555 0.443781 -2.694025 = -2.16450595 @ 399172 193075
-1.432946 3.659688 -4.728640 -4.363422 3.663951 0.961900 -2.617034 0.923555 0.443781 -2.694025 = -2.16497026 @ 399033 193015
-1.433231 3.659688 -4.728634 -4.363420 3.663951 0.961900 -2.617034 0.923563 0.443769 -2.694025 = -2.16519233 @ 397155 192216
-1.432951 3.659688 -4.728640 -4.363364 3.663951 0.961900 -2.617039 0.923555 0.443781 -2.694025 = -2.16530765 @ 399391 193170
-1.432938 3.659688 -4.728634 -4.363420 3.663951 0.961611 -2.617034 0.923555 0.443771 -2.694025 = -2.16555115 @ 399626 193269
-1.432938 3.659688 -4.728640 -4.363420 3.663961 0.961900 -2.617034 0.923555 0.443769 -2.694029 = -2.16563189 @ 399017 193008
-1.432938 3.659688 -4.728634 -4.363420 3.663951 0.961900 -2.617034 0.923555 0.443769 -2.694025 = -2.16591181 @ 395342 191439
-1.432938 3.659688 -4.728634 -4.363420 3.663951 0.961609 -2.617034 0.923555 0.443771 -2.694025 = -2.16595036 @ 397614 192412
-1.432938 3.659688 -4.728634 -4.363420 3.663951 0.961609 -2.617034 0.923555 0.443771 -2.694025 = -2.16595052 @ 395915 191685
-1.432938 3.659688 -4.728634 -4.363420 3.663956 0.961900 -2.617034 0.923561 0.443769 -2.694025 = -2.16598008 @ 398516 192795
-1.432938 3.659688 -4.728634 -4.363420 3.663956 0.961900 -2.617034 0.923555 0.443769 -2.694025 = -2.16648336 @ 397437 192338
-1.432938 3.659688 -4.728634 -4.363420 3.663956 0.961900 -2.617040 0.923555 0.443769 -2.694025 = -2.16707093 @ 399655 193281
-1.432938 3.660705 -4.728634 -4.363420 3.663951 0.961609 -2.617034 0.923555 0.443769 -2.694025 = -2.17198070 @ 392692 190304
-1.432938 3.660705 -4.728634 -4.363420 3.663971 0.961610 -2.618079 0.923587 0.443769 -2.694025 = -2.17483577 @ 398126 192627
-1.432938 3.660705 -4.728634 -4.363420 3.662173 0.961609 -2.618079 0.923555 0.443769 -2.694025 = -2.20952203 @ 394748 191185
-1.648648 3.692064 -4.829306 -4.195208 3.688925 0.815171 -2.664543 0.953211 0.482682 -2.818132 = -2.30347385 @ 399858 193372
-1.648648 3.692064 -4.829306 -4.195208 3.688930 0.815171 -2.664543 0.953211 0.482682 -2.818132 = -2.30362869 @ 399057 193025
-1.648648 3.692064 -4.829306 -4.195213 3.688923 0.815170 -2.664543 0.953211 0.482683 -2.818132 = -2.30363931 @ 389145 188606
-1.648648 3.692064 -4.829306 -4.195213 3.688923 0.815170 -2.664543 0.953211 0.482683 -2.818132 = -2.30364233 @ 395683 191588
-1.648648 3.692064 -4.829306 -4.195208 3.688925 0.815170 -2.664543 0.953211 0.482683 -2.818131 = -2.30364633 @ 392073 190025
-1.648648 3.692064 -4.829306 -4.195208 3.688925 0.815170 -2.664543 0.953211 0.482683 -2.818131 = -2.30369436 @ 396090 191760
-1.648648 3.692064 -4.829306 -4.195208 3.688925 0.815170 -2.664543 0.953211 0.482683 -2.818131 = -2.30369436 @ 399007 193004
-1.648648 3.692064 -4.829306 -4.195208 3.688925 0.815170 -2.664543 0.953211 0.482683 -2.818131 = -2.30369536 @ 394300 190990
-1.648648 3.692064 -4.829306 -4.195208 3.688925 0.815170 -2.664543 0.953211 0.482683 -2.818131 = -2.30369536 @ 398749 192892
-1.648648 3.692064 -4.829306 -4.195208 3.688925 0.815170 -2.664543 0.953211 0.482683 -2.818131 = -2.30369650 @ 394506 191080
-1.648648 3.692064 -4.829306 -4.195213 3.688925 0.815170 -2.664543 0.953211 0.482683 -2.818132 = -2.30372420 @ 390230 189134
-1.648648 3.692064 -4.829306 -4.195208 3.688925 0.815170 -2.664542 0.953211 0.482685 -2.818135 = -2.30373671 @ 383914 186391
-1.648648 3.692064 -4.829306 -4.195208 3.688925 0.815170 -2.664542 0.953211 0.482685 -2.818135 = -2.30373779 @ 397565 192392
-1.648648 3.692064 -4.829306 -4.195208 3.688925 0.815170 -2.664542 0.953211 0.482685 -2.818135 = -2.30373779 @ 399615 193264
-1.648648 3.692064 -4.829306 -4.195208 3.688925 0.815171 -2.664543 0.953211 0.482682 -2.818132 = -2.30373925 @ 393138 190500
-1.648648 3.692064 -4.829306 -4.195208 3.688925 0.815171 -2.664543 0.953211 0.482682 -2.818132 = -2.30373925 @ 399923 193400
-1.648648 3.692064 -4.829306 -4.195208 3.688925 0.815170 -2.664542 0.953211 0.482685 -2.818135 = -2.30374270 @ 396947 192127
-1.648648 3.692064 -4.829306 -4.195208 3.688925 0.815170 -2.664542 0.953211 0.482685 -2.818135 = -2.30376199 @ 382011 185574
-1.648648 3.692064 -4.829306 -4.195208 3.688925 0.815186 -2.664543 0.953211 0.482682 -2.818132 = -2.30463446 @ 399245 193106
-1.648648 3.692064 -4.829306 -4.195208 3.688925 0.815170 -2.664543 0.953192 0.482683 -2.818131 = -2.30571370 @ 399547 193235
-1.648648 3.692064 -4.829306 -4.195208 3.688991 0.815170 -2.664542 0.953211 0.482685 -2.818135 = -2.30619841 @ 398222 192669
-1.648648 3.692064 -4.829306 -4.195213 3.688925 0.815170 -2.664543 0.953211 0.482683 -2.818181 = -2.30853794 @ 398355 192726
-1.648648 3.692064 -4.829306 -4.195208 3.688991 0.815170 -2.664542 0.953211 0.482685 -2.818086 = -2.30882990 @ 399356 193154
-1.648648 3.692064 -4.828862 -4.195208 3.688893 0.815171 -2.664543 0.953211 0.482682 -2.818132 = -2.30936648 @ 399322 193140
-1.648648 3.692064 -4.828862 -4.195208 3.688925 0.815171 -2.664543 0.953211 0.482682 -2.818132 = -2.30965433 @ 394409 191038
-1.648648 3.692064 -4.829306 -4.195208 3.688925 0.815078 -2.664543 0.953211 0.482683 -2.818131 = -2.30984267 @ 398298 192702
-1.648648 3.692064 -4.829306 -4.195208 3.688925 0.815169 -2.664428 0.953140 0.482683 -2.818131 = -2.31248396 @ 399745 193325
-1.648648 3.692064 -4.829306 -4.195208 3.688925 0.815169 -2.664428 0.953140 0.482683 -2.818131 = -2.31249393 @ 399486 193210
-1.648648 3.692064 -4.828188 -4.195213 3.688923 0.815170 -2.664543 0.953211 0.482683 -2.818132 = -2.32429219 @ 397009 192153
-1.648648 3.692064 -4.828188 -4.195216 3.688923 0.815170 -2.664543 0.953211 0.482683 -2.818132 = -2.32469357 @ 399413 193179
-1.648648 3.692064 -4.829306 -4.195208 3.688925 0.816457 -2.664543 0.953211 0.482683 -2.818131 = -2.34284288 @ 392532 190233
-1.406062 3.643927 -4.906666 -4.185637 3.741707 0.911322 -2.534190 1.021535 0.517273 -2.762842 = -3.13754329 @ 399614 193264
-1.406062 3.643927 -4.906612 -4.185637 3.741714 0.911317 -2.534190 1.021535 0.517273 -2.762842 = -3.13763017 @ 399035 193016
-1.406062 3.643927 -4.906612 -4.185637 3.741714 0.911317 -2.534190 1.021535 0.517276 -2.762842 = -3.13789375 @ 399240 193104
-1.406062 3.643927 -4.906666 -4.185637 3.741714 0.911317 -2.534190 1.021535 0.517273 -2.762842 = -3.13821905 @ 399125 193055
-1.406062 3.643927 -4.906666 -4.185637 3.741714 0.911317 -2.534190 1.021535 0.517273 -2.762842 = -3.13821905 @ 398986 192995
-1.406062 3.643927 -4.906666 -4.185637 3.741714 0.911317 -2.534190 1.021535 0.517273 -2.762843 = -3.13825237 @ 399590 193253
-1.406062 3.643927 -4.906666 -4.185637 3.741714 0.911317 -2.534190 1.021535 0.517273 -2.762844 = -3.13825348 @ 399587 193252
-1.406062 3.643927 -4.906612 -4.185637 3.741714 0.911311 -2.534190 1.021535 0.517273 -2.762842 = -3.13866765 @ 399114 193050
-1.406062 3.643927 -4.906612 -4.185637 3.741714 0.911310 -2.534190 1.021535 0.517273 -2.762842 = -3.13877880 @ 399812 193353
-1.406062 3.643927 -4.906612 -4.185637 3.741714 0.911317 -2.534190 1.021581 0.517273 -2.762842 = -3.13923273 @ 399198 193086
-1.406062 3.643927 -4.906667 -4.185637 3.741687 0.911322 -2.534190 1.021535 0.517273 -2.762842 = -3.13993917 @ 398192 192656
-1.406086 3.643927 -4.906666 -4.185637 3.741687 0.911322 -2.534382 1.021535 0.517626 -2.762842 = -3.14124096 @ 398194 192657
-1.406086 3.643927 -4.906666 -4.185637 3.741683 0.911322 -2.534382 1.021535 0.517626 -2.762842 = -3.14164888 @ 399732 193320
-1.406062 3.643963 -4.906666 -4.185661 3.741687 0.911322 -2.534382 1.021535 0.517627 -2.762842 = -3.14237718 @ 398643 192848
-1.406062 3.643927 -4.906666 -4.185661 3.741687 0.911322 -2.534382 1.021535 0.517605 -2.762842 = -3.14240051 @ 399014 193007
-1.406062 3.643901 -4.906666 -4.185661 3.741687 0.911317 -2.534378 1.021535 0.517640 -2.762842 = -3.14289403 @ 399190 193083
-1.406062 3.643927 -4.906666 -4.185661 3.741687 0.911317 -2.534378 1.021535 0.517640 -2.762842 = -3.14297677 @ 399142 193062
-1.406062 3.643927 -4.906666 -4.185637 3.741687 0.911322 -2.534382 1.021535 0.517626 -2.762842 = -3.14304301 @ 395638 191569
-1.406062 3.643927 -4.906666 -4.185637 3.741687 0.911322 -2.534382 1.021535 0.517626 -2.762842 = -3.14304302 @ 398165 192644
-1.406062 3.643927 -4.906666 -4.185661 3.741687 0.911317 -2.534382 1.021535 0.517640 -2.762842 = -3.14386314 @ 399016 193007
-1.406062 3.643952 -4.906666 -4.185637 3.741634 0.911322 -2.534189 1.021535 0.517626 -2.762842 = -3.15087103 @ 392282 190118
-1.405855 3.643952 -4.906666 -4.185637 3.741634 0.911322 -2.534189 1.021535 0.517626 -2.762842 = -3.15121606 @ 396671 192012
-1.406062 3.644289 -4.906666 -4.185637 3.741648 0.911322 -2.534189 1.021535 0.517626 -2.762842 = -3.15227100 @ 398978 192991
-1.406062 3.643144 -4.906666 -4.185637 3.741634 0.911323 -2.534190 1.021535 0.517626 -2.762842 = -3.15388536 @ 394636 191136
-1.406062 3.643144 -4.906666 -4.185637 3.741634 0.911323 -2.534190 1.021535 0.517626 -2.762842 = -3.15388746 @ 391743 189876
-1.406062 3.643144 -4.906666 -4.185637 3.741634 0.911323 -2.534190 1.021535 0.517626 -2.762842 = -3.15388760 @ 394707 191167
-1.406062 3.643144 -4.906666 -4.185637 3.741634 0.911323 -2.534190 1.021535 0.517626 -2.762842 = -3.15389309 @ 394831 191219
-1.406062 3.643144 -4.906666 -4.185637 3.741634 0.911322 -2.534189 1.021535 0.517626 -2.762842 = -3.15392812 @ 388844 188478
-1.406062 3.643144 -4.906666 -4.185637 3.741634 0.911322 -2.534189 1.021535 0.517626 -2.762842 = -3.15393133 @ 385793 187191
-1.406062 3.643144 -4.906666 -4.185637 3.741634 0.911323 -2.534190 1.021536 0.517626 -2.762842 = -3.15420950 @ 397368 192309
-1.406062 3.643143 -4.906666 -4.185637 3.741634 0.911325 -2.534190 1.021535 0.517626 -2.762837 = -3.15439191 @ 385693 187148
-1.406066 3.643136 -4.906663 -4.185637 3.741642 0.911320 -2.534191 1.021541 0.517626 -2.762842 = -3.15488146 @ 385247 186959
-1.490422 3.658102 -4.865830 -4.445623 3.743951 0.882040 -2.661344 0.989701 0.526463 -2.904506 = -3.15676441 @ 399132 193058
-1.490422 3.658102 -4.865830 -4.445583 3.743951 0.882040 -2.661344 0.989623 0.526463 -2.904503 = -3.15755801 @ 399178 193078
-1.490422 3.658103 -4.865629 -4.445623 3.743951 0.882040 -2.661344 0.989745 0.526463 -2.904503 = -3.15763852 @ 395676 191585
-1.490422 3.658103 -4.865629 -4.445623 3.743951 0.882040 -2.661344 0.989745 0.526463 -2.904503 = -3.15765325 @ 399112 193049
-1.490422 3.658102 -4.865830 -4.445583 3.743951 0.882040 -2.661344 0.989623 0.526463 -2.904503 = -3.15774876 @ 399072 193032
-1.490430 3.658103 -4.865629 -4.445623 3.743951 0.882040 -2.661344 0.989745 0.526463 -2.904503 = -3.15780318 @ 399586 193252
-1.490430 3.658103 -4.865629 -4.445623 3.743951 0.882040 -2.661344 0.989745 0.526463 -2.904503 = -3.15780318 @ 399773 193337
-1.490422 3.658102 -4.865830 -4.445623 3.743951 0.882040 -2.661344 0.989701 0.526463 -2.904495 = -3.15795262 @ 399605 193260
-1.490419 3.658102 -4.865830 -4.445623 3.743951 0.882040 -2.661344 0.989701 0.526463 -2.904495 = -3.15807692 @ 399704 193308
-1.490422 3.658102 -4.865829 -4.445623 3.743951 0.882040 -2.661344 0.989745 0.526546 -2.904483 = -3.15808489 @ 399827 193360
-1.490422 3.658102 -4.865830 -4.445623 3.743951 0.882040 -2.661344 0.989745 0.526546 -2.904483 = -3.15828036 @ 399507 193218
-1.490422 3.658102 -4.865831 -4.445430 3.743951 0.882040 -2.661344 0.989745 0.526461 -2.904503 = -3.15832780 @ 399497 193214
-1.490422 3.658102 -4.865830 -4.445430 3.743951 0.882040 -2.661344 0.989745 0.526463 -2.904503 = -3.15878526 @ 396522 191948
-1.490422 3.658102 -4.865831 -4.445430 3.743951 0.882040 -2.661344 0.989745 0.526463 -2.904503 = -3.15878715 @ 398849 192935
-1.490422 3.658102 -4.865831 -4.445430 3.743951 0.882040 -2.661344 0.989745 0.526463 -2.904503 = -3.15882783 @ 398086 192610
-1.490426 3.658102 -4.865831 -4.445430 3.743951 0.882040 -2.661344 0.989745 0.526463 -2.904503 = -3.15892885 @ 398531 192802
-1.490422 3.658102 -4.865830 -4.445430 3.743951 0.882060 -2.661344 0.989745 0.526463 -2.904503 = -3.15954176 @ 399610 193262
-1.490422 3.658102 -4.865830 -4.445623 3.743941 0.882040 -2.661344 0.989745 0.526463 -2.904503 = -3.15962696 @ 399642 193275
-1.490422 3.658103 -4.865830 -4.445623 3.743940 0.882040 -2.661344 0.989745 0.526463 -2.904503 = -3.15971854 @ 395195 191375
-1.490422 3.658102 -4.865830 -4.445623 3.743951 0.882040 -2.661242 0.989745 0.526463 -2.904503 = -3.15973247 @ 398580 192822
-1.490422 3.658102 -4.865830 -4.445623 3.743951 0.882040 -2.661292 0.989745 0.526463 -2.904503 = -3.15975000 @ 398806 192917
-1.490349 3.658087 -4.865823 -4.445621 3.743952 0.882034 -2.661346 0.989745 0.526463 -2.904551 = -3.15998362 @ 399589 193253
-1.490349 3.658087 -4.865823 -4.445621 3.743952 0.882034 -2.661346 0.989745 0.526463 -2.904551 = -3.15998362 @ 399128 193056
-1.490426 3.658102 -4.865831 -4.445430 3.743951 0.881978 -2.661344 0.989745 0.526442 -2.904503 = -3.16004623 @ 399060 193027
-1.490422 3.658102 -4.865830 -4.445623 3.743951 0.882040 -2.661344 0.989745 0.526463 -2.904503 = -3.16016361 @ 390123 189079
-1.490422 3.658102 -4.865830 -4.445430 3.743951 0.882065 -2.661344 0.989745 0.526463 -2.904503 = -3.16018404 @ 397896 192528
-1.490422 3.658103 -4.865830 -4.445623 3.743951 0.882040 -2.661344 0.989745 0.526463 -2.904503 = -3.16021174 @ 391209 189547
-1.490422 3.658111 -4.865830 -4.445628 3.743951 0.882040 -2.661344 0.989745 0.526463 -2.904503 = -3.16081683 @ 399232 193101
-1.490422 3.658103 -4.865830 -4.445625 3.743951 0.882040 -2.661344 0.989745 0.526462 -2.904609 = -3.16166526 @ 390379 189197
-1.490426 3.658105 -4.865831 -4.445430 3.743951 0.881978 -2.661344 0.989745 0.526463 -2.904503 = -3.16198101 @ 399380 193165
-1.490426 3.658102 -4.865831 -4.445430 3.743951 0.881978 -2.661344 0.989745 0.526463 -2.904503 = -3.16211261 @ 398712 192877
-1.490422 3.658102 -4.865830 -4.444070 3.743951 0.882040 -2.661344 0.989745 0.526463 -2.904503 = -3.19312526 @ 396868 192093
-1.490422 3.658103 -4.865830 -4.444070 3.743951 0.882040 -2.661344 0.989745 0.526462 -2.904609 = -3.19714640 @ 398233 192674
-1.490422 3.658103 -4.865830 -4.444070 3.743951 0.882044 -2.661344 0.989745 0.526462 -2.904609 = -3.19795004 @ 399599 193257
-1.404479 3.643952 -4.906666 -4.185637 3.741634 0.911322 -2.534189 1.021535 0.517626 -2.762842 = -3.21867843 @ 395818 191645
-1.471785 3.652196 -4.813951 -4.257964 3.623917 0.966610 -2.778329 1.087594 0.490117 -2.801165 = -3.37441833 @ 396637 191997
-1.471785 3.652196 -4.813951 -4.257964 3.623917 0.966607 -2.778352 1.087594 0.490117 -2.801165 = -3.37471222 @ 399274 193119
-1.471785 3.652196 -4.813951 -4.257964 3.623923 0.966610 -2.778352 1.087594 0.490117 -2.801165 = -3.37487180 @ 399341 193148
-1.471785 3.652196 -4.813951 -4.257964 3.623917 0.966610 -2.778353 1.087594 0.490117 -2.801165 = -3.37518482 @ 399096 193042
-1.471785 3.652196 -4.813951 -4.257964 3.623917 0.966610 -2.778329 1.087594 0.490117 -2.801287 = -3.37640166 @ 398529 192801
-1.471884 3.651693 -4.813810 -4.257964 3.623917 0.967316 -2.778318 1.085931 0.489739 -2.801165 = -3.39658051 @ 399509 193219
-1.471892 3.651693 -4.813810 -4.257964 3.623917 0.967316 -2.778318 1.085931 0.489738 -2.801165 = -3.39692235 @ 398515 192795
-1.471859 3.651693 -4.813849 -4.257964 3.623917 0.967316 -2.778318 1.085724 0.489738 -2.801184 = -3.39791196 @ 399159 193070
-1.471892 3.651693 -4.813849 -4.257964 3.623917 0.967316 -2.778318 1.085935 0.489593 -2.801166 = -3.40386681 @ 398890 192953
-1.471785 3.651693 -4.813617 -4.257964 3.623917 0.966610 -2.778318 1.085193 0.489738 -2.801165 = -3.40440355 @ 398793 192911
-1.471785 3.651693 -4.813617 -4.257964 3.623917 0.966610 -2.778318 1.085180 0.489738 -2.801165 = -3.40441414 @ 397897 192529
-1.471892 3.651693 -4.813849 -4.257964 3.623917 0.967316 -2.778318 1.085935 0.489593 -2.801170 = -3.40441744 @ 399414 193180
-1.619578 3.675251 -4.967831 -4.361918 3.620575 1.025163 -2.655374 0.957058 0.361509 -2.742472 = -4.16979509 @ 399389 193169
-1.619578 3.675251 -4.967831 -4.361918 3.620575 1.025163 -2.655374 0.957058 0.361509 -2.742472 = -4.16983650 @ 398880 192949
-1.619578 3.675251 -4.967831 -4.361918 3.620575 1.025163 -2.655374 0.957058 0.361509 -2.742472 = -4.16983650 @ 399902 193391
-1.619578 3.675251 -4.967831 -4.361918 3.620575 1.025163 -2.655374 0.957058 0.361509 -2.742472 = -4.16983650 @ 397412 192328
-1.619578 3.675251 -4.967831 -4.361918 3.620575 1.025163 -2.655374 0.957058 0.361509 -2.742472 = -4.16983657 @ 395438 191483
-1.619578 3.675251 -4.967831 -4.361918 3.620575 1.025163 -2.655374 0.957058 0.361509 -2.742472 = -4.16983658 @ 397950 192551
-1.619592 3.675251 -4.967855 -4.361918 3.620575 1.025153 -2.655372 0.957052 0.361498 -2.742472 = -4.16985703 @ 397348 192300
-1.619630 3.675251 -4.967855 -4.361918 3.620593 1.025153 -2.655372 0.957052 0.361498 -2.742472 = -4.16997236 @ 398816 192921
-1.619619 3.675251 -4.967854 -4.361918 3.620575 1.025154 -2.655371 0.957052 0.361500 -2.742472 = -4.17043397 @ 399969 193419
-1.619619 3.675251 -4.967854 -4.361918 3.620575 1.025154 -2.655371 0.957052 0.361500 -2.742472 = -4.17045518 @ 395152 191357
-1.619619 3.675251 -4.967854 -4.361918 3.620575 1.025154 -2.655371 0.957052 0.361500 -2.742472 = -4.17045738 @ 399631 193271
-1.619630 3.675251 -4.967855 -4.361918 3.620575 1.025153 -2.655372 0.957052 0.361498 -2.742472 = -4.17086105 @ 399212 193092
-1.619630 3.675251 -4.967855 -4.361918 3.620575 1.025153 -2.655372 0.957052 0.361498 -2.742472 = -4.17086105 @ 398010 192577
-1.619630 3.675251 -4.967855 -4.361918 3.620575 1.025153 -2.655372 0.957052 0.361498 -2.742472 = -4.17086138 @ 398975 192990
-1.619685 3.675251 -4.967854 -4.361918 3.620575 1.025154 -2.655395 0.957052 0.361500 -2.742472 = -4.17265928 @ 397141 192210
-1.619464 3.675251 -4.967854 -4.361918 3.620575 1.025445 -2.655373 0.957052 0.361500 -2.742472 = -4.17292327 @ 399467 193202
-1.619484 3.675251 -4.967854 -4.361918 3.620575 1.025154 -2.655371 0.957052 0.361500 -2.742472 = -4.17325961 @ 398822 192924
-1.619479 3.675251 -4.967854 -4.361918 3.620575 1.025154 -2.655371 0.957052 0.361500 -2.742472 = -4.17366743 @ 399244 193106
-1.619464 3.675251 -4.967855 -4.361918 3.620575 1.025311 -2.655372 0.957052 0.361499 -2.742472 = -4.17410351 @ 392734 190322
-1.619474 3.675251 -4.967854 -4.361918 3.620575 1.025154 -2.655371 0.957052 0.361500 -2.742472 = -4.17431847 @ 397147 192213
-1.619464 3.675251 -4.967854 -4.361918 3.620575 1.025154 -2.655371 0.957052 0.361500 -2.742472 = -4.17436597 @ 399452 193196
-1.619464 3.675251 -4.967854 -4.361918 3.620575 1.025154 -2.655371 0.957052 0.361500 -2.742472 = -4.17436597 @ 399822 193358
-1.619464 3.675251 -4.967854 -4.361918 3.620575 1.025154 -2.655371 0.957052 0.361500 -2.742472 = -4.17444279 @ 392003 189994
-1.619464 3.675251 -4.967854 -4.361918 3.620575 1.025154 -2.655371 0.957052 0.361500 -2.742472 = -4.17445054 @ 397030 192163
-1.619464 3.675251 -4.967855 -4.361918 3.620575 1.025154 -2.655371 0.957052 0.361500 -2.742472 = -4.17464285 @ 396939 192123
-1.619473 3.675251 -4.967855 -4.361918 3.620575 1.025153 -2.655372 0.957050 0.361499 -2.742472 = -4.17494319 @ 399454 193196
-1.619465 3.675251 -4.967842 -4.361917 3.620575 1.025148 -2.655375 0.957052 0.361498 -2.742472 = -4.17533966 @ 392067 190022
-1.619470 3.675251 -4.967831 -4.361918 3.620575 1.025163 -2.655391 0.957058 0.361509 -2.742472 = -4.17570500 @ 398960 192983
-1.619464 3.675251 -4.967831 -4.361918 3.620575 1.025163 -2.655391 0.957058 0.361509 -2.742472 = -4.17632670 @ 398657 192854
-1.619484 3.675251 -4.967854 -4.361918 3.620575 1.025154 -2.655371 0.957052 0.361432 -2.742472 = -4.17851008 @ 399143 193063
-1.619464 3.675128 -4.967831 -4.361918 3.620575 1.025163 -2.655374 0.957058 0.361509 -2.742472 = -4.18067189 @ 398779 192905
-1.619464 3.675251 -4.967855 -4.361918 3.620575 1.025153 -2.655372 0.957052 0.362149 -2.742472 = -4.21053173 @ 394629 191133
-1.619464 3.675251 -4.967855 -4.361918 3.620575 1.025153 -2.654506 0.957043 0.361499 -2.742472 = -4.22050968 @ 399051 193023
-1.619455 3.675251 -4.967883 -4.361918 3.618901 1.025154 -2.655371 0.957047 0.361502 -2.742472 = -4.22922251 @ 399956 193414
-1.619464 3.675251 -4.967854 -4.361918 3.618618 1.025154 -2.655371 0.957052 0.361500 -2.742472 = -4.24594611 @ 395053 191314
-1.307892 3.777792 -4.712875 -4.318426 3.636947 0.774918 -2.649180 0.983357 0.485401 -2.771743 = -4.35739552 @ 394872 191237
-1.307892 3.777792 -4.712875 -4.318426 3.636947 0.774918 -2.649180 0.983357 0.485401 -2.771743 = -4.35739556 @ 398079 192607
-1.307892 3.777792 -4.712875 -4.318426 3.636947 0.774918 -2.649180 0.983357 0.485401 -2.771743 = -4.35739668 @ 395019 191299
-1.307892 3.777792 -4.712875 -4.318426 3.636947 0.774918 -2.649180 0.983357 0.485401 -2.771743 = -4.35739693 @ 397447 192343
-1.307892 3.777792 -4.712875 -4.318426 3.636947 0.774918 -2.649180 0.983357 0.485401 -2.771743 = -4.35739693 @ 398485 192782
-1.307892 3.777792 -4.712875 -4.318426 3.636947 0.774918 -2.649180 0.983357 0.485401 -2.771743 = -4.35740095 @ 394826 191217
-1.307892 3.777792 -4.712875 -4.318426 3.636947 0.774918 -2.649180 0.983357 0.485401 -2.771743 = -4.35743839 @ 389533 188767
-1.307892 3.777792 -4.712875 -4.318426 3.636947 0.774918 -2.649180 0.983357 0.485401 -2.771743 = -4.35744446 @ 394798 191206
-1.307892 3.777792 -4.712875 -4.318426 3.636947 0.774918 -2.649180 0.983357 0.485401 -2.771743 = -4.35744565 @ 393493 190654
-1.307892 3.777792 -4.712875 -4.318426 3.636947 0.774918 -2.649180 0.983357 0.485401 -2.771743 = -4.35745231 @ 393168 190513
-1.307892 3.777792 -4.712875 -4.318426 3.636947 0.774918 -2.649180 0.983363 0.485401 -2.771743 = -4.35746485 @ 399627 193269
-1.307892 3.777792 -4.712875 -4.318426 3.636947 0.774918 -2.649180 0.983362 0.485401 -2.771743 = -4.35749233 @ 399694 193303
-1.307892 3.777792 -4.712873 -4.318426 3.636947 0.774918 -2.649180 0.983357 0.485401 -2.771743 = -4.35822940 @ 399743 193325
-1.307892 3.777796 -4.712875 -4.318426 3.636947 0.774918 -2.649180 0.983357 0.485401 -2.771743 = -4.35824533 @ 394901 191249
-1.307892 3.777792 -4.712874 -4.318426 3.636947 0.774918 -2.649180 0.983357 0.485411 -2.771743 = -4.35850900 @ 399729 193319
-1.307892 3.777792 -4.712875 -4.318426 3.636947 0.774918 -2.649180 0.983378 0.485401 -2.771743 = -4.35854176 @ 396575 191970
-1.307894 3.777794 -4.712875 -4.318430 3.636946 0.774924 -2.649180 0.983356 0.485401 -2.771743 = -4.35874355 @ 388997 188543
-1.307892 3.777792 -4.712875 -4.318426 3.636947 0.774918 -2.649180 0.983357 0.485411 -2.771743 = -4.35876254 @ 399463 193200
-1.307892 3.777792 -4.712887 -4.318426 3.636994 0.774918 -2.649180 0.983378 0.485401 -2.771743 = -4.35893245 @ 398103 192617
-1.307892 3.777796 -4.712875 -4.318426 3.636947 0.774918 -2.649180 0.983386 0.485401 -2.771743 = -4.35959942 @ 399236 193102
-1.307892 3.777792 -4.712875 -4.318426 3.636947 0.774906 -2.649180 0.983357 0.485335 -2.771743 = -4.36016977 @ 399398 193173
-1.307892 3.777792 -4.712875 -4.318426 3.636947 0.774918 -2.649180 0.983357 0.485307 -2.771743 = -4.36352685 @ 398290 192698
-1.307892 3.777792 -4.712875 -4.318426 3.636947 0.774918 -2.649108 0.983357 0.485401 -2.771743 = -4.36389622 @ 397986 192567
-1.306857 3.777796 -4.712875 -4.318426 3.636947 0.774918 -2.649180 0.983357 0.485401 -2.771743 = -4.38382453 @ 396515 191945
-1.307892 3.777792 -4.712887 -4.317989 3.636994 0.774918 -2.649180 0.983378 0.485401 -2.771743 = -4.38749424 @ 398556 192812
-1.307892 3.777792 -4.712887 -4.317989 3.636994 0.774918 -2.649180 0.983378 0.485401 -2.771743 = -4.38762690 @ 399804 193350
-1.307892 3.777802 -4.712887 -4.317989 3.636994 0.774918 -2.649180 0.983378 0.485401 -2.771743 = -4.38866515 @ 399180 193079
-1.561448 3.644823 -4.875332 -4.276945 3.536914 0.797741 -2.793938 0.749685 0.453921 -2.825325 = -4.55077600 @ 398187 192654
-1.561448 3.644823 -4.875332 -4.276986 3.536875 0.797741 -2.793938 0.749713 0.453921 -2.825325 = -4.55151353 @ 398753 192894
-1.561448 3.644823 -4.875332 -4.276945 3.536914 0.797741 -2.793938 0.749685 0.453921 -2.825345 = -4.55160563 @ 398795 192912
-1.561448 3.644823 -4.875332 -4.276945 3.536914 0.797741 -2.793938 0.749685 0.453921 -2.825345 = -4.55160563 @ 399548 193236
-1.561448 3.644823 -4.875332 -4.276986 3.536770 0.797741 -2.793938 0.749713 0.453921 -2.825325 = -4.55522456 @ 399027 193012
-1.561448 3.644823 -4.875332 -4.276945 3.536914 0.797741 -2.793938 0.749754 0.453921 -2.825084 = -4.55590327 @ 397609 192410
-1.561448 3.644823 -4.875332 -4.276945 3.536914 0.797741 -2.793938 0.749754 0.453921 -2.825084 = -4.55590327 @ 399548 193236
-1.561448 3.644825 -4.875332 -4.276945 3.536903 0.797741 -2.793932 0.749754 0.453921 -2.825114 = -4.55598501 @ 399658 193282
-1.561448 3.644825 -4.875332 -4.276945 3.536914 0.797741 -2.793938 0.749754 0.453921 -2.825114 = -4.55711165 @ 399213 193093
-1.561448 3.644825 -4.875332 -4.276945 3.536903 0.797741 -2.793938 0.749754 0.453921 -2.825114 = -4.55715399 @ 399619 193266
-1.561448 3.644823 -4.875332 -4.276945 3.536914 0.797741 -2.793938 0.749754 0.453921 -2.825114 = -4.55719498 @ 398069 192603
-1.561448 3.644823 -4.875332 -4.276986 3.536875 0.797741 -2.793938 0.749754 0.453857 -2.825325 = -4.55723872 @ 397050 192171
-1.561448 3.644823 -4.875354 -4.276986 3.536875 0.797741 -2.793349 0.749754 0.453921 -2.825325 = -4.55724036 @ 395585 191546
-1.561448 3.644823 -4.875332 -4.276986 3.536875 0.797741 -2.793938 0.749754 0.453921 -2.825325 = -4.55913832 @ 396731 192036
-1.561448 3.644823 -4.875332 -4.276986 3.536875 0.797741 -2.793349 0.749754 0.453921 -2.825325 = -4.55968722 @ 399520 193224
-1.561448 3.644825 -4.875332 -4.276986 3.536875 0.797741 -2.793349 0.749754 0.453921 -2.825325 = -4.55970801 @ 399996 193430
-1.561448 3.644823 -4.875332 -4.276986 3.536875 0.797741 -2.793349 0.749754 0.453921 -2.825325 = -4.55980935 @ 396729 192035
-1.561448 3.644823 -4.875332 -4.276986 3.536875 0.797741 -2.793349 0.749754 0.453921 -2.825325 = -4.55981323 @ 385213 186945
-1.561448 3.644823 -4.875332 -4.276986 3.536875 0.797741 -2.793349 0.749754 0.453921 -2.825325 = -4.55982051 @ 395931 191692
-1.561484 3.644823 -4.875332 -4.276945 3.536914 0.797750 -2.793938 0.749754 0.453921 -2.825084 = -4.55987430 @ 399488 193211
-1.561448 3.644839 -4.875332 -4.276986 3.536875 0.797741 -2.793349 0.749754 0.453921 -2.825325 = -4.56059517 @ 398678 192863
-1.561484 3.644823 -4.875332 -4.276945 3.536914 0.797741 -2.793938 0.749754 0.453921 -2.825084 = -4.56139505 @ 398788 192909
-1.561448 3.644823 -4.875332 -4.276986 3.536875 0.797741 -2.793349 0.749763 0.453921 -2.825325 = -4.56247162 @ 399435 193188
-1.561599 3.644823 -4.875332 -4.276986 3.536875 0.797741 -2.793349 0.749754 0.453921 -2.825325 = -4.57256396 @ 396324 191862
-1.471570 3.775900 -4.910676 -4.259868 3.517299 0.885642 -2.616896 0.962407 0.327753 -2.948631 = -4.72383142 @ 399383 193167
-1.471570 3.775900 -4.910676 -4.259868 3.517299 0.885619 -2.616896 0.962407 0.327691 -2.948631 = -4.72587019 @ 399383 193167
-1.471700 3.775900 -4.910676 -4.259868 3.517299 0.885644 -2.616896 0.962407 0.327691 -2.948720 = -4.72663262 @ 399130 193057
-1.470759 3.775835 -4.910676 -4.259868 3.517299 0.885619 -2.616896 0.962407 0.327691 -2.948631 = -4.72917716 @ 396627 191993
-1.470759 3.775835 -4.910676 -4.259868 3.517299 0.885619 -2.616896 0.962407 0.327691 -2.948631 = -4.72918311 @ 389039 188560
-1.470759 3.775835 -4.910676 -4.259868 3.517299 0.885619 -2.616896 0.962407 0.327691 -2.948631 = -4.72918392 @ 399873 193379
-1.470759 3.775835 -4.910676 -4.259868 3.517299 0.885619 -2.616896 0.962407 0.327691 -2.948631 = -4.72918789 @ 399583 193250
-1.470759 3.775835 -4.910676 -4.259868 3.517299 0.885619 -2.616896 0.962407 0.327691 -2.948631 = -4.72921580 @ 396297 191850
-1.470759 3.775835 -4.910676 -4.259868 3.517299 0.885619 -2.616896 0.962407 0.327691 -2.948524 = -4.73793518 @ 399015 193007
0.160404 3.781275 4.524877 -1.391856 -1.396177 -4.155707 4.256334 2.956255 3.273595 2.901061 = -4.81938986 @ 399399 193174
0.160404 3.781277 4.524877 -1.391856 -1.398712 -4.155707 4.256334 2.956255 3.273595 2.901061 = -5.09982508 @ 399938 193406
0.156177 3.781277 4.524877 -1.392134 -1.398712 -4.155472 4.256336 2.956270 3.273596 2.901067 = -5.11900132 @ 399719 193314
0.156174 3.781277 4.524877 -1.392134 -1.398712 -4.155472 4.256336 2.956275 3.273596 2.901067 = -5.11902259 @ 399238 193103
0.156174 3.781277 4.524877 -1.392134 -1.398712 -4.155472 4.256336 2.956270 3.273596 2.901067 = -5.11902750 @ 399333 193144
0.156174 3.781277 4.524877 -1.392134 -1.398712 -4.155472 4.256334 2.956275 3.273596 2.901067 = -5.11940025 @ 398422 192755
0.156174 3.781277 4.524877 -1.392134 -1.398712 -4.155472 4.256334 2.956241 3.273596 2.901067 = -5.11974802 @ 399473 193204
-1.654777 3.706374 -4.879696 -4.226603 3.697985 0.722368 -2.537241 0.832356 0.443172 -2.786247 = -5.27978366 @ 397394 192320
-1.653767 3.706374 -4.879696 -4.226603 3.697985 0.722368 -2.537241 0.832356 0.443172 -2.786247 = -5.28809840 @ 396831 192078
-1.463612 3.820361 -4.981180 -4.401344 3.714293 0.867490 -2.704436 0.921768 0.441378 -2.968002 = -5.37620405 @ 398302 192704
-1.483150 3.753947 -4.858772 -4.314106 3.663066 0.880520 -2.697856 0.914544 0.352884 -2.776999 = -5.93518138 @ 399661 193284
-1.577765 3.794318 -4.775578 -4.335627 3.791903 1.000809 -2.806176 0.992653 0.491155 -2.961454 = -6.16182546 @ 399470 193203
-1.577765 3.794318 -4.775578 -4.335627 3.791903 1.000809 -2.806176 0.992653 0.491155 -2.961456 = -6.16196969 @ 395714 191601
-1.577765 3.794318 -4.775578 -4.335627 3.791903 1.000809 -2.806176 0.992653 0.491155 -2.961428 = -6.16754788 @ 399670 193287
-1.577765 3.794318 -4.775578 -4.335627 3.791903 1.000809 -2.806176 0.992653 0.491155 -2.961428 = -6.16754788 @ 399150 193066
-1.577289 3.794318 -4.775565 -4.335627 3.791903 1.000805 -2.806176 0.992653 0.491681 -2.961456 = -6.24912680 @ 399387 193168
-1.445300 3.526145 -4.814308 -4.442631 3.390527 0.855157 -2.695195 0.954445 0.407263 -2.890719 = -6.30634601 @ 398959 192983
-1.445300 3.526145 -4.814308 -4.442631 3.390527 0.855157 -2.695195 0.954445 0.407263 -2.890719 = -6.30640427 @ 399023 193011
-1.445291 3.526145 -4.814308 -4.442631 3.390527 0.855157 -2.695195 0.954424 0.407277 -2.890719 = -6.30662699 @ 399500 193216
-1.445291 3.526145 -4.814308 -4.442631 3.390527 0.855157 -2.695195 0.954424 0.407277 -2.890719 = -6.30667992 @ 399731 193320
-1.445291 3.526145 -4.814308 -4.442631 3.390527 0.855157 -2.695195 0.954425 0.407263 -2.890719 = -6.30690472 @ 399608 193261
-1.445291 3.526145 -4.814308 -4.442631 3.390527 0.855157 -2.695195 0.954424 0.407277 -2.890719 = -6.30693614 @ 399899 193389
-1.445291 3.526145 -4.814308 -4.442631 3.390527 0.855157 -2.695195 0.954425 0.407263 -2.890719 = -6.30711995 @ 394819 191214
-1.445291 3.526145 -4.814308 -4.442631 3.390527 0.855157 -2.695195 0.954425 0.407263 -2.890719 = -6.30718809 @ 389590 188790
-1.445291 3.526145 -4.814308 -4.442631 3.390527 0.855157 -2.695195 0.954425 0.407263 -2.890719 = -6.30719807 @ 397506 192367
-1.445291 3.526145 -4.814308 -4.442631 3.390527 0.855157 -2.695195 0.954425 0.407263 -2.890719 = -6.30719807 @ 399635 193272
-1.445291 3.526145 -4.814308 -4.442631 3.390527 0.855157 -2.695195 0.954425 0.407263 -2.890719 = -6.30725728 @ 394720 191172
-1.445293 3.526145 -4.814308 -4.442663 3.390541 0.855140 -2.695195 0.954426 0.407263 -2.890714 = -6.30881853 @ 389139 188603
-1.445293 3.526145 -4.814308 -4.442663 3.390541 0.855140 -2.695187 0.954426 0.407263 -2.890714 = -6.30896059 @ 399665 193285
-1.445291 3.526145 -4.814301 -4.442631 3.390527 0.855157 -2.695195 0.954425 0.407267 -2.890719 = -6.30910595 @ 399527 193227
-1.445291 3.526145 -4.814308 -4.442631 3.390527 0.855157 -2.695430 0.954425 0.407263 -2.890719 = -6.33967464 @ 395103 191335
-1.445291 3.526145 -4.814308 -4.442631 3.390527 0.855157 -2.695430 0.954425 0.407263 -2.890719 = -6.33967464 @ 399553 193238
