-2.184987 1.687058 0.587872 2.757353 -2.859072 = -0.00000010 @ 399771 119024
-3.395117 -3.317307 2.346847 2.062932 4.371517 = -0.00000017 @ 399573 118974
-2.184989 1.687057 0.587878 2.757353 -2.859072 = -0.00000025 @ 399731 119014
-2.184989 1.687057 0.587878 2.757353 -2.859074 = -0.00000026 @ 391658 116967
-3.395117 -3.317326 2.346839 2.062932 4.371517 = -0.00000030 @ 397197 118361
-3.395117 -3.317326 2.346839 2.062932 4.371517 = -0.00000030 @ 395154 117843
-3.395117 -3.317326 2.346839 2.062932 4.371517 = -0.00000030 @ 395222 117860
-3.395117 -3.317324 2.346847 2.062934 4.371517 = -0.00000031 @ 399660 118996
-3.395117 -3.317326 2.346840 2.062932 4.371517 = -0.00000031 @ 398450 118695
-3.395117 -3.317326 2.346841 2.062932 4.371517 = -0.00000031 @ 399360 118923
-3.395117 -3.317324 2.346847 2.062932 4.371517 = -0.00000033 @ 391216 116853
-3.395117 -3.317324 2.346847 2.062932 4.371517 = -0.00000033 @ 399689 119003
-0.499703 -4.012613 -4.880871 -1.010274 -3.045719 = -0.00000034 @ 399746 119018
-0.499703 -4.012613 -4.880871 -1.010274 -3.045717 = -0.00000036 @ 398986 118829
-3.395117 -3.317326 2.346847 2.062932 4.371517 = -0.00000036 @ 387174 115843
-3.395117 -3.317326 2.346847 2.062932 4.371517 = -0.00000036 @ 392162 117091
-3.395117 -3.317326 2.346847 2.062932 4.371517 = -0.00000036 @ 387100 115823
-0.499703 -4.012560 -4.880910 -1.010246 -3.045736 = -0.00000037 @ 396725 118244
-2.184974 1.687071 0.587859 2.757352 -2.859078 = -0.00000043 @ 399771 119024
-2.184971 1.687057 0.587878 2.757352 -2.859079 = -0.00000044 @ 397850 118537
-2.184971 1.687057 0.587878 2.757352 -2.859079 = -0.00000044 @ 390648 116710
-2.184989 1.687055 0.587847 2.757339 -2.859074 = -0.00000045 @ 399553 118969
-2.184989 1.687057 0.587847 2.757339 -2.859068 = -0.00000045 @ 399446 118944
-2.185001 1.687057 0.587874 2.757355 -2.859079 = -0.00000045 @ 384886 115261
-2.185001 1.687057 0.587874 2.757353 -2.859079 = -0.00000045 @ 390516 116678
-2.185001 1.687057 0.587874 2.757353 -2.859079 = -0.00000045 @ 391128 116830
-2.184989 1.687057 0.587847 2.757339 -2.859074 = -0.00000046 @ 397929 118559
-2.184971 1.687057 0.587878 2.757351 -2.859079 = -0.00000046 @ 395842 118018
-2.184972 1.687057 0.587847 2.757352 -2.859079 = -0.00000046 @ 399915 119061
-2.184971 1.687057 0.587878 2.757351 -2.859079 = -0.00000046 @ 387042 115807
-0.499703 -4.012560 -4.880872 -1.010246 -3.045736 = -0.00000047 @ 399227 118891
-0.499670 -4.012571 -4.880872 -1.010274 -3.045740 = -0.00000050 @ 397078 118331
-0.499670 -4.012613 -4.880871 -1.010274 -3.045757 = -0.00000052 @ 399078 118852
-2.185001 1.687057 0.587878 2.757353 -2.859079 = -0.00000053 @ 399129 118865
-2.185001 1.687057 0.587878 2.757353 -2.859079 = -0.00000053 @ 391279 116869
-2.185001 1.687057 0.587878 2.757353 -2.859079 = -0.00000053 @ 387434 115907
-0.499670 -4.012568 -4.880872 -1.010274 -3.045740 = -0.00000054 @ 399745 119017
-3.395117 -3.317281 2.346847 2.062932 4.371517 = -0.00000055 @ 399235 118892
-2.184972 1.687071 0.587853 2.757352 -2.859079 = -0.00000057 @ 397703 118496
-0.499703 -4.012613 -4.880871 -1.010274 -3.045698 = -0.00000059 @ 399067 118849
-0.499670 -4.012571 -4.880872 -1.010274 -3.045757 = -0.00000061 @ 398955 118820
-0.499703 -4.012546 -4.880910 -1.010246 -3.045736 = -0.00000064 @ 398452 118696
-0.499660 -4.012587 -4.880912 -1.010218 -3.045735 = -0.00000064 @ 392819 117253
-0.499703 -4.012613 -4.880871 -1.010274 -3.045694 = -0.00000065 @ 394167 117593
-0.499703 -4.012613 -4.880871 -1.010274 -3.045694 = -0.00000065 @ 398667 118749
-2.184989 1.687039 0.587844 2.757342 -2.859074 = -0.00000071 @ 399061 118848
-3.395142 -3.317324 2.346839 2.062932 4.371517 = -0.00000074 @ 398224 118637
-3.395133 -3.317330 2.346844 2.062925 4.371511 = -0.00000075 @ 399164 118874
-3.395142 -3.317325 2.346839 2.062932 4.371517 = -0.00000075 @ 399917 119062
-3.395084 -3.317326 2.346840 2.062932 4.371517 = -0.00000076 @ 399453 118945
-0.499703 -4.012560 -4.880872 -1.010218 -3.045735 = -0.00000076 @ 392024 117057
-3.395142 -3.317326 2.346839 2.062932 4.371517 = -0.00000077 @ 392644 117209
-3.395142 -3.317326 2.346839 2.062932 4.371517 = -0.00000077 @ 399091 118855
-3.395142 -3.317326 2.346839 2.062932 4.371517 = -0.00000077 @ 396485 118182
-3.395142 -3.317326 2.346840 2.062932 4.371517 = -0.00000077 @ 398818 118786
-0.499669 -4.012551 -4.880918 -1.010274 -3.045740 = -0.00000080 @ 398741 118767
-3.395142 -3.317324 2.346848 2.062932 4.371517 = -0.00000081 @ 393101 117323
-2.184989 1.687034 0.587843 2.757352 -2.859079 = -0.00000082 @ 398041 118589
-0.499669 -4.012560 -4.880912 -1.010218 -3.045740 = -0.00000082 @ 396297 118132
-0.499660 -4.012611 -4.880872 -1.010250 -3.045694 = -0.00000083 @ 383544 114921
-0.499703 -4.012560 -4.880910 -1.010218 -3.045703 = -0.00000089 @ 399844 119043
-0.499703 -4.012560 -4.880912 -1.010218 -3.045703 = -0.00000090 @ 399108 118860
-0.499698 -4.012561 -4.880912 -1.010218 -3.045693 = -0.00000104 @ 399750 119019
-0.499698 -4.012560 -4.880912 -1.010218 -3.045693 = -0.00000105 @ 396637 118221
-0.499673 -4.012560 -4.880912 -1.010218 -3.045772 = -0.00000106 @ 391926 117033
-0.499703 -4.012560 -4.880912 -1.010218 -3.045693 = -0.00000107 @ 389310 116378
-0.499703 -4.012560 -4.880912 -1.010218 -3.045692 = -0.00000107 @ 382967 114770
-0.499693 -4.012560 -4.880912 -1.010218 -3.045692 = -0.00000107 @ 399503 118958
-0.499703 -4.012560 -4.880912 -1.010218 -3.045692 = -0.00000107 @ 385668 115460
-0.499703 -4.012560 -4.880912 -1.010218 -3.045692 = -0.00000108 @ 393788 117494
-2.184990 1.687034 0.587843 2.757329 -2.859075 = -0.00000129 @ 378320 113582
-3.395150 -3.317330 2.346844 2.062925 4.371511 = -0.00000131 @ 387073 115815
-3.395150 -3.317330 2.346843 2.062925 4.371511 = -0.00000132 @ 394066 117566
-0.499693 -4.012613 -4.880974 -1.010263 -3.045692 = -0.00000179 @ 396787 118259
-0.499693 -4.012613 -4.880974 -1.010274 -3.045692 = -0.00000185 @ 394904 117777
-2.184972 1.687057 0.587878 2.757312 -2.859079 = -0.00000198 @ 399752 119019
-2.184972 1.687071 0.587853 2.757312 -2.859079 = -0.00000212 @ 382498 114649
-2.184971 1.687071 0.587853 2.757312 -2.859079 = -0.00000213 @ 383570 114928
-3.395150 -3.317330 2.346844 2.062895 4.371511 = -0.00000244 @ 398435 118691
-0.499660 -4.012587 -4.880912 -1.010142 -3.045735 = -0.00000317 @ 396626 118218
-3.395117 -3.317326 2.346839 2.062932 4.371592 = -0.00000368 @ 395487 117929
-3.395117 -3.317326 2.346847 2.063026 4.371517 = -0.00000413 @ 395101 117828
-2.185001 1.687014 0.587922 2.757346 -2.859079 = -0.00000506 @ 368963 111203
-0.499788 -4.012561 -4.880918 -1.010183 -3.045855 = -0.00000657 @ 394986 117799
-0.499693 -4.012485 -4.880986 -1.010116 -3.045692 = -0.00000920 @ 399173 118876
-0.499669 -4.012560 -4.880872 -1.010274 -3.045949 = -0.00001066 @ 394262 117617
-0.499673 -4.012560 -4.880986 -1.010052 -3.045772 = -0.00001152 @ 374728 112672
-2.184989 1.687039 0.587839 2.757241 -2.859074 = -0.00001226 @ 393616 117451
-0.499698 -4.012651 -4.880632 -1.010218 -3.045693 = -0.00001665 @ 399008 118834
-3.395051 -3.317264 2.346928 2.063015 4.371637 = -0.00001946 @ 390310 116627
-3.395117 -3.317198 2.346633 2.062908 4.371517 = -0.00003067 @ 397684 118490
-3.395117 -3.317198 2.346633 2.062986 4.371517 = -0.00003096 @ 362594 109553
-0.499669 -4.012741 -4.880760 -1.010163 -3.046040 = -0.00003106 @ 395704 117984
-0.499309 -4.012613 -4.880974 -1.010274 -3.045692 = -0.00003468 @ 394111 117577
-0.499703 -4.012990 -4.880982 -1.010291 -3.045692 = -0.00003611 @ 390218 116604
-3.395142 -3.317040 2.346848 2.062993 4.371517 = -0.00004233 @ 398396 118680
-0.499669 -4.012560 -4.880975 -1.010692 -3.045740 = -0.00004352 @ 394130 117582
-0.499669 -4.012560 -4.880979 -1.010692 -3.045740 = -0.00004368 @ 397651 118478
-3.395015 -3.317368 2.347085 2.062933 4.371644 = -0.00005213 @ 367237 110762
-2.184989 1.687243 0.587695 2.757341 -2.859074 = -0.00005905 @ 385196 115338
-0.499702 -4.012557 -4.881418 -1.010218 -3.045692 = -0.00006043 @ 380826 114225
-0.499669 -4.012560 -4.880406 -1.010077 -3.045692 = -0.00006063 @ 399897 119057
-0.499702 -4.012557 -4.881418 -1.010159 -3.045692 = -0.00006215 @ 396266 118124
-0.499703 -4.012613 -4.880613 -1.010163 -3.046231 = -0.00007348 @ 397547 118446
-0.499821 -4.012779 -4.880368 -1.010089 -3.045692 = -0.00007856 @ 386869 115765
-0.499701 -4.012419 -4.880907 -1.010270 -3.046316 = -0.00008111 @ 396962 118303
-0.499701 -4.012419 -4.880865 -1.010270 -3.046316 = -0.00008130 @ 399148 118870
-2.185001 1.687057 0.587874 2.757671 -2.859079 = -0.00009408 @ 391560 116943
-0.499089 -4.012427 -4.881011 -1.010333 -3.045450 = -0.00010931 @ 399830 119039
-0.499089 -4.012427 -4.881011 -1.010333 -3.045450 = -0.00010932 @ 398451 118695
-0.499268 -4.012614 -4.880969 -1.010409 -3.046321 = -0.00012194 @ 361909 109375
-0.499693 -4.012560 -4.880861 -1.009427 -3.045692 = -0.00015181 @ 399088 118854
-0.499693 -4.012560 -4.880861 -1.009427 -3.045692 = -0.00015181 @ 397885 118547
-0.499693 -4.012560 -4.880963 -1.009427 -3.045692 = -0.00015226 @ 387420 115904
-0.499693 -4.012560 -4.880963 -1.009427 -3.045692 = -0.00015226 @ 391863 117017
-0.499660 -4.012587 -4.880018 -1.010218 -3.045735 = -0.00016942 @ 399282 118904
-0.499600 -4.012090 -4.881056 -1.010716 -3.045206 = -0.00017192 @ 380129 114048
-0.499703 -4.012613 -4.880904 -1.010350 -3.046648 = -0.00018462 @ 396611 118214
-0.499703 -4.012989 -4.880963 -1.009427 -3.045694 = -0.00018574 @ 388263 116112
-0.499703 -4.012613 -4.880608 -1.010163 -3.046648 = -0.00020236 @ 393734 117480
-0.499693 -4.012560 -4.879939 -1.010409 -3.045692 = -0.00020608 @ 382608 114678
-0.499703 -4.012613 -4.881892 -1.010250 -3.045694 = -0.00021683 @ 398619 118737
-0.499693 -4.012858 -4.880406 -1.009427 -3.045692 = -0.00021807 @ 396729 118245
-0.500180 -4.012605 -4.881792 -1.010249 -3.045696 = -0.00022686 @ 395054 117817
-2.184971 1.687057 0.587878 2.757351 -2.859594 = -0.00025530 @ 394046 117560
-0.500737 -4.012617 -4.880867 -1.010245 -3.045329 = -0.00027353 @ 396918 118292
-0.499603 -4.011693 -4.880912 -1.010632 -3.046306 = -0.00028362 @ 393069 117315
-0.499951 -4.012560 -4.879975 -1.010913 -3.045778 = -0.00029443 @ 394697 117725
-0.499543 -4.012091 -4.881485 -1.010204 -3.046604 = -0.00030521 @ 396338 118143
-0.499670 -4.013095 -4.880982 -1.010474 -3.046810 = -0.00031911 @ 398744 118768
-0.499181 -4.012636 -4.881010 -1.010343 -3.046819 = -0.00032039 @ 391717 116982
-0.500232 -4.012472 -4.880872 -1.010274 -3.044607 = -0.00034501 @ 392150 117088
-2.184407 1.687126 0.588092 2.757307 -2.859079 = -0.00036442 @ 385988 115542
-2.185060 1.687312 0.587677 2.757717 -2.859483 = -0.00037746 @ 366852 110661
-0.500963 -4.012557 -4.880817 -1.010218 -3.046127 = -0.00038507 @ 399931 119065
-0.500963 -4.012557 -4.880817 -1.010218 -3.046127 = -0.00038507 @ 395872 118025
-0.500963 -4.012557 -4.880817 -1.010218 -3.046127 = -0.00038507 @ 395559 117948
-0.498443 -4.012557 -4.881418 -1.010218 -3.046240 = -0.00046007 @ 393928 117530
-0.498443 -4.012557 -4.881056 -1.010716 -3.046386 = -0.00049004 @ 392889 117270
-2.185060 1.687312 0.587415 2.757717 -2.859483 = -0.00053453 @ 397834 118533
-0.499703 -4.012560 -4.879331 -1.010789 -3.045692 = -0.00059557 @ 399680 119001
-0.499669 -4.011561 -4.879331 -1.010789 -3.045740 = -0.00083190 @ 392189 117097
-2.185051 1.687037 0.587161 2.758029 -2.859080 = -0.00087657 @ 382851 114742
-0.500333 -4.012560 -4.880975 -1.010274 -3.043818 = -0.00088983 @ 381130 114305
-0.500333 -4.012990 -4.880982 -1.010291 -3.043818 = -0.00092288 @ 393663 117462
-0.499379 -4.013288 -4.881011 -1.010335 -3.047660 = -0.00094345 @ 394124 117581
-0.499379 -4.013288 -4.881011 -1.010335 -3.047660 = -0.00094360 @ 399726 119013
-0.499660 -4.014711 -4.880872 -1.010216 -3.045694 = -0.00097687 @ 399924 119064
-0.499660 -4.014712 -4.880872 -1.010216 -3.045694 = -0.00097698 @ 386299 115621
-0.499693 -4.014712 -4.880872 -1.010216 -3.045692 = -0.00097757 @ 394382 117647
-0.499703 -4.014712 -4.880872 -1.010218 -3.045693 = -0.00097786 @ 399694 119005
-0.499866 -4.014811 -4.880970 -1.010400 -3.046205 = -0.00112462 @ 391473 116920
-0.499866 -4.014811 -4.880970 -1.010400 -3.046215 = -0.00112665 @ 397795 118521
-0.499469 -4.014811 -4.880970 -1.010400 -3.046205 = -0.00113276 @ 395710 117985
-0.499669 -4.014910 -4.880968 -1.010274 -3.045740 = -0.00116707 @ 386194 115594
-0.499733 -4.012560 -4.880912 -1.007949 -3.045450 = -0.00118094 @ 396383 118154
-0.499703 -4.012560 -4.880912 -1.012712 -3.045693 = -0.00131184 @ 386125 115577
-0.499309 -4.012613 -4.880974 -1.007814 -3.045692 = -0.00134098 @ 395469 117925
-0.499309 -4.012613 -4.880974 -1.007814 -3.045692 = -0.00134098 @ 399962 119074
-3.395443 -3.317264 2.346803 2.062424 4.372960 = -0.00139705 @ 387085 115818
-3.395443 -3.317264 2.346803 2.062423 4.372960 = -0.00139721 @ 399788 119028
-0.499703 -4.012560 -4.880912 -1.013017 -3.045694 = -0.00165588 @ 397952 118565
-0.496910 -4.012560 -4.880912 -1.010218 -3.045692 = -0.00170291 @ 394694 117724
-0.496910 -4.012560 -4.880912 -1.010218 -3.045692 = -0.00170291 @ 388896 116273
-0.496910 -4.012560 -4.880912 -1.010218 -3.045692 = -0.00170291 @ 399956 119072
-0.499734 -4.012651 -4.880632 -1.012688 -3.047235 = -0.00179145 @ 395077 117823
-0.498724 -4.012510 -4.882242 -1.007949 -3.045399 = -0.00180883 @ 399188 118880
-0.498233 -4.013713 -4.878968 -1.010548 -3.048316 = -0.00302009 @ 399984 119079
-0.499603 -4.012560 -4.884666 -1.010446 -3.045604 = -0.00312762 @ 392587 117196
-0.503004 -4.010248 -4.881045 -1.009912 -3.046738 = -0.00380451 @ 382539 114660
-2.186986 1.687312 0.587677 2.757717 -2.859483 = -0.00404035 @ 397763 118513
-0.503923 -4.012560 -4.880608 -1.008718 -3.045695 = -0.00439824 @ 397658 118480
-0.500184 -4.012267 -4.880608 -1.010834 -3.050212 = -0.00452364 @ 395160 117844
-3.395051 -3.320167 2.346881 2.062925 4.371637 = -0.00462076 @ 376924 113227
-0.499798 -4.014895 -4.880966 -1.006223 -3.046104 = -0.00474560 @ 399903 119058
-0.499798 -4.014895 -4.880966 -1.006223 -3.046104 = -0.00474560 @ 396984 118308
-0.500184 -4.011493 -4.881589 -1.010834 -3.050212 = -0.00484721 @ 390944 116784
-0.500184 -4.010978 -4.881589 -1.010834 -3.050212 = -0.00517340 @ 394998 117802
-2.185000 1.687033 0.587843 2.760001 -2.859079 = -0.00642323 @ 383509 114912
-0.496520 -4.008586 -4.878529 -1.010218 -3.045692 = -0.00692820 @ 399795 119030
-3.395443 -3.317264 2.346803 2.066388 4.372960 = -0.00792845 @ 380908 114247
-0.499669 -4.011509 -4.880018 -1.010218 -3.039873 = -0.00801658 @ 399680 119001
-0.499669 -4.011509 -4.880018 -1.010218 -3.039872 = -0.00801948 @ 399914 119061
-0.499693 -4.012560 -4.879939 -1.016630 -3.045692 = -0.00904635 @ 385586 115439
-0.499291 -4.012560 -4.880336 -1.003853 -3.045845 = -0.00911258 @ 391895 117025
-0.500333 -4.006432 -4.880982 -1.010291 -3.043818 = -0.00923024 @ 391486 116923
-0.499276 -4.014610 -4.881016 -1.010822 -3.052400 = -0.01053872 @ 396907 118289
-0.499669 -4.012990 -4.878786 -1.003045 -3.046648 = -0.01254669 @ 399970 119076
-0.499599 -4.012425 -4.873322 -1.009001 -3.045743 = -0.01277415 @ 393710 117474
-2.184972 1.687071 0.591653 2.757312 -2.859079 = -0.01289608 @ 391145 116834
-0.499625 -4.012990 -4.878786 -1.003045 -3.047675 = -0.01313894 @ 398587 118729
-0.499669 -4.012990 -4.878786 -1.003045 -3.047675 = -0.01314041 @ 381245 114334
-0.500253 -4.011516 -4.880802 -1.010785 -3.053771 = -0.01452617 @ 391551 116940
-2.184972 1.688780 0.591653 2.757312 -2.859079 = -0.01581417 @ 395293 117879
-2.185001 1.687057 0.583678 2.756743 -2.859079 = -0.01601692 @ 389664 116468
-0.496520 -4.008586 -4.880912 -1.000668 -3.046040 = -0.02596170 @ 397523 118441
-0.496520 -4.023128 -4.878526 -1.010789 -3.046040 = -0.02737776 @ 399891 119055
-0.499669 -4.013049 -4.879175 -1.010218 -3.034593 = -0.02778835 @ 399809 119034
-0.511901 -4.012647 -4.881511 -1.012194 -3.044313 = -0.03394650 @ 396647 118224
-0.512328 -4.012564 -4.881212 -1.010876 -3.045696 = -0.03502201 @ 399711 119009
-0.486985 -4.012608 -4.880358 -1.011343 -3.043569 = -0.03728138 @ 398535 118716
-0.513614 -4.012560 -4.881905 -1.010409 -3.045693 = -0.04235126 @ 388856 116263
-0.498271 -4.011150 -4.880802 -1.010785 -3.059827 = -0.04486512 @ 391077 116816
-0.499049 -4.011227 -4.880964 -1.026353 -3.045421 = -0.05619235 @ 399934 119066
-2.185001 1.687057 0.587878 2.748878 -2.859079 = -0.06442374 @ 386451 115662
-0.502523 -4.030790 -4.880918 -1.010183 -3.045450 = -0.07309905 @ 397801 118524
-0.481513 -4.016445 -4.880815 -1.010271 -3.045968 = -0.07431252 @ 399995 119082
-0.499703 -4.031233 -4.880972 -1.010163 -3.046231 = -0.07530755 @ 399472 118950
-0.499703 -4.010248 -4.881045 -0.991479 -3.045693 = -0.07720284 @ 399492 118955
-0.499703 -4.014712 -4.880872 -0.991479 -3.045693 = -0.07751654 @ 395229 117862
-0.499703 -4.014712 -4.880869 -0.991479 -3.045693 = -0.07751672 @ 399890 119055
-0.496254 -4.014712 -4.880872 -0.991479 -3.047660 = -0.08251603 @ 394141 117585
-0.496254 -4.014712 -4.880872 -0.991479 -3.047660 = -0.08251603 @ 399668 118998
-0.496254 -4.014711 -4.880872 -0.991479 -3.047660 = -0.08251968 @ 399807 119033
-0.477565 -4.012466 -4.881801 -1.009679 -3.045419 = -0.10454736 @ 392497 117172
-0.477565 -4.010316 -4.880974 -1.009679 -3.045419 = -0.10615917 @ 399498 118957
-0.499309 -4.036156 -4.881170 -1.013256 -3.047179 = -0.12103542 @ 399879 119052
-0.502437 -4.036156 -4.881170 -1.010036 -3.047202 = -0.12203600 @ 399468 118949
-3.395015 -3.316699 2.347069 2.062926 4.356593 = -0.12573525 @ 398919 118811
-3.395015 -3.316699 2.347069 2.062926 4.356392 = -0.12917678 @ 394132 117583
-0.499599 -4.013288 -4.855516 -1.010446 -3.045604 = -0.13637120 @ 399938 119067
-0.499602 -4.012560 -4.855516 -1.010446 -3.045604 = -0.13664760 @ 399856 119046
-0.499603 -4.012560 -4.855516 -1.010446 -3.045604 = -0.13665336 @ 394602 117701
-2.186090 1.686108 0.587842 2.770782 -2.859079 = -0.15722255 @ 397787 118519
-2.186090 1.686108 0.587842 2.770796 -2.859079 = -0.15755256 @ 391472 116920
-2.186285 1.686108 0.587843 2.770796 -2.859329 = -0.15809369 @ 398565 118723
-2.198357 1.687126 0.587922 2.757341 -2.859079 = -0.16346472 @ 359775 108819
-2.198357 1.687126 0.587922 2.757341 -2.858584 = -0.16415559 @ 393940 117533
-0.499669 -4.012560 -4.880978 -1.010274 -3.074690 = -0.18230529 @ 399907 119059
-0.499669 -4.012560 -4.880978 -1.010077 -3.074690 = -0.18257887 @ 399058 118847
-0.499669 -4.012613 -4.880871 -1.010077 -3.074690 = -0.18285050 @ 399334 118917
-0.499169 -4.012562 -4.880978 -1.010077 -3.074690 = -0.18303115 @ 397109 118340
-0.499447 -4.046251 -4.880986 -1.010052 -3.045851 = -0.23754465 @ 399460 118947
-0.536115 -4.012536 -4.880162 -1.014132 -3.045740 = -0.27670537 @ 399711 119009
-0.499068 -4.010587 -4.881055 -1.009430 -3.085536 = -0.34210872 @ 394769 117743
-0.499271 -4.011041 -4.880603 -1.010071 -3.087421 = -0.37112602 @ 399776 119025
-0.499396 -4.012623 -4.880911 -1.010303 -3.088072 = -0.38067298 @ 399591 118979
-0.499636 -3.978000 -4.881540 -1.037139 -3.046778 = -0.42692388 @ 399901 119058
-0.455573 -4.012614 -4.880969 -1.010409 -3.045799 = -0.43929619 @ 399562 118972
-2.184989 1.682411 0.610318 2.757341 -2.859074 = -0.44290422 @ 399165 118874
-0.499703 -4.058611 -4.880546 -1.001656 -3.045692 = -0.46120094 @ 390414 116652
-0.548740 -4.012541 -4.880462 -1.010296 -3.045743 = -0.49319298 @ 399194 118881
-0.548740 -4.012560 -4.880452 -1.010274 -3.045740 = -0.49319797 @ 399862 119047
-0.548740 -4.012560 -4.880452 -1.010274 -3.045740 = -0.49320246 @ 398902 118808
-0.548740 -4.012541 -4.880452 -1.010296 -3.045743 = -0.49322363 @ 398324 118662
-0.548740 -4.012539 -4.880817 -1.010296 -3.045743 = -0.49441512 @ 398819 118787
-0.548740 -4.012539 -4.880462 -1.014790 -3.045743 = -0.50017448 @ 399470 118950
-0.496519 -4.011183 -4.933176 -1.008872 -3.046053 = -0.60859391 @ 398368 118673
-0.548740 -4.036156 -4.881170 -1.013256 -3.047210 = -0.60960148 @ 399969 119075
-0.555282 -4.012297 -4.880462 -1.010301 -3.043428 = -0.64043466 @ 399528 118963
-0.555927 -4.012557 -4.880986 -1.010052 -3.045744 = -0.64960936 @ 398927 118814
-0.555927 -4.012543 -4.880450 -1.010342 -3.045744 = -0.65046090 @ 398628 118739
-0.556173 -4.012546 -4.880544 -1.010279 -3.045787 = -0.65550009 @ 399252 118897
-0.483459 -4.012561 -4.880918 -1.010183 -2.990034 = -0.77025900 @ 398857 118796
-0.499187 -4.014712 -4.880872 -0.948402 -3.045692 = -0.79994190 @ 397996 118577
-0.496520 -4.012420 -4.941480 -1.007904 -3.046040 = -0.81579831 @ 397458 118424
-0.496506 -4.012420 -4.941480 -1.007904 -3.046040 = -0.81604775 @ 397873 118544
-0.497214 -4.012420 -4.941480 -1.007904 -3.045700 = -0.81862208 @ 398272 118649
-0.497651 -4.011994 -4.943523 -1.007692 -3.045384 = -0.87047691 @ 399984 119079
-0.499058 -4.014696 -4.881374 -0.944201 -3.045640 = -0.89478389 @ 399684 119002
-0.502437 -4.036156 -4.941480 -1.007904 -3.047202 = -0.90387220 @ 399664 118998
-0.499187 -4.014712 -4.881344 -0.942829 -3.045687 = -0.92374478 @ 399306 118910
-0.500001 -4.012557 -4.881418 -0.942829 -3.045383 = -0.92398366 @ 399898 119057
-0.500001 -4.012557 -4.881418 -0.942829 -3.045383 = -0.92399734 @ 397887 118548
-0.500001 -4.012557 -4.881418 -0.942829 -3.046235 = -0.92469119 @ 397883 118547
-0.499187 -4.014712 -4.881418 -0.942829 -3.045692 = -0.92526486 @ 399068 118850
-0.500001 -4.011509 -4.879331 -0.942829 -3.046235 = -0.94060616 @ 399549 118969
-0.500001 -4.011509 -4.879331 -0.942829 -3.046235 = -0.94060630 @ 399877 119052
-0.499447 -4.046251 -4.880872 -0.948402 -3.045864 = -0.98240031 @ 399068 118850
-0.499187 -4.036156 -4.881079 -0.942829 -3.045687 = -1.02398076 @ 399620 118986
-0.502886 -4.024917 -4.880653 -1.011990 -2.966838 = -1.44263086 @ 399100 118858
-0.496520 -4.023128 -4.794375 -1.007904 -3.046040 = -1.52563876 @ 399138 118867
-0.498724 -4.023178 -4.794375 -1.007949 -3.045700 = -1.53188475 @ 398702 118757
-0.498724 -4.023178 -4.794375 -1.007949 -3.045701 = -1.53191470 @ 399760 119021
-0.497214 -4.023178 -4.794375 -1.011554 -3.045700 = -1.54184889 @ 397541 118445
-0.499866 -4.014811 -4.963787 -1.010400 -3.046215 = -1.56827292 @ 398844 118793
-0.496910 -4.102402 -4.880452 -1.010274 -3.045740 = -1.65442677 @ 398888 118803
-0.499703 -4.012613 -4.880246 -1.103397 -3.045692 = -1.87332860 @ 397898 118551
-1.638687 3.658931 -4.855521 -4.242213 3.679688 = -2.18460621 @ 395571 117951
-1.638687 3.658931 -4.855521 -4.242213 3.679688 = -2.18460621 @ 399774 119025
-1.638687 3.658931 -4.855521 -4.242213 3.679688 = -2.18461304 @ 391537 116936
-1.638688 3.658931 -4.855517 -4.242214 3.679690 = -2.18468831 @ 386781 115743
-1.638692 3.658931 -4.855516 -4.242212 3.679690 = -2.18472704 @ 381475 114391
-1.638692 3.658931 -4.855516 -4.242212 3.679690 = -2.18473014 @ 396332 118142
-1.638692 3.658931 -4.855516 -4.242212 3.679690 = -2.18473375 @ 380628 114172
-1.638693 3.658931 -4.855516 -4.242212 3.679690 = -2.18474685 @ 396506 118187
-1.638693 3.658931 -4.855516 -4.242212 3.679690 = -2.18476305 @ 377332 113334
-1.638689 3.658931 -4.855517 -4.242214 3.679690 = -2.18482301 @ 392408 117151
-1.638689 3.658931 -4.855517 -4.242214 3.679690 = -2.18483412 @ 399230 118891
-1.638689 3.658931 -4.855517 -4.242214 3.679690 = -2.18486008 @ 385728 115475
-1.638694 3.658931 -4.855515 -4.242213 3.679690 = -2.18495734 @ 396663 118228
-1.638688 3.658929 -4.855516 -4.242212 3.679687 = -2.18498004 @ 388242 116107
-1.638681 3.658931 -4.855517 -4.242214 3.679691 = -2.18501557 @ 399532 118964
-1.638681 3.658931 -4.855517 -4.242214 3.679691 = -2.18501558 @ 387205 115850
-1.638681 3.658931 -4.855517 -4.242214 3.679691 = -2.18502528 @ 385841 115504
-1.638688 3.658929 -4.855516 -4.242212 3.679687 = -2.18504332 @ 388063 116063
-1.638681 3.658931 -4.855519 -4.242214 3.679691 = -2.18504631 @ 396470 118178
-1.638626 3.658978 -4.855514 -4.242199 3.679688 = -2.18511784 @ 383893 115013
-1.638626 3.658978 -4.855514 -4.242199 3.679688 = -2.18512125 @ 388220 116101
-1.638689 3.658929 -4.855516 -4.242214 3.679690 = -2.18513286 @ 389497 116426
-1.638626 3.658978 -4.855515 -4.242199 3.679688 = -2.18517027 @ 383712 114966
-1.638626 3.658978 -4.855515 -4.242199 3.679688 = -2.18517359 @ 395284 117877
-1.638689 3.658924 -4.855516 -4.242212 3.679690 = -2.18518462 @ 377260 113315
-1.638689 3.658924 -4.855516 -4.242212 3.679690 = -2.18519078 @ 393523 117428
-1.638681 3.658931 -4.855518 -4.242214 3.679690 = -2.18521937 @ 398975 118825
-1.638681 3.658931 -4.855517 -4.242214 3.679690 = -2.18527282 @ 394451 117664
-1.638686 3.658929 -4.855516 -4.242212 3.679687 = -2.18539638 @ 374659 112653
-1.638681 3.658931 -4.855507 -4.242214 3.679690 = -2.18667150 @ 395560 117948
-1.638442 3.658729 -4.855655 -4.242494 3.679565 = -2.18853118 @ 394270 117619
-1.638442 3.658729 -4.855728 -4.242425 3.679565 = -2.18875711 @ 393953 117536
-1.638442 3.658729 -4.855655 -4.242425 3.679565 = -2.19005640 @ 374636 112648
-1.638442 3.658729 -4.855655 -4.242425 3.679565 = -2.19006159 @ 398880 118801
-1.638442 3.658729 -4.855655 -4.242425 3.679565 = -2.19006167 @ 393419 117402
-1.638442 3.658729 -4.855656 -4.242425 3.679565 = -2.19030368 @ 399125 118864
-1.638693 3.658931 -4.855381 -4.242212 3.679690 = -2.19618819 @ 398534 118716
-1.638978 3.659103 -4.855646 -4.242150 3.679674 = -2.20719402 @ 361525 109271
-0.499876 -3.909617 -4.880961 -1.010285 -3.045804 = -2.46959275 @ 397319 118390
-0.499876 -3.909617 -4.880961 -1.010289 -3.045804 = -2.46962552 @ 398964 118823
-0.499876 -3.909617 -4.880961 -1.010289 -3.045804 = -2.46963019 @ 399919 119062
-0.499703 -3.909617 -4.881011 -1.010335 -3.045692 = -2.47647318 @ 399023 118838
-0.396589 -3.986624 -4.881306 -1.012514 -3.046719 = -2.51235986 @ 398538 118717
-1.638442 3.658729 -4.858316 -4.242424 3.679765 = -2.51429440 @ 390002 116551
-0.499693 -4.012613 -4.993676 -1.010263 -3.045692 = -2.82717213 @ 399850 119044
-3.395149 -3.318293 2.346724 2.062986 4.293442 = -3.42822628 @ 385783 115489
-3.395149 -3.317307 2.346724 2.062932 4.293442 = -3.43075163 @ 399709 119008
-0.499586 -4.013288 -4.881011 -1.135389 -3.047848 = -3.54431862 @ 399141 118868
-0.499586 -4.013288 -4.881011 -1.135389 -3.047842 = -3.54476301 @ 399749 119018
-0.499599 -4.013288 -4.881011 -1.135389 -3.047849 = -3.54528147 @ 399705 119007
-0.499599 -4.013288 -4.881011 -1.135389 -3.047848 = -3.54531622 @ 397681 118490
-0.499599 -4.013288 -4.881011 -1.135389 -3.047848 = -3.54531622 @ 399539 118966
-0.499599 -4.013288 -4.881011 -1.135389 -3.047849 = -3.54535700 @ 399945 119069
-0.499599 -4.013288 -4.881011 -1.135389 -3.047848 = -3.54538554 @ 399184 118879
-0.499701 -4.012419 -4.881011 -1.135389 -3.046316 = -3.57527173 @ 399905 119059
-1.459630 3.893358 -4.963787 -4.271594 3.624960 = -4.76796515 @ 399022 118837
-1.459630 3.893358 -4.963787 -4.271594 3.624960 = -4.76807849 @ 397835 118534
-1.459630 3.893358 -4.963787 -4.271594 3.624898 = -4.76808639 @ 397158 118351
-1.459630 3.893358 -4.963787 -4.271594 3.624898 = -4.76812849 @ 392884 117269
-1.459630 3.893358 -4.963787 -4.271594 3.624898 = -4.76812849 @ 398861 118797
-1.459630 3.893358 -4.963787 -4.271594 3.624898 = -4.76821097 @ 395420 117912
-1.459630 3.893358 -4.963787 -4.271594 3.624898 = -4.76821236 @ 390660 116712
-1.459630 3.893358 -4.963787 -4.271593 3.624898 = -4.76925750 @ 357230 108147
-1.459630 3.893360 -4.963787 -4.271593 3.624898 = -4.76930371 @ 397338 118395
-1.459630 3.893360 -4.963787 -4.271593 3.624898 = -4.76930463 @ 372562 112118
-1.459630 3.893358 -4.963787 -4.271593 3.624898 = -4.76936979 @ 399887 119054
-1.459630 3.893358 -4.963787 -4.271593 3.624898 = -4.76936981 @ 399997 119082
-1.459630 3.893358 -4.963787 -4.271594 3.624991 = -4.77208252 @ 395166 117846
-1.459630 3.893358 -4.963787 -4.271446 3.624898 = -4.77866408 @ 399096 118857
-1.459630 3.893358 -4.963787 -4.271781 3.624898 = -4.77871932 @ 394919 117781
-1.459684 3.893358 -4.963787 -4.271388 3.624995 = -4.78880182 @ 397676 118487
-1.459684 3.893358 -4.963787 -4.271388 3.624995 = -4.78884356 @ 398054 118594
-1.459684 3.893358 -4.963787 -4.271388 3.624898 = -4.78935030 @ 396479 118180
-1.459684 3.893358 -4.963787 -4.271388 3.625002 = -4.78995345 @ 398671 118750
-1.456125 3.893406 -4.963787 -4.271594 3.624898 = -4.82969955 @ 394829 117758
-1.456125 3.893406 -4.963763 -4.271594 3.624898 = -4.83826462 @ 398724 118763
-1.459630 3.893358 -4.963788 -4.270683 3.624960 = -4.84253397 @ 399986 119080
-1.310809 3.604889 -5.000000 -4.186193 3.661594 = -4.88288330 @ 399886 119054
-1.310809 3.604889 -5.000000 -4.186193 3.661594 = -4.88314926 @ 398793 118779
-1.310809 3.604889 -5.000000 -4.186193 3.661594 = -4.88314926 @ 399057 118846
-1.310809 3.604889 -5.000000 -4.186193 3.661594 = -4.88314926 @ 399477 118952
-1.310809 3.604889 -5.000000 -4.186193 3.661594 = -4.88314926 @ 399751 119019
-1.310809 3.604889 -5.000000 -4.186193 3.661594 = -4.88314926 @ 393046 117309
-1.310809 3.604889 -5.000000 -4.186193 3.661594 = -4.88314927 @ 399319 118913
-1.310823 3.604886 -5.000000 -4.186193 3.661578 = -4.88441061 @ 399799 119031
-1.310823 3.604889 -5.000000 -4.186193 3.661578 = -4.88445028 @ 391801 117002
-1.310823 3.604889 -5.000000 -4.186193 3.661579 = -4.88462363 @ 387332 115882
-1.310823 3.604889 -5.000000 -4.186193 3.661579 = -4.88462491 @ 383619 114941
-1.310823 3.604877 -5.000000 -4.186193 3.661597 = -4.88492869 @ 395017 117807
-1.310823 3.604877 -5.000000 -4.186193 3.661597 = -4.88495982 @ 396296 118132
-1.310823 3.604889 -5.000000 -4.186193 3.661579 = -4.88498915 @ 385440 115399
-1.310823 3.604877 -4.999994 -4.186193 3.661597 = -4.88941473 @ 399820 119037
-1.310823 3.604877 -4.999994 -4.186193 3.661597 = -4.88941670 @ 399941 119068
-1.310823 3.604877 -4.999993 -4.186193 3.661597 = -4.88975172 @ 399827 119038
-1.310752 3.604919 -5.000000 -4.186127 3.661574 = -4.90617090 @ 398601 118732
-1.310823 3.604877 -4.999886 -4.186193 3.661597 = -4.92856483 @ 397819 118530
-0.346211 -4.011561 -4.879331 -1.014790 -3.045740 = -5.20810261 @ 399869 119050
-0.655544 -4.012613 -4.880974 -1.002995 -3.044601 = -5.36684068 @ 399697 119005
-0.655544 -4.012613 -4.880975 -1.002995 -3.044607 = -5.36734244 @ 399051 118845
-0.655544 -4.013049 -4.879175 -1.002995 -3.034593 = -5.49929805 @ 399785 119028
-0.346211 -4.014610 -4.881016 -1.010822 -3.019555 = -5.49937191 @ 399880 119052
-0.655544 -4.013049 -4.879175 -1.002995 -3.034593 = -5.49943683 @ 398139 118615
-0.346211 -4.014610 -4.881016 -1.010822 -3.019555 = -5.49944723 @ 399699 119006
-0.346211 -4.012541 -4.880452 -1.014790 -3.019555 = -5.50376489 @ 395409 117910
-0.346211 -4.012539 -4.880462 -1.014790 -3.019555 = -5.50537143 @ 398324 118662
-0.346211 -4.012617 -4.880462 -1.014790 -3.019555 = -5.50547515 @ 399770 119024
-0.346211 -4.012539 -4.880462 -1.010296 -3.019555 = -5.54569903 @ 399470 118950
-0.512445 -4.031233 -4.880972 -1.164689 -3.045693 = -5.66226141 @ 397876 118545
-0.512445 -4.031233 -4.880972 -1.164689 -3.045693 = -5.66227045 @ 399953 119071
-0.512232 -4.031233 -4.880972 -1.164689 -3.045486 = -5.66291958 @ 396805 118264
-0.340938 -4.032271 -4.880968 -1.010220 -3.047160 = -5.70869232 @ 399995 119082
-1.458109 3.719615 -4.594543 -4.331280 3.739783 = -5.86448913 @ 399155 118871
-1.458109 3.719617 -4.594543 -4.331280 3.739783 = -5.86501340 @ 396837 118271
-1.458109 3.719617 -4.594548 -4.331278 3.739783 = -5.86555060 @ 398345 118667
-1.458109 3.719617 -4.594548 -4.331278 3.739783 = -5.86555060 @ 399815 119035
-1.458109 3.719617 -4.594548 -4.331278 3.739783 = -5.86555065 @ 394878 117770
-1.458119 3.719617 -4.594538 -4.331278 3.739783 = -5.86637783 @ 397714 118499
-1.458119 3.719617 -4.594538 -4.331278 3.739783 = -5.86659816 @ 399927 119064
-1.458109 3.719617 -4.594538 -4.331278 3.739783 = -5.86711711 @ 395241 117865
-1.458109 3.719617 -4.594538 -4.331278 3.739783 = -5.86711711 @ 399003 118833
-1.458109 3.719617 -4.594543 -4.331292 3.739783 = -5.86808142 @ 398350 118669
-1.458119 3.719617 -4.594535 -4.331278 3.739783 = -5.86884812 @ 399714 119010
-1.458076 3.719594 -4.594527 -4.331282 3.739783 = -5.87052792 @ 382796 114727
-0.337808 -4.012067 -4.880923 -1.008331 -3.047337 = -5.87203694 @ 399161 118873
-1.458119 3.719617 -4.594538 -4.331278 3.739825 = -5.87251291 @ 398503 118708
-0.337808 -4.012067 -4.880923 -1.008324 -3.047301 = -5.87345073 @ 397444 118421
-0.337808 -4.012064 -4.880923 -1.008324 -3.047301 = -5.87393466 @ 399851 119045
-1.458062 3.719617 -4.594538 -4.331281 3.739783 = -5.87559977 @ 393968 117540
-1.458109 3.719617 -4.594538 -4.331278 3.739702 = -5.87584088 @ 396415 118163
-1.458109 3.719617 -4.594557 -4.331196 3.739783 = -5.88730925 @ 399707 119008
-1.458109 3.719779 -4.594649 -4.331278 3.739748 = -5.88810449 @ 395563 117949
-1.458357 3.719617 -4.594538 -4.331278 3.739783 = -5.89816049 @ 390366 116641
-1.458357 3.719617 -4.594538 -4.331278 3.739783 = -5.89816049 @ 398891 118804
-1.458109 3.719617 -4.594538 -4.331278 3.739961 = -5.91421218 @ 396235 118116
-1.458109 3.719617 -4.594652 -4.331278 3.739106 = -5.93982692 @ 399454 118946
-1.457295 3.719617 -4.594652 -4.331278 3.739106 = -5.97521356 @ 395100 117828
-1.457295 3.719617 -4.594652 -4.331278 3.739106 = -5.97521356 @ 399527 118963
-1.457295 3.719617 -4.594652 -4.331278 3.739106 = -5.97523470 @ 395684 117979
-1.457347 3.719621 -4.594598 -4.331278 3.739166 = -5.98364322 @ 395923 118038
-1.458109 3.719617 -4.594541 -4.331278 3.736255 = -6.16007384 @ 396418 118164
-1.458109 3.719617 -4.594538 -4.331278 3.736255 = -6.16101618 @ 388523 116175
-0.322782 -4.031233 -4.880972 -1.013279 -3.047209 = -6.70355364 @ 399874 119051
-0.322782 -4.031233 -4.880972 -1.013279 -3.047210 = -6.70391190 @ 399873 119051
-0.322782 -4.036156 -4.880912 -1.010218 -3.047179 = -6.71436038 @ 397626 118469
-0.322782 -4.036156 -4.881170 -1.013149 -3.047210 = -6.75574688 @ 399225 118890
-0.322782 -4.031233 -4.880972 -1.013279 -3.045693 = -6.75666889 @ 399960 119073
-0.322782 -4.036156 -4.881170 -1.013256 -3.047210 = -6.76214409 @ 397723 118502
-0.322782 -4.036156 -4.881170 -1.013256 -3.047210 = -6.76214409 @ 399724 119012
-0.322782 -4.036156 -4.881079 -1.013279 -3.047210 = -6.76887612 @ 397826 118531
-0.322782 -4.046251 -4.880452 -1.014790 -3.045864 = -6.80180135 @ 399734 119015
-0.322782 -4.036156 -4.880452 -1.014790 -3.019555 = -6.83038393 @ 399704 119007
-0.322782 -4.014712 -4.881344 -1.013279 -3.047210 = -6.91172056 @ 399855 119046
-0.322782 -4.011952 -4.880912 -1.013130 -3.047210 = -6.91645337 @ 399586 118978
-0.678356 -4.013251 -4.879815 -1.000815 -3.036123 = -7.01076813 @ 397656 118479
-0.678356 -4.011697 -4.880912 -1.000667 -3.036510 = -7.02176764 @ 399806 119033
-0.678356 -4.011697 -4.880912 -1.000671 -3.036510 = -7.02188821 @ 399814 119035
-0.678356 -4.011697 -4.880912 -1.000668 -3.036510 = -7.02196085 @ 398330 118663
-0.678356 -4.011952 -4.880910 -1.000668 -3.036510 = -7.05297637 @ 399180 118878
-0.678350 -4.011952 -4.880912 -1.000668 -3.036510 = -7.05326025 @ 399219 118888
-2.179045 1.685895 0.583678 2.756743 -2.945833 = -7.18841028 @ 362286 109472
-2.179045 1.685895 0.583678 2.756743 -2.945881 = -7.19387148 @ 399947 119069
-2.179045 1.685895 0.583678 2.756743 -2.945881 = -7.19394176 @ 397251 118374
-2.179045 1.685887 0.583678 2.756743 -2.945875 = -7.19456856 @ 399045 118843
-2.179045 1.685895 0.583678 2.756743 -2.945875 = -7.19784760 @ 398484 118703
-0.678356 -4.013251 -4.879815 -1.000815 -3.046386 = -7.22825753 @ 399756 119020
-0.322782 -4.046251 -4.881055 -1.009430 -3.085536 = -7.39594552 @ 399918 119062
-0.678350 -4.036156 -4.881170 -1.000668 -3.036510 = -7.44350677 @ 399586 118978
-2.179045 1.685887 0.587878 2.757353 -2.945875 = -7.66897222 @ 399438 118942
-0.499669 -4.012560 -4.880914 -1.010077 -2.859079 = -7.70375802 @ 399729 119013
-0.499669 -4.012560 -4.880914 -1.010077 -2.859079 = -7.70375802 @ 399968 119075
-0.476466 -4.056474 -4.880612 -0.998883 -3.237074 = -8.44630329 @ 398317 118660
-0.499798 -4.102402 -4.880966 -0.998883 -3.237074 = -9.72157700 @ 399181 118878
-0.499797 -4.102402 -4.880966 -0.998883 -3.237074 = -9.72187587 @ 399801 119032
-0.500444 -3.762151 -4.880942 -1.010162 -3.045341 = -14.47993346 @ 399238 118894
-1.503008 3.558044 -4.993676 -4.240197 4.076616 = -15.73735056 @ 398555 118721
-1.503008 3.558044 -4.993669 -4.240197 4.076608 = -15.74167785 @ 399728 119013
-1.503007 3.558044 -4.993676 -4.240197 4.076608 = -15.74265433 @ 389212 116354
-1.503007 3.558044 -4.993676 -4.240197 4.076608 = -15.74271452 @ 399743 119017
-1.503007 3.558044 -4.993676 -4.240197 4.076608 = -15.74305109 @ 398460 118697
-1.503008 3.558044 -4.993676 -4.240197 4.076608 = -15.74313470 @ 387213 115852
-1.503008 3.558044 -4.993676 -4.240197 4.076608 = -15.74318638 @ 385774 115486
-1.503008 3.558044 -4.993676 -4.240197 4.076608 = -15.74320184 @ 390906 116774
-1.503008 3.558044 -4.993676 -4.240197 4.076608 = -15.74329014 @ 398938 118816
-1.503008 3.558044 -4.993676 -4.240197 4.076609 = -15.74382610 @ 389893 116525
-1.503032 3.558043 -4.993676 -4.240237 4.076605 = -15.74398934 @ 387133 115831
-1.503032 3.558043 -4.993676 -4.240237 4.076605 = -15.74398971 @ 397725 118502
-1.503008 3.558044 -4.993676 -4.240197 4.076609 = -15.74416871 @ 382404 114625
-1.503032 3.558044 -4.993676 -4.240237 4.076605 = -15.74457256 @ 399835 119040
-1.503032 3.558044 -4.993676 -4.240237 4.076605 = -15.74459333 @ 381633 114431
-1.503032 3.558038 -4.993666 -4.240237 4.076655 = -15.74787523 @ 382344 114609
-1.503032 3.558038 -4.993666 -4.240237 4.076655 = -15.74788305 @ 399951 119071
-1.503007 3.558048 -4.993676 -4.240197 4.076608 = -15.75027994 @ 399126 118864
-1.503032 3.558044 -4.993687 -4.240237 4.076655 = -15.75065332 @ 374634 112647
-1.503023 3.558044 -4.993678 -4.240204 4.076659 = -15.75435797 @ 374455 112601
-1.503021 3.558023 -4.993722 -4.240193 4.076674 = -15.76348542 @ 353149 107084
-1.502926 3.558235 -4.994098 -4.240453 4.076360 = -15.78863331 @ 399059 118847
-1.503179 3.558044 -4.993679 -4.240204 4.076649 = -15.79681189 @ 394858 117765
-1.503032 3.558038 -4.993666 -4.241899 4.076655 = -16.14423489 @ 387243 115860
-1.589292 3.604877 -5.000000 -3.971595 3.400871 = -16.28214620 @ 394250 117614
-1.651875 3.300675 -4.770867 -4.145288 3.546373 = -16.29518660 @ 397212 118364
-1.589292 3.614622 -4.997198 -3.974292 3.400871 = -16.42207088 @ 397828 118532
-1.589292 3.614916 -4.997198 -3.974135 3.400871 = -16.43733606 @ 398659 118747
-1.419540 3.532627 -5.000000 -4.581012 3.971312 = -16.72421453 @ 367175 110746
-1.419540 3.532627 -5.000000 -4.581012 3.971312 = -16.72421479 @ 397961 118567
-1.419540 3.532627 -5.000000 -4.581012 3.971312 = -16.72421479 @ 399881 119053
-1.419540 3.532627 -5.000000 -4.581012 3.971312 = -16.72421479 @ 399908 119060
-1.419467 3.532627 -5.000000 -4.581012 3.971312 = -16.72787657 @ 397776 118516
-1.419540 3.532486 -5.000000 -4.581012 3.971394 = -16.78459868 @ 397749 118509
-1.419540 3.532627 -5.000000 -4.581029 3.971394 = -16.78710141 @ 397912 118554
-1.419540 3.532627 -4.999949 -4.581012 3.971560 = -16.82918713 @ 399036 118841
-1.419540 3.532627 -5.000000 -4.581012 3.971560 = -16.82998670 @ 386358 115636
-1.419540 3.532627 -5.000000 -4.581012 3.971560 = -16.83003514 @ 394996 117801
-1.419540 3.532352 -5.000000 -4.581016 3.971560 = -16.84167707 @ 398944 118818
-1.419540 3.532627 -4.999319 -4.581012 3.971560 = -16.85935599 @ 399112 118861
-1.419540 3.532627 -4.999319 -4.581012 3.971560 = -16.85961215 @ 394967 117794
-1.419540 3.533433 -5.000000 -4.581012 3.971560 = -16.93704971 @ 395118 117834
-1.421390 3.529202 -5.000000 -4.581012 3.971560 = -16.98510583 @ 394751 117738
-1.421390 3.532627 -5.000000 -4.581012 3.971560 = -16.98965047 @ 394729 117732
-1.421366 3.529202 -5.000000 -4.581012 3.971560 = -16.99246717 @ 398581 118728
-1.781332 3.489022 -4.999537 -4.653443 3.662392 = -17.49447416 @ 379027 113761
-1.781332 3.489022 -4.999537 -4.653443 3.662392 = -17.49452627 @ 399864 119048
-1.781332 3.489022 -4.999528 -4.653443 3.662392 = -17.49723211 @ 398070 118598
