-1.561478 4.400177 3.285319 -2.132793 -3.675678 2.156226 1.185343 0.074637 -1.570009 2.519435 = -0.00006150 @ 399166 202760
-1.562081 4.400177 3.285319 -2.132793 -3.675955 2.156346 1.185343 0.074637 -1.570009 2.519147 = -0.00007738 @ 395882 201231
-1.561849 4.400151 3.285568 -2.132793 -3.675678 2.156226 1.185343 0.074637 -1.570071 2.519147 = -0.00008715 @ 393182 199959
-1.561849 4.400151 3.285568 -2.132793 -3.675678 2.156226 1.185343 0.074637 -1.570071 2.519147 = -0.00008715 @ 397460 201960
-1.562081 4.400177 3.285319 -2.132793 -3.675739 2.156346 1.185343 0.074637 -1.570009 2.519147 = -0.00010355 @ 389143 198093
-1.562082 4.400177 3.285319 -2.132793 -3.675678 2.156226 1.185343 0.074637 -1.570009 2.519147 = -0.00011551 @ 383289 195333
-1.562082 4.399884 3.284854 -2.132793 -3.675678 2.156226 1.185343 0.074637 -1.570071 2.519147 = -0.00015076 @ 385632 196440
-1.562082 4.400177 3.285791 -2.132793 -3.675678 2.156226 1.185343 0.074637 -1.570009 2.519147 = -0.00015799 @ 376683 192138
-1.562082 4.400177 3.285791 -2.132793 -3.675726 2.156314 1.184878 0.074637 -1.569674 2.519147 = -0.00018626 @ 395791 201186
-1.562082 4.399884 3.284854 -2.132155 -3.675739 2.156346 1.185343 0.074637 -1.570071 2.519147 = -0.00019879 @ 389215 198126
-1.560801 4.400351 3.285354 -2.132848 -3.675678 2.156314 1.184969 0.074819 -1.570505 2.519806 = -0.00028722 @ 399265 202803
-1.560801 4.400351 3.285354 -2.132848 -3.675778 2.156347 1.184759 0.074917 -1.569672 2.519806 = -0.00030810 @ 391956 199391
-1.560801 4.400351 3.285354 -2.132516 -3.675745 2.156347 1.184759 0.074917 -1.569672 2.519806 = -0.00032773 @ 393422 200068
-1.560845 4.400155 3.285319 -2.132155 -3.675354 2.156277 1.185102 0.074883 -1.570592 2.519007 = -0.00035461 @ 395615 201105
-1.561388 4.400114 3.285391 -2.131456 -3.675718 2.156226 1.185343 0.074637 -1.570009 2.519226 = -0.00036291 @ 399452 202894
-1.561388 4.400114 3.285391 -2.131456 -3.676162 2.156347 1.184759 0.074917 -1.569672 2.519226 = -0.00041762 @ 394458 200561
-1.560801 4.400351 3.285354 -2.132848 -3.675778 2.156757 1.185613 0.074709 -1.569198 2.519806 = -0.00042311 @ 386588 196891
-1.562046 4.399556 3.285319 -2.132793 -3.677297 2.155821 1.184905 0.074756 -1.570505 2.519153 = -0.00044407 @ 391400 199129
-1.562046 4.400177 3.285791 -2.132793 -3.677297 2.155821 1.184905 0.074539 -1.570505 2.519153 = -0.00044891 @ 398483 202434
-1.561008 4.399556 3.285319 -2.132793 -3.677297 2.155821 1.184905 0.074756 -1.570505 2.519153 = -0.00046340 @ 397534 201993
-1.561446 4.400177 3.284432 -2.133861 -3.676162 2.156347 1.184759 0.074917 -1.569672 2.519533 = -0.00046842 @ 395416 201007
-1.561849 4.400151 3.285568 -2.134189 -3.675678 2.156226 1.185343 0.074637 -1.570071 2.519147 = -0.00049512 @ 399941 203118
-1.560838 4.400388 3.285319 -2.132793 -3.675757 2.155473 1.185343 0.073429 -1.570009 2.519147 = -0.00056706 @ 398965 202666
-1.562046 4.399556 3.285319 -2.134189 -3.675678 2.156314 1.184969 0.074819 -1.570505 2.519153 = -0.00059487 @ 394632 200644
-1.560845 4.399556 3.285319 -2.132155 -3.675353 2.156315 1.184854 0.074883 -1.571101 2.518796 = -0.00059733 @ 393874 200280
-1.562046 4.399556 3.285126 -2.134189 -3.675678 2.156314 1.184969 0.074819 -1.570505 2.519153 = -0.00060094 @ 397574 202010
-1.561159 4.399384 3.286829 -2.132481 -3.675704 2.156186 1.185026 0.074636 -1.570075 2.519147 = -0.00060212 @ 399986 203142
-1.561852 4.400124 3.285787 -2.132159 -3.676024 2.156008 1.185004 0.074744 -1.569307 2.520414 = -0.00060374 @ 399913 203106
-1.562040 4.398980 3.285402 -2.132268 -3.676307 2.156151 1.185555 0.075605 -1.570744 2.519310 = -0.00060669 @ 396931 201724
-1.562082 4.400186 3.285266 -2.132197 -3.675365 2.155651 1.184854 0.074843 -1.569184 2.518448 = -0.00061706 @ 398472 202429
-1.562082 4.400177 3.285180 -2.132522 -3.675134 2.154970 1.185343 0.074637 -1.570009 2.519147 = -0.00063693 @ 398297 202346
1.758833 1.595964 -4.309358 -2.485541 0.361676 -0.063547 4.342351 1.897547 -2.231720 -2.155757 = -0.00064521 @ 398727 202560
-1.560845 4.399556 3.285319 -2.132155 -3.675353 2.156315 1.184854 0.074883 -1.571101 2.518586 = -0.00064917 @ 380868 194202
-1.559943 4.400082 3.285319 -2.132793 -3.675980 2.156212 1.185653 0.075383 -1.570412 2.519082 = -0.00067011 @ 391094 198984
-1.562046 4.400177 3.286786 -2.132137 -3.675678 2.156226 1.185102 0.075014 -1.570722 2.519147 = -0.00068491 @ 396130 201353
-1.562046 4.400177 3.286786 -2.132137 -3.675678 2.156226 1.185102 0.075014 -1.570722 2.519147 = -0.00068491 @ 392882 199822
1.758833 1.595964 -4.309358 -2.485541 0.361676 -0.063547 4.342417 1.898439 -2.230891 -2.155757 = -0.00069104 @ 397897 202162
1.758833 1.595976 -4.309358 -2.485541 0.361676 -0.063547 4.342417 1.898439 -2.230891 -2.155757 = -0.00069231 @ 399105 202728
-1.562159 4.400233 3.285319 -2.132793 -3.675908 2.156346 1.185343 0.076381 -1.570009 2.518889 = -0.00069360 @ 398918 202644
-1.560845 4.399556 3.285319 -2.132155 -3.675353 2.156315 1.184854 0.073936 -1.571101 2.518586 = -0.00071835 @ 396033 201303
-1.561809 4.400183 3.285892 -2.132457 -3.676231 2.155717 1.185140 0.075215 -1.568652 2.518422 = -0.00071958 @ 391514 199181
-1.562082 4.400177 3.285791 -2.132793 -3.675980 2.156141 1.184270 0.073111 -1.569723 2.519147 = -0.00073800 @ 392750 199762
1.758833 1.595916 -4.309358 -2.485541 0.361662 -0.062815 4.342417 1.898442 -2.230891 -2.155757 = -0.00073982 @ 397363 201915
1.758833 1.595916 -4.309358 -2.485538 0.361676 -0.062815 4.342417 1.898442 -2.230891 -2.155757 = -0.00074185 @ 396368 201464
1.758833 1.595916 -4.309358 -2.485541 0.361676 -0.062815 4.342417 1.898442 -2.230891 -2.155757 = -0.00074233 @ 396836 201678
-1.562082 4.400177 3.285791 -2.132346 -3.675980 2.156141 1.184270 0.073111 -1.569723 2.519147 = -0.00076740 @ 394102 200390
-1.562379 4.400179 3.285319 -2.132793 -3.675908 2.156346 1.185509 0.076381 -1.570009 2.518889 = -0.00076748 @ 399284 202811
1.758833 1.594848 -4.309334 -2.485581 0.361676 -0.063296 4.342417 1.897962 -2.230891 -2.155753 = -0.00078218 @ 397934 202178
1.758833 1.594848 -4.309334 -2.485581 0.361676 -0.063296 4.342417 1.897962 -2.230891 -2.155753 = -0.00078218 @ 395427 201011
-1.562082 4.400177 3.285259 -2.134582 -3.675739 2.156346 1.184738 0.074862 -1.569683 2.519147 = -0.00081338 @ 399523 202924
-1.560845 4.399556 3.285319 -2.133547 -3.675757 2.155473 1.184854 0.073936 -1.571101 2.518586 = -0.00082868 @ 399822 203062
-1.561809 4.400183 3.285205 -2.132114 -3.675197 2.156135 1.186490 0.074764 -1.569486 2.518422 = -0.00082914 @ 390987 198940
-1.562082 4.400176 3.285756 -2.133382 -3.675797 2.156141 1.184270 0.073111 -1.569723 2.519147 = -0.00083130 @ 396139 201357
-1.562119 4.400177 3.285259 -2.134582 -3.675739 2.156346 1.184738 0.074862 -1.569683 2.519617 = -0.00083425 @ 394007 200346
-1.562123 4.400175 3.284970 -2.131371 -3.675923 2.156064 1.185250 0.075901 -1.569393 2.519087 = -0.00086201 @ 386252 196732
4.140814 2.477001 2.669176 -4.523357 3.639592 1.853296 -4.341194 0.610888 4.009927 -3.297582 = -0.00088188 @ 399256 202799
4.141512 2.477020 2.670709 -4.522312 3.640044 1.853455 -4.341273 0.611140 4.009859 -3.297806 = -0.00088273 @ 396154 201363
-1.562046 4.400177 3.284994 -2.134582 -3.675739 2.155648 1.184738 0.074862 -1.569683 2.519147 = -0.00090352 @ 399612 202967
4.141512 2.477020 2.670709 -4.522312 3.640044 1.853455 -4.341273 0.611140 4.009859 -3.297861 = -0.00090369 @ 397385 201926
4.141512 2.477020 2.670709 -4.522315 3.640044 1.853247 -4.341273 0.610995 4.009859 -3.297856 = -0.00092230 @ 399056 202707
-1.561466 4.400177 3.285369 -2.132155 -3.675757 2.155473 1.185228 0.074862 -1.569683 2.520914 = -0.00094544 @ 396749 201641
-1.562084 4.400177 3.286017 -2.132316 -3.675769 2.155303 1.185225 0.074748 -1.571812 2.519358 = -0.00099156 @ 391183 199026
1.759142 1.594795 -4.308847 -2.485577 0.361678 -0.062817 4.342336 1.898004 -2.230891 -2.155752 = -0.00099989 @ 396499 201527
1.759142 1.594795 -4.308847 -2.485577 0.361678 -0.062817 4.342336 1.898004 -2.230891 -2.155752 = -0.00099989 @ 399793 203049
1.758737 1.594440 -4.309358 -2.485541 0.361676 -0.062815 4.342766 1.897962 -2.230891 -2.156707 = -0.00099992 @ 398061 202238
1.759142 1.594795 -4.308847 -2.485577 0.361678 -0.062817 4.342351 1.898004 -2.230891 -2.155752 = -0.00100002 @ 398892 202632
1.758833 1.595916 -4.307855 -2.485581 0.361676 -0.062815 4.342417 1.897962 -2.230891 -2.155753 = -0.00100846 @ 395082 200857
1.758833 1.595966 -4.307855 -2.485581 0.361676 -0.062815 4.342417 1.897962 -2.230891 -2.155753 = -0.00101472 @ 398133 202269
1.759142 1.594795 -4.308847 -2.485577 0.361767 -0.062817 4.342351 1.898004 -2.230891 -2.155752 = -0.00101519 @ 395867 201225
1.758833 1.594440 -4.309358 -2.485541 0.361676 -0.062815 4.342766 1.897962 -2.230997 -2.156707 = -0.00103631 @ 398004 202209
1.758833 1.594440 -4.309358 -2.485541 0.361676 -0.062815 4.342766 1.897962 -2.230891 -2.156707 = -0.00105332 @ 391589 199219
1.758833 1.595916 -4.307855 -2.485538 0.361676 -0.062815 4.342417 1.898442 -2.230891 -2.155757 = -0.00105504 @ 396266 201414
-1.562895 4.399393 3.285369 -2.132155 -3.675689 2.156405 1.186531 0.074819 -1.570176 2.518472 = -0.00106078 @ 389535 198276
1.758833 1.594440 -4.308952 -2.485541 0.361676 -0.062815 4.342351 1.898441 -2.230955 -2.155757 = -0.00107008 @ 394065 200373
1.758833 1.594440 -4.308952 -2.485541 0.361676 -0.062815 4.342351 1.898441 -2.230955 -2.155757 = -0.00107008 @ 399375 202859
-1.560590 4.400177 3.285005 -2.132312 -3.675757 2.157398 1.186059 0.073463 -1.570071 2.520286 = -0.00107385 @ 374595 191071
1.756807 1.595916 -4.307855 -2.485538 0.361676 -0.062815 4.342351 1.898442 -2.230891 -2.155757 = -0.00108172 @ 396388 201475
1.758833 1.594440 -4.309334 -2.485581 0.361676 -0.062815 4.342351 1.897962 -2.230891 -2.155757 = -0.00108205 @ 399393 202867
-1.562039 4.400175 3.285307 -2.132686 -3.675705 2.156275 1.185491 0.076850 -1.570634 2.519268 = -0.00108675 @ 395933 201255
1.756807 1.594440 -4.309334 -2.485541 0.361676 -0.062814 4.342351 1.898388 -2.230891 -2.155757 = -0.00111517 @ 393381 200048
-1.562046 4.400177 3.286959 -2.131988 -3.675651 2.156029 1.185238 0.074662 -1.568630 2.519147 = -0.00112077 @ 398674 202535
-1.562039 4.400175 3.285307 -2.132302 -3.675705 2.156275 1.185491 0.076850 -1.570634 2.519268 = -0.00112670 @ 390424 198682
-1.562039 4.400175 3.285307 -2.132302 -3.675705 2.156275 1.185491 0.076850 -1.570634 2.519248 = -0.00112714 @ 397382 201925
4.141512 2.477020 2.668781 -4.523793 3.639125 1.853316 -4.342106 0.610905 4.009859 -3.297795 = -0.00115069 @ 396142 201358
1.758833 1.594440 -4.309358 -2.485541 0.361676 -0.062815 4.342351 1.898442 -2.230891 -2.155757 = -0.00117639 @ 385656 196450
1.758833 1.594440 -4.309384 -2.485541 0.361676 -0.062815 4.342351 1.898442 -2.230891 -2.155757 = -0.00118649 @ 373018 190345
4.141332 2.477020 2.668781 -4.523793 3.638966 1.853244 -4.341290 0.610984 4.009870 -3.297824 = -0.00129334 @ 399474 202903
4.141512 2.477020 2.668781 -4.523793 3.639125 1.853247 -4.341273 0.610995 4.009859 -3.297806 = -0.00131581 @ 396079 201327
4.141512 2.477020 2.668781 -4.523793 3.639125 1.853247 -4.341273 0.610995 4.009859 -3.297836 = -0.00132715 @ 397454 201957
-1.562112 4.400174 3.285252 -2.132793 -3.675541 2.155640 1.185102 0.073479 -1.567972 2.519147 = -0.00134355 @ 399396 202868
-1.562046 4.400177 3.286379 -2.132302 -3.675705 2.156275 1.185491 0.076850 -1.570634 2.519268 = -0.00134528 @ 393435 200074
-1.562046 4.400177 3.286379 -2.132302 -3.675705 2.156275 1.185491 0.076850 -1.570634 2.519490 = -0.00135435 @ 395567 201082
-1.561919 4.399311 3.285319 -2.132316 -3.674189 2.156341 1.185696 0.074819 -1.569184 2.520530 = -0.00140344 @ 399927 203112
-1.561852 4.400124 3.285787 -2.132159 -3.676024 2.156008 1.185186 0.076730 -1.569307 2.520414 = -0.00140561 @ 398907 202640
-1.562112 4.400174 3.285252 -2.132793 -3.677344 2.156231 1.185102 0.073479 -1.567972 2.519147 = -0.00141217 @ 397130 201808
4.141512 2.477020 2.671719 -4.522393 3.639272 1.853455 -4.341276 0.611165 4.009850 -3.297806 = -0.00144952 @ 397980 202199
4.141512 2.477003 2.668781 -4.523793 3.639626 1.853311 -4.341187 0.610905 4.009929 -3.297806 = -0.00146690 @ 399736 203021
-1.562082 4.400177 3.285824 -2.133392 -3.675705 2.156275 1.185491 0.072196 -1.570634 2.519147 = -0.00146761 @ 398902 202637
-1.560588 4.398681 3.284994 -2.132311 -3.675980 2.156141 1.184270 0.073111 -1.569723 2.517917 = -0.00151093 @ 398624 202507
4.140511 2.477003 2.668781 -4.523793 3.639626 1.853311 -4.341187 0.610905 4.009929 -3.297451 = -0.00153069 @ 395487 201041
4.140511 2.477003 2.668781 -4.523793 3.639626 1.853311 -4.341187 0.610905 4.009929 -3.297451 = -0.00153069 @ 394082 200380
4.140690 2.477004 2.668781 -4.523793 3.639785 1.853315 -4.341171 0.610915 4.009918 -3.297677 = -0.00158111 @ 399474 202903
4.140511 2.477003 2.668781 -4.523793 3.639626 1.853311 -4.341187 0.610905 4.009929 -3.297695 = -0.00158276 @ 398352 202370
4.140511 2.477003 2.668781 -4.523793 3.639626 1.853311 -4.341187 0.610905 4.009929 -3.297695 = -0.00158276 @ 399225 202785
4.140511 2.476538 2.668781 -4.523793 3.639626 1.853311 -4.341187 0.610905 4.009929 -3.297451 = -0.00160129 @ 397410 201937
4.140511 2.476538 2.668781 -4.523793 3.639626 1.853311 -4.341187 0.610905 4.009929 -3.297451 = -0.00160129 @ 398421 202400
4.140511 2.477006 2.668781 -4.523793 3.639626 1.853311 -4.341187 0.610905 4.009929 -3.297766 = -0.00160555 @ 399277 202808
-1.560665 4.400152 3.287380 -2.132147 -3.675371 2.156138 1.185537 0.074702 -1.568857 2.520084 = -0.00160970 @ 396249 201407
-1.562225 4.400471 3.284927 -2.132311 -3.675678 2.156314 1.184969 0.073463 -1.572503 2.519007 = -0.00162416 @ 399921 203110
4.141512 2.477020 2.671914 -4.522311 3.639232 1.853446 -4.341273 0.611104 4.009859 -3.297806 = -0.00168524 @ 397838 202136
-1.562114 4.400418 3.282893 -2.131566 -3.675533 2.156314 1.184969 0.074307 -1.569929 2.520084 = -0.00170977 @ 383443 195407
-1.562114 4.400418 3.286786 -2.132334 -3.675541 2.155640 1.185509 0.074637 -1.571392 2.521017 = -0.00171260 @ 399022 202692
4.141512 2.477020 2.671908 -4.522312 3.639408 1.853455 -4.341273 0.611140 4.009859 -3.297806 = -0.00171523 @ 395217 200918
-1.562114 4.400418 3.282893 -2.131566 -3.675533 2.156314 1.184891 0.074307 -1.569929 2.520084 = -0.00171928 @ 398315 202354
4.140669 2.477009 2.668502 -4.523115 3.639775 1.853331 -4.340509 0.610905 4.009906 -3.297269 = -0.00172719 @ 397903 202165
4.141512 2.477009 2.668502 -4.523115 3.639775 1.853331 -4.340509 0.610905 4.009859 -3.297806 = -0.00174440 @ 398702 202549
-1.562125 4.400177 3.286084 -2.131388 -3.678326 2.156347 1.184759 0.074917 -1.569672 2.518059 = -0.00180178 @ 386691 196936
1.757676 1.594852 -4.309334 -2.485581 0.359178 -0.062817 4.342351 1.897962 -2.230891 -2.155753 = -0.00187235 @ 393941 200315
4.141520 2.477020 2.671908 -4.522312 3.640044 1.853455 -4.341273 0.610995 4.009859 -3.297143 = -0.00189792 @ 397372 201919
4.141520 2.477020 2.671908 -4.522312 3.640044 1.853455 -4.341273 0.610905 4.009929 -3.297143 = -0.00190058 @ 399604 202963
-1.563039 4.400190 3.285791 -2.132784 -3.675664 2.156022 1.185071 0.077221 -1.569094 2.518829 = -0.00198011 @ 391896 199363
-1.559463 4.400236 3.285396 -2.132095 -3.675004 2.156314 1.184969 0.074819 -1.569065 2.517456 = -0.00198773 @ 391098 198986
-1.562082 4.400151 3.283978 -2.132784 -3.675664 2.156022 1.184342 0.077221 -1.569094 2.519147 = -0.00199689 @ 396558 201553
-1.562082 4.400177 3.285756 -2.133382 -3.675797 2.155818 1.183389 0.072196 -1.570634 2.519147 = -0.00201923 @ 395175 200899
-1.562021 4.398069 3.284391 -2.132051 -3.674462 2.155800 1.184810 0.075356 -1.570774 2.518026 = -0.00212853 @ 399037 202698
-1.562021 4.398069 3.284391 -2.132051 -3.674462 2.155775 1.184810 0.075356 -1.570774 2.518026 = -0.00213238 @ 396931 201724
4.141429 2.477029 2.671860 -4.521206 3.639650 1.853269 -4.341249 0.611031 4.009859 -3.297806 = -0.00215832 @ 399392 202866
4.141429 2.477029 2.671860 -4.521205 3.639650 1.853269 -4.341249 0.611031 4.009859 -3.297806 = -0.00215898 @ 394950 200789
1.758833 1.594848 -4.309334 -2.485581 0.359178 -0.062864 4.342351 1.897962 -2.230891 -2.155753 = -0.00217721 @ 378191 192972
1.758833 1.594848 -4.309334 -2.485581 0.359178 -0.062864 4.342351 1.897962 -2.230891 -2.155753 = -0.00217721 @ 399901 203100
1.758833 1.594852 -4.309334 -2.485581 0.359178 -0.062817 4.342351 1.897962 -2.230891 -2.155753 = -0.00218637 @ 388382 197733
1.758834 1.594848 -4.309334 -2.485597 0.359178 -0.062815 4.342351 1.897962 -2.231720 -2.155753 = -0.00218781 @ 388788 197927
1.758833 1.594848 -4.309334 -2.485597 0.359178 -0.062817 4.342351 1.897962 -2.230891 -2.155753 = -0.00219157 @ 370507 189233
1.758833 1.594848 -4.309334 -2.485597 0.359178 -0.062817 4.342351 1.897962 -2.230891 -2.155753 = -0.00219157 @ 399956 203125
-1.562082 4.400521 3.284970 -2.131371 -3.675923 2.156064 1.182135 0.074637 -1.570009 2.519147 = -0.00235399 @ 399108 202733
-1.562082 4.400177 3.285369 -2.132155 -3.675757 2.155472 1.185228 0.074764 -1.573382 2.519147 = -0.00236904 @ 380647 194095
4.141512 2.477020 2.672304 -4.522315 3.639649 1.853247 -4.341273 0.610995 4.009859 -3.297856 = -0.00240573 @ 395365 200983
4.141512 2.477020 2.672304 -4.522315 3.639649 1.853247 -4.341273 0.610995 4.009859 -3.297856 = -0.00240573 @ 395462 201030
4.141512 2.477020 2.672304 -4.522312 3.640044 1.853311 -4.342106 0.610905 4.009859 -3.297806 = -0.00243692 @ 390749 198833
4.141512 2.477020 2.672304 -4.522312 3.640082 1.853455 -4.342106 0.610905 4.009859 -3.297806 = -0.00244703 @ 397858 202145
-1.562082 4.400177 3.286959 -2.131988 -3.675651 2.156029 1.185238 0.074662 -1.573061 2.518978 = -0.00245127 @ 396167 201369
4.140734 2.477003 2.672304 -4.522312 3.639639 1.853311 -4.341042 0.610905 4.009928 -3.297414 = -0.00246523 @ 396649 201593
4.140511 2.477003 2.672304 -4.522312 3.639626 1.853311 -4.341187 0.610905 4.009929 -3.297695 = -0.00252379 @ 395446 201023
-1.560838 4.400401 3.284994 -2.132311 -3.675739 2.156346 1.188252 0.073429 -1.570982 2.520219 = -0.00262791 @ 399591 202958
-1.562021 4.397459 3.284391 -2.132051 -3.674462 2.155775 1.184810 0.075356 -1.570774 2.518026 = -0.00264965 @ 398295 202345
-1.562082 4.400177 3.286786 -2.132137 -3.675678 2.156226 1.185228 0.074764 -1.573382 2.519147 = -0.00266434 @ 388541 197813
-1.562082 4.400177 3.286786 -2.132137 -3.675980 2.156760 1.185228 0.074764 -1.573382 2.519147 = -0.00268075 @ 399929 203113
-1.562225 4.400521 3.286379 -2.134788 -3.675757 2.156003 1.184270 0.073463 -1.572503 2.519007 = -0.00274733 @ 394597 200628
-1.559160 4.400223 3.287380 -2.132147 -3.675371 2.156138 1.185537 0.074702 -1.570732 2.520818 = -0.00275250 @ 394745 200695
4.141208 2.477023 2.672098 -4.521130 3.640214 1.853470 -4.341250 0.610964 4.009941 -3.297675 = -0.00279551 @ 399256 202799
-1.564133 4.400521 3.284994 -2.131586 -3.675980 2.156141 1.184270 0.073111 -1.569723 2.520767 = -0.00280398 @ 378892 193300
-1.562119 4.396874 3.285123 -2.132017 -3.675745 2.156347 1.184759 0.074917 -1.568122 2.519790 = -0.00281064 @ 399983 203141
-1.562119 4.396874 3.284994 -2.132017 -3.675939 2.155557 1.184854 0.074843 -1.568122 2.519617 = -0.00285419 @ 397461 201960
-1.562119 4.396874 3.284994 -2.132017 -3.675939 2.156283 1.184270 0.074843 -1.568122 2.519617 = -0.00289188 @ 399868 203084
-1.562082 4.400177 3.285319 -2.132793 -3.673242 2.156315 1.187593 0.074637 -1.570009 2.519147 = -0.00289943 @ 396463 201509
-1.562119 4.396874 3.285123 -2.132017 -3.677082 2.156320 1.184928 0.074869 -1.568122 2.519790 = -0.00295933 @ 399127 202742
-1.562039 4.399556 3.285319 -2.132312 -3.675757 2.156003 1.182135 0.076850 -1.570634 2.519268 = -0.00297570 @ 399781 203044
-1.561762 4.400179 3.284935 -2.131194 -3.675733 2.155451 1.181950 0.075894 -1.569595 2.519213 = -0.00313965 @ 396787 201657
-1.562709 4.400471 3.284927 -2.132311 -3.675678 2.156226 1.185228 0.075415 -1.570774 2.515828 = -0.00321602 @ 388841 197950
-1.562119 4.396874 3.285123 -2.132017 -3.677369 2.155651 1.184854 0.075650 -1.568122 2.519790 = -0.00336010 @ 398124 202265
-1.564732 4.400748 3.285215 -2.132204 -3.676434 2.156653 1.185443 0.074727 -1.568156 2.517626 = -0.00341923 @ 399993 203145
-1.562081 4.400176 3.285756 -2.132793 -3.675797 2.155818 1.185343 0.070486 -1.570009 2.519147 = -0.00345354 @ 398836 202607
-1.562709 4.400471 3.284927 -2.132095 -3.675119 2.156314 1.185294 0.075566 -1.570774 2.515828 = -0.00348979 @ 399917 203108
-1.562112 4.400174 3.288826 -2.132793 -3.675678 2.156226 1.185102 0.074813 -1.567972 2.520357 = -0.00355483 @ 387090 197122
-1.561933 4.400176 3.285756 -2.133382 -3.675797 2.155818 1.184765 0.070486 -1.570489 2.519049 = -0.00355720 @ 393647 200174
4.140511 2.477020 2.672304 -4.523793 3.639626 1.853311 -4.341522 0.610883 4.011123 -3.297806 = -0.00356908 @ 389469 198245
-3.396191 -3.319255 2.347152 2.062466 4.373032 3.119524 0.543196 -4.743447 3.611359 2.475616 = -0.00358356 @ 396232 201399
-1.561849 4.400151 3.285319 -2.132031 -3.675757 2.155502 1.181397 0.074783 -1.571549 2.519904 = -0.00360413 @ 396755 201643
-3.396191 -3.319255 2.347255 2.062466 4.373032 3.119524 0.543196 -4.743447 3.611359 2.475616 = -0.00360836 @ 397309 201891
-1.561821 4.400151 3.285568 -2.134001 -3.675757 2.155502 1.181397 0.074783 -1.571549 2.519904 = -0.00371570 @ 397455 201957
-1.562379 4.400179 3.288919 -2.132334 -3.675541 2.155640 1.185509 0.074637 -1.571392 2.521017 = -0.00376944 @ 395450 201025
4.138414 2.477074 2.668781 -4.523793 3.639626 1.853311 -4.342106 0.610905 4.009859 -3.297806 = -0.00379645 @ 393986 200336
-3.396191 -3.316402 2.346311 2.061852 4.373038 3.119490 0.543196 -4.743210 3.610440 2.475538 = -0.00379795 @ 397514 201983
-3.396191 -3.316369 2.346311 2.061852 4.373038 3.119490 0.543196 -4.743210 3.610440 2.475538 = -0.00381800 @ 398870 202622
4.141512 2.477020 2.672493 -4.520695 3.640180 1.853455 -4.341257 0.610948 4.009939 -3.297806 = -0.00384014 @ 397980 202199
-3.396191 -3.316402 2.346311 2.061852 4.373038 3.119490 0.543196 -4.743210 3.610440 2.475616 = -0.00385821 @ 397727 202083
-3.396191 -3.316402 2.346311 2.061852 4.373038 3.119490 0.543196 -4.743210 3.610440 2.475616 = -0.00385821 @ 395410 201004
-1.562225 4.400151 3.285568 -2.134788 -3.675678 2.160157 1.185343 0.074637 -1.570071 2.519007 = -0.00395218 @ 397121 201804
-1.562046 4.400177 3.286959 -2.131988 -3.675651 2.160157 1.184854 0.074662 -1.568630 2.519147 = -0.00399523 @ 399893 203097
1.759273 1.594440 -4.307819 -2.484753 0.359257 -0.063297 4.343688 1.899553 -2.230951 -2.155586 = -0.00406546 @ 397504 201979
-3.396220 -3.316402 2.346311 2.064312 4.373038 3.119490 0.543236 -4.743210 3.610440 2.475616 = -0.00409135 @ 399088 202721
-3.396220 -3.316402 2.346311 2.064312 4.373038 3.119490 0.543196 -4.743210 3.610440 2.475616 = -0.00411197 @ 395972 201274
-3.396220 -3.316402 2.346311 2.064312 4.373038 3.119490 0.543196 -4.743210 3.610440 2.475616 = -0.00411197 @ 397352 201910
-1.562082 4.400177 3.285259 -2.137282 -3.676487 2.155727 1.184738 0.074862 -1.569683 2.519147 = -0.00412320 @ 399815 203060
-3.396220 -3.316281 2.346311 2.064312 4.373038 3.119490 0.543196 -4.743210 3.610440 2.475616 = -0.00418936 @ 396188 201378
-1.562082 4.400521 3.285082 -2.137282 -3.676487 2.155605 1.185468 0.074637 -1.570009 2.519147 = -0.00420161 @ 399632 202975
-3.396191 -3.319255 2.347152 2.062106 4.373032 3.119524 0.543196 -4.743233 3.610493 2.475616 = -0.00454155 @ 397563 202006
-3.396191 -3.319255 2.347152 2.062106 4.373032 3.119524 0.543196 -4.743210 3.610493 2.475616 = -0.00454828 @ 397373 201920
-3.396191 -3.319255 2.347152 2.062106 4.373032 3.119524 0.543196 -4.743210 3.610493 2.475616 = -0.00454828 @ 397404 201934
-3.396191 -3.319255 2.346991 2.062106 4.373032 3.119524 0.543196 -4.743233 3.610440 2.475616 = -0.00457523 @ 397474 201966
-3.396191 -3.319255 2.347152 2.062106 4.373032 3.119524 0.543196 -4.743233 3.610440 2.475616 = -0.00460431 @ 395881 201231
-3.396191 -3.319255 2.347152 2.062106 4.373032 3.119524 0.543196 -4.743213 3.610440 2.475616 = -0.00460997 @ 397580 202013
-1.562021 4.400164 3.281084 -2.132051 -3.674462 2.155775 1.184810 0.075356 -1.570774 2.518026 = -0.00463650 @ 397623 202034
-3.396361 -3.315554 2.347393 2.062067 4.373038 3.119673 0.544610 -4.744800 3.610507 2.475510 = -0.00465572 @ 399588 202956
-3.396361 -3.315554 2.347393 2.062067 4.373038 3.119673 0.544610 -4.744800 3.610507 2.475510 = -0.00465640 @ 395984 201280
-3.396191 -3.319297 2.347152 2.062106 4.373032 3.119524 0.543196 -4.743233 3.610440 2.475616 = -0.00465998 @ 396059 201315
-1.561706 4.400473 3.285082 -2.137282 -3.676487 2.155605 1.185468 0.075383 -1.568393 2.519350 = -0.00468245 @ 390762 198838
-1.561446 4.400177 3.284432 -2.133861 -3.680046 2.156346 1.187933 0.074862 -1.569683 2.519533 = -0.00469912 @ 370335 189154
-1.561706 4.400473 3.285082 -2.137282 -3.676487 2.155727 1.185068 0.074783 -1.568130 2.519350 = -0.00473150 @ 396397 201478
-1.562225 4.400521 3.286379 -2.132236 -3.679014 2.154234 1.183445 0.073463 -1.572503 2.519007 = -0.00473604 @ 394069 200375
-1.562082 4.400521 3.285319 -2.132793 -3.675980 2.160157 1.182135 0.074637 -1.570009 2.519147 = -0.00477033 @ 398444 202411
-1.562022 4.395419 3.284606 -2.132028 -3.674877 2.155636 1.184775 0.075206 -1.570888 2.518858 = -0.00478254 @ 397102 201796
-1.561446 4.404439 3.285319 -2.132316 -3.675354 2.156961 1.186059 0.073463 -1.569287 2.518059 = -0.00478653 @ 395733 201161
-1.562951 4.400473 3.285082 -2.137282 -3.675739 2.156346 1.185228 0.074764 -1.568447 2.519513 = -0.00491518 @ 399444 202890
-1.560838 4.400388 3.285319 -2.132793 -3.675980 2.160157 1.182135 0.073429 -1.570009 2.519147 = -0.00503832 @ 399939 203117
-1.562114 4.400418 3.282893 -2.131566 -3.671843 2.156141 1.185259 0.074307 -1.569929 2.520084 = -0.00523136 @ 399997 203146
-3.396191 -3.319255 2.348453 2.062106 4.373032 3.119524 0.543196 -4.743210 3.610440 2.475616 = -0.00545176 @ 396360 201460
-3.396191 -3.319255 2.348473 2.062106 4.373032 3.119524 0.543196 -4.743258 3.610440 2.475616 = -0.00546185 @ 392929 199842
-3.396191 -3.314361 2.347663 2.062466 4.373053 3.119519 0.542929 -4.743447 3.611359 2.475616 = -0.00559167 @ 395233 200926
-3.395302 -3.319255 2.348473 2.064330 4.373007 3.120647 0.543196 -4.743210 3.610440 2.475616 = -0.00564898 @ 397557 202003
-3.395302 -3.319255 2.348473 2.064331 4.373007 3.120647 0.543196 -4.743210 3.610440 2.475616 = -0.00565023 @ 399661 202987
-1.557587 4.399884 3.284854 -2.135536 -3.674501 2.156681 1.186059 0.075212 -1.570722 2.520851 = -0.00578480 @ 379440 193542
-1.561271 4.400037 3.290242 -2.132313 -3.675371 2.154599 1.185266 0.074510 -1.569393 2.517596 = -0.00581222 @ 399892 203096
-1.561271 4.400037 3.290242 -2.132313 -3.675371 2.154599 1.185267 0.074510 -1.569393 2.517596 = -0.00581223 @ 382863 195128
-3.396264 -3.319255 2.348473 2.064330 4.373007 3.119592 0.543196 -4.743210 3.610438 2.475616 = -0.00589586 @ 382162 194799
-3.396264 -3.319255 2.348473 2.064330 4.373007 3.120647 0.543196 -4.743210 3.610484 2.475616 = -0.00601450 @ 397497 201976
-1.562082 4.400521 3.286379 -2.134788 -3.677297 2.160157 1.182135 0.074637 -1.570009 2.519147 = -0.00604174 @ 397296 201886
-1.561419 4.401263 3.285251 -2.132107 -3.675980 2.156341 1.185696 0.074744 -1.564592 2.518446 = -0.00619262 @ 398752 202570
-1.561419 4.401263 3.285251 -2.132107 -3.675980 2.156341 1.185696 0.074744 -1.564592 2.518446 = -0.00619262 @ 398446 202411
-3.396264 -3.319255 2.348473 2.064472 4.373007 3.120647 0.543196 -4.743210 3.610440 2.475616 = -0.00620399 @ 396050 201311
-3.396160 -3.314361 2.347726 2.062106 4.373040 3.119672 0.543921 -4.744585 3.610479 2.475527 = -0.00628705 @ 390976 198935
-1.561446 4.400177 3.285354 -2.132848 -3.675778 2.156346 1.190679 0.076197 -1.569683 2.519533 = -0.00633332 @ 397660 202051
-1.562028 4.400164 3.281084 -2.134231 -3.675687 2.156341 1.187940 0.074823 -1.567822 2.518881 = -0.00638841 @ 395826 201203
-3.396191 -3.319932 2.348379 2.061033 4.373038 3.119407 0.543196 -4.743447 3.611359 2.475616 = -0.00658049 @ 389896 198444
-1.562082 4.400521 3.286379 -2.134788 -3.677297 2.160157 1.182135 0.075383 -1.568393 2.519147 = -0.00668822 @ 399775 203042
-1.561446 4.400173 3.285293 -2.132848 -3.675778 2.156346 1.190866 0.076197 -1.569683 2.519561 = -0.00672948 @ 397974 202196
-1.561446 4.400173 3.285293 -2.132848 -3.675778 2.156346 1.190866 0.076197 -1.569683 2.519533 = -0.00673187 @ 397554 202002
-1.561914 4.400177 3.279349 -2.132311 -3.677082 2.156320 1.185129 0.074819 -1.569309 2.519997 = -0.00702054 @ 399933 203115
-1.560588 4.400177 3.284994 -2.132311 -3.675365 2.156141 1.184270 0.073111 -1.569723 2.524571 = -0.00730131 @ 391127 199002
-3.396373 -3.314361 2.347726 2.061091 4.372988 3.119672 0.543921 -4.744585 3.610479 2.475527 = -0.00732918 @ 392408 199606
-1.560361 4.400175 3.281967 -2.135760 -3.678743 2.156332 1.184764 0.078003 -1.569167 2.520329 = -0.00779458 @ 399820 203062
-1.566078 4.401710 3.285835 -2.132441 -3.677992 2.156246 1.185562 0.074819 -1.570505 2.522738 = -0.00780658 @ 399875 203089
-1.560020 4.400177 3.282362 -2.135536 -3.678783 2.156283 1.184738 0.077951 -1.569184 2.521158 = -0.00781306 @ 398144 202275
-1.561919 4.399311 3.285319 -2.132316 -3.674189 2.162237 1.185537 0.074819 -1.569184 2.520530 = -0.00794062 @ 395609 201102
-1.566078 4.401710 3.285835 -2.132441 -3.677992 2.156246 1.185562 0.074910 -1.568610 2.522738 = -0.00828198 @ 399771 203040
-1.561424 4.399634 3.290028 -2.132302 -3.675705 2.158004 1.185454 0.078719 -1.569674 2.518358 = -0.00837411 @ 399937 203116
-1.562046 4.400177 3.283607 -2.126270 -3.675678 2.156226 1.185102 0.075014 -1.570722 2.519147 = -0.00874048 @ 399720 203014
-1.562046 4.399556 3.285319 -2.132050 -3.675758 2.156226 1.185343 0.074857 -1.563334 2.519153 = -0.00875422 @ 399844 203072
-1.567036 4.400521 3.286379 -2.134788 -3.677297 2.154234 1.183445 0.074819 -1.570505 2.520629 = -0.00875810 @ 399811 203058
-1.561577 4.400177 3.285429 -2.132050 -3.675758 2.156226 1.185343 0.074857 -1.563334 2.518448 = -0.00877611 @ 399541 202935
-3.393647 -3.314361 2.349648 2.062103 4.373053 3.119524 0.543134 -4.743210 3.610440 2.474236 = -0.00882091 @ 399007 202685
-3.393647 -3.314361 2.349648 2.062103 4.373053 3.119524 0.543134 -4.743210 3.610440 2.474236 = -0.00882091 @ 388548 197816
-1.561446 4.400173 3.291866 -2.132096 -3.675420 2.154446 1.185281 0.074437 -1.569683 2.519561 = -0.00886335 @ 399500 202914
-1.562895 4.400176 3.285791 -2.132155 -3.672103 2.160157 1.184854 0.070958 -1.570350 2.520274 = -0.00914083 @ 398301 202347
-1.567036 4.400521 3.286379 -2.134788 -3.677297 2.154234 1.183445 0.074910 -1.568610 2.520629 = -0.00921167 @ 399875 203089
-1.556721 4.400177 3.285891 -2.134063 -3.677286 2.156137 1.185381 0.073018 -1.569728 2.514923 = -0.00940647 @ 395419 201008
-1.561577 4.400521 3.286379 -2.134788 -3.677297 2.156226 1.185343 0.074857 -1.563334 2.518448 = -0.00985850 @ 399887 203094
-1.555725 4.400078 3.284946 -2.132793 -3.677363 2.156224 1.185072 0.073424 -1.568158 2.522210 = -0.00986496 @ 399826 203064
-3.397452 -3.314947 2.344146 2.062106 4.371602 3.119672 0.542263 -4.743289 3.610395 2.476430 = -0.00997440 @ 383614 195490
-1.560838 4.400388 3.285447 -2.126270 -3.675981 2.155948 1.183199 0.072772 -1.570982 2.520219 = -0.01016459 @ 398128 202267
-3.397452 -3.314361 2.344146 2.062106 4.371602 3.119672 0.542263 -4.743289 3.610395 2.476430 = -0.01102227 @ 382348 194886
-1.563802 4.400452 3.283685 -2.132793 -3.675678 2.156226 1.183467 0.077013 -1.563799 2.517666 = -0.01107250 @ 396532 201543
-1.559690 4.400176 3.284855 -2.132231 -3.672103 2.155970 1.186884 0.070958 -1.575098 2.520274 = -0.01192292 @ 399751 203027
-1.561424 4.400813 3.285663 -2.138192 -3.681854 2.156275 1.184878 0.074850 -1.569674 2.518358 = -0.01194847 @ 398745 202567
-1.561424 4.400219 3.277347 -2.133392 -3.675705 2.156275 1.184878 0.074850 -1.569674 2.518358 = -0.01216953 @ 393039 199891
-1.561424 4.400219 3.277347 -2.131886 -3.675705 2.156275 1.184878 0.074850 -1.569674 2.518358 = -0.01218565 @ 395869 201226
-1.561220 4.400154 3.285553 -2.131311 -3.676156 2.156072 1.187611 0.082251 -1.571290 2.519570 = -0.01287085 @ 392005 199415
-1.561419 4.401263 3.285251 -2.132107 -3.675980 2.162237 1.185537 0.074744 -1.564592 2.518446 = -0.01293194 @ 399927 203112
-1.561342 4.400521 3.286379 -2.134788 -3.677297 2.163977 1.186059 0.073463 -1.570735 2.520465 = -0.01334917 @ 374429 190993
-1.561404 4.400878 3.285668 -2.138817 -3.681494 2.156289 1.184763 0.075341 -1.569461 2.517097 = -0.01357013 @ 398907 202640
-1.559759 4.400180 3.282111 -2.134866 -3.678609 2.156208 1.184738 0.076980 -1.576334 2.520880 = -0.01362985 @ 399890 203095
-1.562119 4.400177 3.285668 -2.138817 -3.681494 2.156289 1.184763 0.072833 -1.569184 2.520851 = -0.01369393 @ 399995 203146
-1.555519 4.401194 3.282569 -2.126582 -3.675731 2.155829 1.184489 0.074641 -1.570888 2.519147 = -0.01606667 @ 399986 203142
-1.562400 4.401263 3.285251 -2.135395 -3.675353 2.156315 1.184854 0.074131 -1.578356 2.521937 = -0.01621962 @ 399948 203122
-1.560609 4.400177 3.284970 -2.131371 -3.675923 2.156064 1.182135 0.065916 -1.570030 2.521023 = -0.01723786 @ 399632 202975
-1.562082 4.401639 3.285279 -2.139052 -3.680730 2.156304 1.184634 0.079312 -1.573061 2.518978 = -0.01794476 @ 399863 203082
-1.554597 4.400401 3.283607 -2.126270 -3.675757 2.155789 1.184172 0.074641 -1.570954 2.519147 = -0.01812720 @ 393891 200289
-1.567036 4.401639 3.285279 -2.139052 -3.680730 2.156304 1.183445 0.074819 -1.570505 2.520629 = -0.01843883 @ 399950 203123
-1.562046 4.404581 3.286786 -2.131695 -3.675586 2.154382 1.185102 0.075014 -1.569672 2.511228 = -0.01874153 @ 399837 203068
4.148678 2.477074 2.668781 -4.524255 3.639747 1.853309 -4.341059 0.610905 4.009803 -3.297792 = -0.01929147 @ 381645 194571
-1.562119 4.400177 3.285791 -2.123009 -3.675365 2.155651 1.184854 0.074843 -1.569184 2.520851 = -0.01959508 @ 395195 200907
-1.559160 4.400177 3.285791 -2.123009 -3.675371 2.156138 1.185537 0.074702 -1.570732 2.520851 = -0.02019347 @ 399808 203056
-1.554597 4.400474 3.285369 -2.132155 -3.675739 2.155648 1.184738 0.075509 -1.562494 2.519147 = -0.02037298 @ 399746 203025
-1.562484 4.400199 3.295707 -2.132444 -3.676328 2.155670 1.185873 0.074307 -1.569005 2.520419 = -0.02088226 @ 386627 196908
-1.561833 4.400503 3.285082 -2.123009 -3.680624 2.156725 1.184796 0.077221 -1.570592 2.519147 = -0.02411106 @ 396744 201639
-1.562764 4.410777 3.284486 -2.132017 -3.675737 2.158845 1.184854 0.074883 -1.571101 2.519061 = -0.02412820 @ 372393 190061
-1.562119 4.410777 3.284486 -2.132017 -3.675737 2.158845 1.184854 0.074843 -1.568122 2.519617 = -0.02469628 @ 376097 191850
-1.563189 4.400177 3.296937 -2.132943 -3.675678 2.156226 1.184759 0.074917 -1.569672 2.518059 = -0.02593200 @ 399985 203141
-1.563189 4.400177 3.296937 -2.132943 -3.675678 2.156226 1.184759 0.074917 -1.569672 2.518059 = -0.02593200 @ 395934 201255
-1.561849 4.400151 3.285497 -2.134957 -3.664689 2.156347 1.184759 0.074917 -1.571549 2.519904 = -0.02694742 @ 399561 202944
-1.561456 4.409965 3.291866 -2.132096 -3.675420 2.154446 1.185281 0.074437 -1.569737 2.517819 = -0.02781784 @ 397151 201817
-1.554192 4.402410 3.286571 -2.132208 -3.675881 2.152051 1.185180 0.076008 -1.561625 2.519166 = -0.02902790 @ 399813 203059
-1.565392 4.404581 3.291004 -2.131695 -3.676187 2.155473 1.181613 0.073787 -1.571372 2.511228 = -0.02946752 @ 392932 199843
-1.554192 4.402410 3.286571 -2.132208 -3.675881 2.152051 1.183389 0.072196 -1.561625 2.519166 = -0.03078527 @ 399897 203098
-1.561949 4.400167 3.297846 -2.135395 -3.675345 2.155313 1.186966 0.073502 -1.567493 2.519617 = -0.03302689 @ 386234 196724
-1.562412 4.400193 3.281044 -2.133434 -3.686585 2.155234 1.182551 0.074844 -1.576458 2.519403 = -0.03378950 @ 394150 200415
-1.562873 4.400518 3.284994 -2.132930 -3.675856 2.156314 1.184969 0.074307 -1.569929 2.531712 = -0.03402037 @ 399669 202991
-1.562873 4.400518 3.284994 -2.132930 -3.675856 2.156314 1.184969 0.074307 -1.569929 2.531712 = -0.03402037 @ 393624 200165
-1.548776 4.400633 3.285497 -2.134957 -3.677262 2.158997 1.182404 0.074520 -1.569834 2.519588 = -0.03535201 @ 397707 202075
-1.554597 4.400474 3.285369 -2.131096 -3.677699 2.146249 1.185917 0.074167 -1.575851 2.519147 = -0.03574351 @ 399789 203048
-1.554597 4.400474 3.285369 -2.131096 -3.677699 2.146249 1.185917 0.074167 -1.575851 2.519147 = -0.03574351 @ 399840 203070
-1.562086 4.399840 3.272402 -2.137650 -3.677082 2.156320 1.184928 0.074869 -1.569662 2.519647 = -0.03611320 @ 397365 201916
-1.562086 4.399840 3.272402 -2.137650 -3.675689 2.154311 1.184928 0.074869 -1.569662 2.519647 = -0.03706965 @ 399933 203115
-1.562119 4.396874 3.284994 -2.132017 -3.675939 2.156411 1.185356 0.060897 -1.568122 2.519617 = -0.03803917 @ 399787 203047
-1.561647 4.410460 3.285141 -2.132576 -3.676445 2.158206 1.183693 0.065297 -1.569135 2.518059 = -0.03880990 @ 399537 202930
-1.562084 4.400177 3.285568 -2.134001 -3.664689 2.156347 1.185080 0.074131 -1.578356 2.519358 = -0.03895403 @ 399798 203052
-1.562119 4.400467 3.285568 -2.134001 -3.664689 2.156347 1.185080 0.074131 -1.578356 2.518059 = -0.03985235 @ 399970 203131
-1.562088 4.401478 3.271019 -2.132155 -3.675739 2.154234 1.184701 0.074912 -1.569727 2.518155 = -0.04007042 @ 399910 203105
-1.562926 4.392975 3.285396 -2.132095 -3.675119 2.156314 1.185294 0.075566 -1.556792 2.521908 = -0.04421532 @ 392515 199655
-1.561556 4.400675 3.289185 -2.144187 -3.675166 2.153493 1.182570 0.070569 -1.568144 2.525853 = -0.04423001 @ 399877 203090
-1.561419 4.400505 3.284379 -2.134582 -3.680313 2.156411 1.185356 0.060897 -1.564592 2.518446 = -0.04516433 @ 399981 203140
-1.562926 4.392975 3.271019 -2.132155 -3.675745 2.156347 1.184759 0.074917 -1.569672 2.521908 = -0.04837651 @ 399824 203063
-1.562926 4.392975 3.271019 -2.132155 -3.677082 2.156320 1.184928 0.074869 -1.569672 2.521908 = -0.04848629 @ 399983 203141
-1.562895 4.400176 3.286208 -2.147695 -3.676162 2.152535 1.184574 0.070958 -1.570350 2.520274 = -0.04978140 @ 399923 203110
-1.562715 4.400471 3.284927 -2.132311 -3.675678 2.156283 1.184270 0.082389 -1.585165 2.515828 = -0.05883859 @ 399631 202975
-3.396191 -3.312482 2.348667 2.062087 4.372988 3.119672 0.543321 -4.756942 3.610440 2.475616 = -0.07005676 @ 395539 201069
-1.562021 4.398069 3.284391 -2.132793 -3.675980 2.175457 1.184810 0.075356 -1.570774 2.518026 = -0.07341210 @ 399962 203128
-1.561548 4.400103 3.286017 -2.129268 -3.677192 2.156250 1.169124 0.067639 -1.580298 2.519824 = -0.08000743 @ 379881 193741
4.138467 2.479826 2.668422 -4.525081 3.639814 1.852700 -4.338319 0.611255 4.024641 -3.296587 = -0.08165604 @ 397421 201942
-1.559160 4.400114 3.286208 -2.134096 -3.696197 2.151918 1.184270 0.073111 -1.570732 2.520818 = -0.08296160 @ 399428 202883
-1.541473 4.395040 3.284587 -2.132204 -3.676434 2.156653 1.185443 0.072624 -1.569604 2.522071 = -0.08411822 @ 397872 202151
-1.562084 4.400177 3.286017 -2.132316 -3.675769 2.175457 1.185080 0.074131 -1.578356 2.519358 = -0.08416569 @ 394365 200518
-1.567036 4.400177 3.285791 -2.154657 -3.675678 2.156314 1.184759 0.074917 -1.570505 2.519147 = -0.10030680 @ 399912 203105
1.758833 1.616323 -4.307750 -2.486091 0.359178 -0.062814 4.348113 1.898123 -2.230889 -2.155752 = -0.11594925 @ 397119 201804
1.758833 1.597470 -4.309358 -2.484991 0.361678 -0.041837 4.348249 1.898009 -2.230891 -2.155757 = -0.12565497 @ 393306 200013
1.758833 1.619064 -4.307749 -2.486212 0.359176 -0.062814 4.342351 1.898118 -2.230891 -2.155753 = -0.13851926 @ 399188 202768
1.758833 1.619064 -4.307749 -2.486212 0.359176 -0.062814 4.342351 1.898118 -2.230891 -2.155753 = -0.13851926 @ 396056 201313
-1.562081 4.372817 3.285141 -2.132576 -3.676937 2.156346 1.185343 0.074637 -1.570009 2.519147 = -0.14287928 @ 399854 203078
-1.562084 4.400177 3.285379 -2.159300 -3.675548 2.156961 1.185917 0.074167 -1.575851 2.519358 = -0.14541358 @ 399970 203131
-1.562119 4.400467 3.285379 -2.159300 -3.675548 2.156961 1.185917 0.074167 -1.575851 2.518059 = -0.14701602 @ 399966 203130
1.758833 1.620527 -4.307749 -2.486212 0.359176 -0.062814 4.342351 1.898118 -2.230891 -2.155753 = -0.15595857 @ 365365 186919
-1.560665 4.400152 3.284769 -2.131586 -3.675980 2.156760 1.185684 0.104099 -1.568857 2.520084 = -0.16109772 @ 390983 198938
-1.560665 4.400311 3.285396 -2.132095 -3.675980 2.156760 1.185684 0.104099 -1.568857 2.520084 = -0.16110896 @ 399959 203127
-1.560665 4.400152 3.284665 -2.131586 -3.675980 2.156760 1.185684 0.104099 -1.568857 2.520084 = -0.16122097 @ 397482 201969
-1.560665 4.400152 3.284665 -2.131586 -3.675678 2.156226 1.185684 0.104099 -1.568857 2.520084 = -0.16127395 @ 399929 203113
-1.581119 4.378606 3.284994 -2.131586 -3.675980 2.156141 1.184270 0.073111 -1.569723 2.516942 = -0.16199777 @ 362999 185836
-3.402594 -3.302234 2.344030 2.064137 4.372988 3.119490 0.543321 -4.756942 3.611472 2.469944 = -0.16353116 @ 362832 185762
-1.561959 4.400197 3.257258 -2.123668 -3.678652 2.155123 1.185018 0.071951 -1.573500 2.519140 = -0.16429884 @ 398298 202346
-1.565561 4.400177 3.285369 -2.132155 -3.675199 2.155572 1.187848 0.071102 -1.567105 2.546137 = -0.16568271 @ 380586 194067
-1.560665 4.400186 3.285307 -2.132120 -3.675980 2.156760 1.185684 0.104099 -1.563334 2.518448 = -0.16931486 @ 398917 202644
-1.581782 4.377529 3.285008 -2.131599 -3.675980 2.156146 1.183994 0.073003 -1.568465 2.516944 = -0.17620716 @ 398446 202412
-1.532516 4.394099 3.290293 -2.132333 -3.675357 2.161609 1.183911 0.074735 -1.570414 2.519028 = -0.17998614 @ 396970 201740
-1.532921 4.392163 3.289090 -2.132281 -3.675215 2.165206 1.183468 0.074236 -1.571283 2.519008 = -0.18865464 @ 399813 203059
-1.562039 4.400228 3.285447 -2.164174 -3.675203 2.156102 1.186471 0.076850 -1.570634 2.519248 = -0.19349314 @ 398722 202558
-1.562039 4.400228 3.285447 -2.164174 -3.675206 2.156102 1.186471 0.076850 -1.570634 2.519248 = -0.19350307 @ 399700 203005
-1.593190 4.399556 3.285319 -2.132155 -3.675757 2.156003 1.185102 0.073479 -1.569025 2.521908 = -0.19705026 @ 399402 202871
-1.593190 4.399556 3.285396 -2.132311 -3.675678 2.156226 1.185228 0.075415 -1.569025 2.521908 = -0.19764597 @ 399917 203108
-1.593190 4.399556 3.285396 -2.132095 -3.675119 2.156314 1.185294 0.075566 -1.569025 2.521908 = -0.19815419 @ 399492 202911
-1.593190 4.399556 3.285319 -2.134582 -3.680313 2.156003 1.182135 0.074637 -1.569025 2.521908 = -0.19975448 @ 399442 202890
-1.593190 4.399556 3.285319 -2.132312 -3.675757 2.156003 1.182135 0.074637 -1.573227 2.521908 = -0.20021239 @ 395413 201005
-1.562114 4.400418 3.315375 -2.132793 -3.675980 2.156314 1.184270 0.074307 -1.585165 2.517630 = -0.21592131 @ 399567 202946
-1.581270 4.373268 3.284893 -2.132155 -3.675739 2.156346 1.184644 0.074637 -1.570071 2.515137 = -0.21673402 @ 399316 202825
-1.562188 4.400207 3.254655 -2.119301 -3.679859 2.155473 1.190476 0.075433 -1.576479 2.519253 = -0.21835849 @ 397480 201969
-1.562084 4.400200 3.315375 -2.132051 -3.674462 2.155775 1.184270 0.082389 -1.585165 2.519358 = -0.22831719 @ 399962 203128
-1.560815 4.400388 3.285319 -2.132793 -3.710988 2.151980 1.184111 0.071292 -1.569463 2.518559 = -0.23501405 @ 399640 202979
-1.561406 4.407500 3.285379 -2.159300 -3.675548 2.154123 1.187303 0.091148 -1.552710 2.520023 = -0.25193724 @ 395276 200945
-1.561406 4.407500 3.285379 -2.159300 -3.675548 2.154123 1.187303 0.091148 -1.552710 2.520023 = -0.25193724 @ 399345 202845
-1.562088 4.401478 3.285404 -2.122187 -3.677950 2.121966 1.184701 0.074912 -1.569727 2.518155 = -0.25483020 @ 399405 202873
-1.593190 4.399556 3.285319 -2.132155 -3.675353 2.156315 1.202843 0.079255 -1.570477 2.521908 = -0.26235356 @ 399553 202941
-1.561076 4.400351 3.323142 -2.123009 -3.675526 2.156115 1.184854 0.075067 -1.569672 2.519820 = -0.29124267 @ 399576 202950
-1.561076 4.400351 3.323142 -2.123009 -3.675526 2.156115 1.184755 0.074300 -1.569672 2.519818 = -0.29126990 @ 399498 202913
-1.562119 4.400177 3.323142 -2.123009 -3.675526 2.156115 1.184738 0.074862 -1.569683 2.519617 = -0.29170387 @ 399608 202965
-1.562084 4.400200 3.315375 -2.132793 -3.675980 2.175457 1.184270 0.082389 -1.585165 2.519358 = -0.30276448 @ 399343 202844
-1.561647 4.399594 3.276037 -2.135876 -3.675823 2.196020 1.185084 0.075117 -1.569309 2.517667 = -0.32906134 @ 397486 201972
-1.519911 4.400974 3.286098 -2.132793 -3.675961 2.156148 1.184792 0.072887 -1.570569 2.509350 = -0.35060406 @ 399826 203064
1.758642 1.596376 -4.307832 -2.485849 0.361725 -0.024781 4.342417 1.897891 -2.227262 -2.155760 = -0.37976688 @ 399857 203080
-1.545631 4.399422 3.241604 -2.132793 -3.675981 2.155948 1.183199 0.072772 -1.570982 2.519420 = -0.39893373 @ 398383 202383
-1.545631 4.399422 3.241604 -2.132793 -3.675678 2.156226 1.184575 0.074567 -1.570451 2.519420 = -0.39979588 @ 397122 201805
-1.545631 4.399422 3.241604 -2.132793 -3.675678 2.156226 1.184575 0.074567 -1.570451 2.519420 = -0.39979588 @ 399159 202756
-1.562081 4.400232 3.295123 -2.132947 -3.675009 2.155776 1.185236 0.120667 -1.569775 2.519171 = -0.41111454 @ 398785 202585
4.136274 2.474593 2.690129 -4.494637 3.634791 1.847290 -4.345708 0.607044 4.010728 -3.297899 = -0.41127898 @ 374751 191146
-1.561762 4.400232 3.295123 -2.132947 -3.675009 2.155776 1.185236 0.120667 -1.570039 2.520355 = -0.41134028 @ 398651 202524
-1.563220 4.410258 3.285188 -2.125671 -3.676479 2.158513 1.183509 0.070111 -1.569384 2.561452 = -0.42614195 @ 399877 203090
-1.561404 4.400878 3.285259 -2.138817 -3.681494 2.156289 1.184738 0.074862 -1.569683 2.475616 = -0.43847446 @ 398978 202673
-1.568509 4.402244 3.290839 -2.172649 -3.676992 2.156274 1.185555 0.051271 -1.569004 2.522316 = -0.44062720 @ 399636 202977
1.764546 1.595916 -4.309358 -2.485538 0.361676 -0.062815 4.342417 1.930194 -2.210845 -2.171582 = -0.44068668 @ 399206 202777
-1.514072 4.399634 3.290028 -2.132302 -3.675705 2.155572 1.189720 0.073787 -1.571171 2.519459 = -0.44149902 @ 399722 203015
-1.514072 4.400219 3.277347 -2.131886 -3.675705 2.156275 1.184878 0.074850 -1.571171 2.519459 = -0.44463430 @ 399937 203117
-1.514072 4.399634 3.290028 -2.132302 -3.675705 2.158004 1.185454 0.078719 -1.571171 2.519459 = -0.44605680 @ 399478 202905
1.764546 1.601048 -4.307458 -2.485581 0.359178 -0.062817 4.342351 1.930194 -2.210845 -2.171582 = -0.45128929 @ 399368 202856
-1.560588 4.400388 3.285377 -2.132311 -3.675708 2.155841 1.184270 0.073111 -1.619341 2.517917 = -0.45173327 @ 399422 202880
-1.513524 4.399556 3.285319 -2.132155 -3.675353 2.156315 1.184854 0.074883 -1.571101 2.512414 = -0.45218434 @ 399672 202993
-1.561446 4.400467 3.284994 -2.132576 -3.676445 2.158206 1.186059 0.073463 -1.619341 2.518059 = -0.45489023 @ 399521 202923
-1.513524 4.400878 3.285668 -2.138817 -3.681494 2.156289 1.184763 0.072833 -1.570756 2.512414 = -0.46526013 @ 399354 202849
-1.513524 4.400878 3.285791 -2.123009 -3.675365 2.155651 1.184854 0.074843 -1.570756 2.512414 = -0.46697840 @ 399995 203146
-1.562400 4.448983 3.286569 -2.135395 -3.675353 2.156315 1.184854 0.074131 -1.578356 2.521937 = -0.47141110 @ 399634 202976
-1.562400 4.448983 3.286569 -2.135395 -3.675353 2.156315 1.184854 0.074131 -1.578356 2.521937 = -0.47141110 @ 399947 203120
-1.562400 4.448983 3.285319 -2.132155 -3.675353 2.156315 1.184854 0.074131 -1.578356 2.521937 = -0.47344665 @ 399416 202878
-1.561419 4.448983 3.286569 -2.132107 -3.675980 2.162237 1.185537 0.074744 -1.564592 2.518446 = -0.47533776 @ 399948 203122
1.775876 1.601048 -4.307297 -2.485220 0.358440 -0.065835 4.342591 1.935647 -2.233358 -2.164518 = -0.48522977 @ 383571 195469
4.138414 2.477042 2.665838 -4.522313 3.639946 1.892684 -4.337098 0.611193 4.009828 -3.297806 = -0.49916023 @ 371601 189710
4.138414 2.477042 2.665838 -4.522313 3.639946 1.892684 -4.337098 0.611193 4.009828 -3.297806 = -0.49916023 @ 399053 202706
-1.512392 4.400160 3.295123 -2.123330 -3.675778 2.156101 1.184696 0.074827 -1.569144 2.520866 = -0.50917279 @ 399698 203004
-1.561478 4.400177 3.285915 -2.134586 -3.676246 2.149679 1.185539 0.077829 -1.621425 2.519435 = -0.50990505 @ 397963 202192
-1.562895 4.400190 3.285791 -2.132155 -3.679859 2.156405 1.184854 0.127371 -1.570350 2.520095 = -0.51845534 @ 396172 201372
-1.562943 4.400474 3.285369 -2.131096 -3.676445 2.158206 1.183693 0.065297 -1.569135 2.568153 = -0.52749166 @ 399935 203116
-1.561388 4.400114 3.286208 -2.147695 -3.675660 2.170927 1.183507 0.075083 -1.619341 2.519226 = -0.54372641 @ 399450 202893
-1.562943 4.410460 3.285141 -2.132576 -3.676445 2.158206 1.183693 0.065297 -1.569135 2.568153 = -0.55247209 @ 397191 201840
-1.562943 4.410460 3.285141 -2.132576 -3.676445 2.158206 1.183693 0.065297 -1.569135 2.568153 = -0.55247211 @ 397105 201798
-1.562039 4.400068 3.284935 -2.136080 -3.674570 2.157340 1.184662 0.129517 -1.570377 2.519248 = -0.55951148 @ 399885 203093
-1.562943 4.400177 3.285319 -2.132793 -3.675955 2.166762 1.181809 0.082389 -1.585165 2.568153 = -0.55996970 @ 399854 203079
-1.562943 4.398069 3.284391 -2.132051 -3.674462 2.166762 1.181809 0.082389 -1.585165 2.568153 = -0.56159715 @ 399480 202906
-1.562951 4.400311 3.285396 -2.132095 -3.675119 2.156314 1.185294 0.075566 -1.556792 2.570203 = -0.58661298 @ 399824 203063
-1.562951 4.400152 3.284665 -2.131586 -3.675119 2.156314 1.185294 0.075566 -1.556792 2.570203 = -0.58740959 @ 399959 203127
-1.562951 4.400311 3.271019 -2.132155 -3.675745 2.156347 1.184759 0.074917 -1.569672 2.570203 = -0.59257859 @ 398680 202539
-1.615412 4.400269 3.276628 -2.123330 -3.676866 2.155760 1.184696 0.074827 -1.569144 2.520866 = -0.59856215 @ 397666 202055
-1.562943 4.372817 3.285141 -2.132576 -3.676937 2.166762 1.181809 0.074607 -1.569135 2.568153 = -0.65198805 @ 398236 202315
-1.562943 4.372817 3.285141 -2.132576 -3.676937 2.166762 1.181809 0.074607 -1.569135 2.568153 = -0.65198805 @ 398795 202590
-1.561246 4.400521 3.286379 -2.134788 -3.677297 2.154234 1.184634 0.074856 -1.569740 2.464402 = -0.67600035 @ 399950 203123
-1.560838 4.400388 3.285377 -2.132848 -3.675739 2.215528 1.184878 0.072772 -1.570982 2.520219 = -0.68858882 @ 399107 202732
-1.560838 4.400388 3.285377 -2.132848 -3.675739 2.215528 1.184878 0.072772 -1.570982 2.520219 = -0.68858882 @ 398861 202618
-1.561246 4.401639 3.285279 -2.139052 -3.680730 2.156304 1.184634 0.074856 -1.569740 2.464402 = -0.69022080 @ 399785 203046
-1.560838 4.400388 3.285377 -2.126270 -3.675739 2.215528 1.184878 0.072772 -1.570982 2.520219 = -0.69040408 @ 398783 202584
-1.562943 4.372817 3.285141 -2.132576 -3.676162 2.152535 1.181809 0.082389 -1.585165 2.568153 = -0.69481592 @ 399572 202949
-1.561133 4.400177 3.284432 -2.133861 -3.676162 2.215528 1.184878 0.073794 -1.571278 2.518059 = -0.69606833 @ 398755 202572
-1.562119 4.400177 3.284994 -2.134582 -3.675739 2.215528 1.192220 0.074862 -1.569683 2.519617 = -0.70227898 @ 393183 199960
-1.562082 4.400177 3.223616 -2.132785 -3.675769 2.155776 1.184755 0.074131 -1.569672 2.519147 = -0.71072617 @ 399848 203076
-1.562082 4.396488 3.285664 -2.168119 -3.675069 2.155605 1.235413 0.079312 -1.573061 2.518978 = -0.79141265 @ 398674 202535
-1.562375 4.400191 3.285487 -2.149631 -3.675752 2.218375 1.181142 0.072994 -1.570638 2.519407 = -0.81383491 @ 399954 203125
-1.562119 4.400467 3.284994 -2.197800 -3.675757 2.156961 1.185917 0.074167 -1.575851 2.518059 = -0.83277329 @ 399410 202875
-1.561419 4.400467 3.285319 -2.197800 -3.675980 2.156341 1.185696 0.074744 -1.564592 2.518059 = -0.83398556 @ 398844 202611
1.755442 1.597470 -4.311217 -2.484991 0.361797 -0.041837 4.348249 1.898009 -2.230891 -2.107301 = -0.83782794 @ 383282 195330
-1.564732 4.400748 3.285319 -2.197800 -3.675980 2.155970 1.186489 0.074744 -1.568156 2.517626 = -0.83952542 @ 399230 202788
-1.560838 4.466493 3.285130 -2.132155 -3.675353 2.156315 1.185343 0.073429 -1.570009 2.519147 = -0.83955813 @ 399822 203063
-1.560528 4.400068 3.323142 -2.123009 -3.675526 2.156115 1.184755 0.129517 -1.570377 2.520111 = -0.86412708 @ 399760 203034
-1.562951 4.400311 3.285404 -2.122187 -3.677950 2.121966 1.185259 0.079955 -1.566769 2.570203 = -0.87807624 @ 399910 203105
-1.494648 4.400027 3.285791 -2.132740 -3.675726 2.156314 1.184880 0.082121 -1.570412 2.517917 = -0.87999191 @ 399288 202813
-1.494648 4.398681 3.284151 -2.132740 -3.676162 2.152535 1.184574 0.074917 -1.578837 2.517917 = -0.88288587 @ 399450 202893
-1.562039 4.400228 3.285447 -2.164174 -3.675739 2.215528 1.184878 0.072772 -1.570982 2.519248 = -0.89669803 @ 399830 203066
-1.562082 4.400177 3.219762 -2.154657 -3.676162 2.156347 1.184759 0.074917 -1.569672 2.519147 = -0.90489873 @ 399452 202894
1.757676 1.594852 -4.309334 -2.469662 0.416908 -0.066579 4.350400 1.897962 -2.230891 -2.155753 = -0.90646486 @ 399368 202856
1.757676 1.594852 -4.309334 -2.469662 0.416908 -0.066579 4.350400 1.897962 -2.230891 -2.155753 = -0.90646486 @ 399909 203104
-1.562082 4.400177 3.219762 -2.154657 -3.676162 2.156226 1.185343 0.074857 -1.563334 2.519147 = -0.92428929 @ 399694 203002
-1.561406 4.407500 3.284994 -2.197800 -3.675757 2.154123 1.187303 0.091148 -1.552710 2.520023 = -0.93360051 @ 399966 203130
-1.561388 4.469885 3.274232 -2.147695 -3.676162 2.152535 1.184574 0.074917 -1.578837 2.519226 = -1.01417798 @ 399428 202883
-1.562071 4.399299 3.284936 -2.131408 -3.603483 2.156288 1.185450 0.074653 -1.570003 2.516127 = -1.04503920 @ 398900 202636
-1.560815 4.466493 3.285130 -2.133547 -3.710988 2.151980 1.184111 0.071292 -1.569463 2.518559 = -1.04787804 @ 399226 202786
-1.564698 4.400491 3.284936 -2.131408 -3.603483 2.156288 1.185450 0.079312 -1.568630 2.518334 = -1.04919013 @ 399286 202812
1.756807 1.594440 -4.307388 -2.485541 0.358883 -0.062814 4.342351 1.898391 -2.167393 -2.155757 = -1.05796277 @ 398826 202603
-1.562506 4.400456 3.284784 -2.132051 -3.674462 2.155775 1.184810 0.075356 -1.495637 2.519016 = -1.06065257 @ 399548 202939
-1.562506 4.400456 3.284784 -2.129331 -3.676303 2.155600 1.185479 0.075425 -1.495637 2.519016 = -1.06109798 @ 397991 202204
1.759264 1.594440 -4.307743 -2.485611 0.358896 -0.062814 4.278652 1.898690 -2.230860 -2.155587 = -1.06199443 @ 398612 202501
1.759264 1.594440 -4.307743 -2.485611 0.358896 -0.062814 4.278652 1.898690 -2.230860 -2.155587 = -1.06199444 @ 399675 202994
1.759264 1.594440 -4.307743 -2.485611 0.358896 -0.062814 4.278652 1.898690 -2.230860 -2.155587 = -1.06199444 @ 361958 185353
-1.560652 4.399487 3.285412 -2.132054 -3.675386 2.156255 1.184895 0.075192 -1.495248 2.518779 = -1.07265289 @ 396875 201696
1.743273 1.594848 -4.307388 -2.485542 0.358883 -0.062864 4.342351 1.898388 -2.167393 -2.154804 = -1.11438438 @ 398912 202642
1.743273 1.594848 -4.307388 -2.485542 0.358883 -0.062864 4.342351 1.898388 -2.167393 -2.154804 = -1.11438438 @ 398671 202534
-1.562400 4.448983 3.223616 -2.132785 -3.675769 2.155776 1.184755 0.074131 -1.578356 2.521937 = -1.19702214 @ 398226 202311
-1.562400 4.451261 3.223616 -2.132346 -3.676641 2.155776 1.185472 0.073088 -1.570225 2.519147 = -1.23828655 @ 399064 202711
-1.562895 4.400176 3.285791 -2.051215 -3.671843 2.156141 1.185259 0.070958 -1.570350 2.520274 = -1.25015997 @ 399472 202902
-1.564732 4.400748 3.285215 -2.051215 -3.671843 2.155970 1.186489 0.074727 -1.568156 2.517626 = -1.25430297 @ 397603 202026
-1.562082 4.400179 3.285791 -2.051215 -3.680624 2.160157 1.183520 0.075433 -1.568156 2.519350 = -1.25837455 @ 399751 203027
-1.561388 4.400114 3.285791 -2.051215 -3.671843 2.156141 1.185259 0.074917 -1.578837 2.519226 = -1.25866189 @ 399923 203110
-1.562082 4.400179 3.285791 -2.051215 -3.680624 2.155970 1.186884 0.075433 -1.568156 2.519350 = -1.26005477 @ 398316 202355
-1.562082 4.400179 3.285791 -2.051215 -3.680624 2.155970 1.186884 0.075433 -1.568156 2.519350 = -1.26005477 @ 399666 202990
-1.560845 4.400015 3.285476 -2.051215 -3.671843 2.155669 1.194039 0.072833 -1.570756 2.518796 = -1.26313766 @ 399672 202993
-1.562082 4.400015 3.285476 -2.051215 -3.671843 2.155669 1.194039 0.072833 -1.563334 2.518448 = -1.26897014 @ 399696 203003
-1.494648 4.400152 3.284668 -2.131586 -3.675980 2.156760 1.183507 0.075083 -1.619341 2.517917 = -1.28721729 @ 398629 202509
-1.494648 4.400152 3.284668 -2.131586 -3.675980 2.156760 1.183507 0.075083 -1.619341 2.517917 = -1.28721729 @ 399999 203147
-1.494648 4.400152 3.284668 -2.131586 -3.675980 2.156760 1.183507 0.075083 -1.619341 2.517917 = -1.28721729 @ 399759 203030
-1.560652 4.399487 3.285319 -2.132793 -3.710988 2.151980 1.184111 0.075192 -1.495248 2.518779 = -1.30926061 @ 399682 202997
-1.562943 4.410460 3.285141 -2.197800 -3.675757 2.156961 1.183693 0.065297 -1.569135 2.568153 = -1.30940126 @ 399521 202923
-1.562119 4.400467 3.285319 -2.197800 -3.679859 2.156961 1.174863 0.075083 -1.619341 2.518059 = -1.31705529 @ 399456 202895
1.764546 1.601048 -4.307458 -2.469662 0.416908 -0.066579 4.350400 1.930194 -2.210845 -2.171582 = -1.32333500 @ 397579 202012
1.764546 1.601048 -4.307458 -2.469662 0.416908 -0.066579 4.350379 1.930194 -2.210845 -2.171582 = -1.32348384 @ 398714 202554
1.764546 1.601048 -4.307458 -2.469662 0.416908 -0.066579 4.350379 1.930194 -2.210845 -2.171582 = -1.32348384 @ 398964 202666
-1.494648 4.398681 3.284151 -2.132740 -3.675660 2.170927 1.183507 0.075083 -1.619341 2.517917 = -1.32864589 @ 398283 202340
-1.494648 4.398681 3.284151 -2.132740 -3.675660 2.170927 1.184759 0.074917 -1.619341 2.517917 = -1.32986694 @ 399667 202991
-1.541473 4.395040 3.284587 -2.051215 -3.671843 2.155970 1.186489 0.072624 -1.569604 2.522071 = -1.33146572 @ 399993 203145
-1.566922 4.485052 3.285488 -2.132695 -3.674900 2.156223 1.185870 0.074683 -1.570035 2.523857 = -1.39864931 @ 397927 202175
-1.562082 4.396488 3.285791 -2.132793 -3.762853 2.155572 1.187848 0.074637 -1.570009 2.519147 = -1.42484988 @ 399146 202750
-1.560588 4.400477 3.284054 -2.132793 -3.762853 2.158004 1.185454 0.078719 -1.571372 2.520286 = -1.42692354 @ 399722 203015
-1.562082 4.399884 3.284854 -2.132793 -3.762853 2.156049 1.185343 0.074637 -1.570071 2.519147 = -1.43120777 @ 399086 202720
-1.560588 4.400477 3.284054 -2.132793 -3.762853 2.155572 1.189720 0.073787 -1.571372 2.520286 = -1.43160843 @ 399197 202774
-1.556817 4.399333 3.300174 -2.047774 -3.675050 2.156148 1.185495 0.094431 -1.570704 2.519879 = -1.46143890 @ 399332 202840
-1.562039 4.400175 3.322032 -2.051215 -3.669300 2.156275 1.185410 0.076956 -1.568941 2.519268 = -1.51262167 @ 399072 202714
-1.561424 4.400219 3.373557 -2.133392 -3.676916 2.156275 1.181489 0.073736 -1.569674 2.518358 = -1.52658561 @ 398858 202616
-1.649980 4.400182 3.284634 -2.135863 -3.675710 2.156392 1.184806 0.074869 -1.569802 2.521759 = -1.52753763 @ 398776 202581
-1.643065 4.400177 3.279349 -2.132311 -3.675689 2.154311 1.184403 0.073609 -1.609303 2.521842 = -1.56256181 @ 398693 202545
-1.562355 4.400179 3.284935 -2.051215 -3.680046 2.156346 1.186489 0.074523 -1.528454 2.519404 = -1.57151411 @ 399340 202843
-1.583712 4.400748 3.322032 -2.051215 -3.671843 2.156141 1.185259 0.079955 -1.566769 2.517626 = -1.57939307 @ 397890 202159
-1.583712 4.400748 3.322032 -2.051215 -3.675533 2.156314 1.184891 0.079955 -1.566769 2.517626 = -1.58197096 @ 399997 203146
-1.571990 4.401263 3.285251 -2.132107 -3.675980 2.156341 1.185696 0.074744 -1.662223 2.524102 = -1.58918037 @ 399981 203140
-1.562225 4.491530 3.285791 -2.132793 -3.675678 2.156314 1.184969 0.073463 -1.572503 2.519007 = -1.59730893 @ 399811 203058
-1.567036 4.491530 3.285791 -2.132793 -3.675778 2.156347 1.184759 0.074917 -1.569672 2.520629 = -1.59773285 @ 399265 202803
-1.567036 4.491530 3.285791 -2.132793 -3.675678 2.156314 1.184969 0.074819 -1.570505 2.520629 = -1.60074116 @ 398954 202662
-1.561246 4.396488 3.285664 -2.168119 -3.675069 2.155605 1.235413 0.074856 -1.569740 2.464402 = -1.61131213 @ 399863 203082
-1.571990 4.400505 3.284379 -2.134582 -3.680313 2.156411 1.185356 0.060897 -1.662223 2.524102 = -1.62915265 @ 397499 201978
-1.571990 4.400505 3.284379 -2.132155 -3.675757 2.156411 1.185356 0.060897 -1.662223 2.524102 = -1.63131475 @ 399442 202890
-1.562715 4.491530 3.285791 -2.132793 -3.675678 2.156283 1.184270 0.082389 -1.585165 2.515828 = -1.64395188 @ 399921 203110
-1.647800 4.400062 3.286582 -2.145390 -3.676328 2.152915 1.184401 0.074236 -1.608229 2.519423 = -1.69924369 @ 397930 202177
-1.561253 4.399364 3.277958 -2.037365 -3.675761 2.156062 1.189696 0.074380 -1.569890 2.517810 = -1.71123675 @ 397218 201852
-1.561419 4.409749 3.337828 -2.049400 -3.672522 2.156332 1.185186 0.076730 -1.564592 2.518446 = -1.84102800 @ 399913 203106
-1.561419 4.409749 3.337828 -2.049400 -3.672522 2.156332 1.185004 0.074744 -1.564592 2.518446 = -1.84941438 @ 399557 202943
-1.556417 4.409749 3.337828 -2.049400 -3.672522 2.156332 1.185004 0.075411 -1.569557 2.518605 = -1.85524599 @ 399119 202739
-1.556417 4.409749 3.337828 -2.049400 -3.672522 2.156332 1.183520 0.070958 -1.569557 2.518605 = -1.87633601 @ 399644 202980
-1.562088 4.400011 3.285641 -2.031701 -3.672328 2.155651 1.190809 0.073516 -1.564990 2.518729 = -1.91841348 @ 399905 203102
-1.562951 4.400311 3.373489 -2.132155 -3.675739 2.161609 1.183911 0.074735 -1.570427 2.570203 = -2.02397143 @ 399194 202772
-1.643065 4.402199 3.224948 -2.132311 -3.675689 2.154311 1.185410 0.074851 -1.568941 2.524245 = -2.02668012 @ 399404 202871
-1.643065 4.402199 3.224948 -2.132311 -3.675689 2.154311 1.185410 0.074851 -1.568941 2.524245 = -2.02668467 @ 398960 202664
-1.562951 4.400311 3.373489 -2.132155 -3.675739 2.161609 1.183911 0.074819 -1.569065 2.570203 = -2.02896449 @ 399278 202808
1.764546 1.601048 -4.307743 -2.485611 0.416908 -0.066579 4.278652 1.898690 -2.210845 -2.155587 = -2.16368043 @ 398953 202661
-1.649980 4.400182 3.223616 -2.135863 -3.675710 2.155776 1.185472 0.073088 -1.570225 2.521759 = -2.30325020 @ 399834 203067
-1.562400 4.451261 3.223616 -2.132346 -3.675386 2.156255 1.184895 0.075192 -1.495248 2.519147 = -2.36717491 @ 399777 203043
1.855242 1.600947 -4.304992 -2.484391 0.352443 -0.063857 4.342325 1.898769 -2.232698 -2.155103 = -2.38841601 @ 397293 201884
-3.396264 -3.227337 2.348473 2.064330 4.373007 3.119592 0.543196 -4.743210 3.610440 2.475616 = -2.66263718 @ 381548 194523
-1.561388 4.400114 3.285391 -2.131456 -3.675718 2.156306 1.066264 0.074637 -1.570009 2.519226 = -2.75176568 @ 399541 202935
-1.562155 4.400050 3.284288 -2.134838 -3.675087 2.215528 1.187864 0.150179 -1.569493 2.457759 = -2.75885553 @ 398538 202464
1.764546 1.601048 -4.307743 -2.484453 0.357867 0.040211 4.342351 1.898118 -2.210845 -2.155587 = -2.85096121 @ 399584 202955
-1.562225 4.546139 3.284486 -2.132017 -3.675757 2.155789 1.184172 0.074641 -1.572503 2.519007 = -3.98134939 @ 396685 201608
