 7.7061713038911      7.7063032508321      7.7062280574969    =     0.999999996    @       5664      2543.99    1
 7.7062377050219      1.1700977111401      7.7062952689074    =    0.9999999985    @       5665      2551.33    1
 4.1111775452009      7.7063149576052      4.1112089229946    =    0.9999999987    @       5667      2551.61    1
 4.1111232656389      7.7060949474991      7.7063050850471    =    0.9999999835    @       5670      2551.88    1
 2.1932802720934      4.1112252915419      7.7062289700887    =     0.999999999    @       5674      2552.21    1
 7.7063346398302      4.1112389995688       4.111159705228    =    0.9999999959    @       5679      2552.64    1
 7.7062756087749     0.33301905059553       2.193280593947    =    0.9999999999    @       5685      2553.12    1
 1.1700581132496      2.1932593584696      4.1113611702384    =    0.9999999637    @       5692      2553.66    1
 7.7063090855251      7.7062031515908     0.62422304793327    =    0.9999999969    @       5700      2554.27    1
 7.7063635070271      7.7062164647708      2.1932784812403    =    0.9999999969    @      10923      5089.21    1
 7.7059229529001      2.1932711210922      2.1933774406507    =    0.9999999316    @      10933      5089.98    1
 7.7062237891855      4.1111997373765      7.7063242846425    =    0.9999999985    @      10944      5090.81    1
 4.1112109534949       7.706280970826      2.1932788094291    =               1    @      10956      5091.71    1
 7.7062929601442         2.1932817652      7.7062708457997    =    0.9999999999    @      10969      5092.67    1
 4.1111993608695      4.1112100417611      2.1932784958187    =    0.9999999999    @      10983      5093.71    1
 2.1932246032693      2.1932348013984      1.1700724524997    =     0.999999979    @      10998      5094.81    1
0.62422774902698      7.7062857196523     0.62422836507403    =               1    @      11014      5095.99    1
 7.7061688271547      7.7062686470158      4.1112667357066    =    0.9999999932    @      16134      7685.41    1
 2.1932753868697      7.7062696725732      7.7062839769827    =    0.9999999999    @      16152      7686.75    1
 4.1112044673858       2.193283763742      7.7063104376505    =    0.9999999996    @      16181      7688.63    1
 7.7062186312202      4.1111480960965      2.1932427605067    =    0.9999999908    @      16211      7690.57    1
 1.1700792679107      7.7062898145051      2.1932828083178    =    0.9999999988    @      16243      7692.62    1
0.62422877694598      2.1932786761317       7.706272798948    =               1    @      16265      7694.23    1
 7.7062762069577     0.62422935523859      4.1112119687107    =    0.9999999999    @      16288      7695.92    1
 1.1700924287117       4.111189565672      4.1112145261137    =    0.9999999995    @      20369      10344.3    1
 7.7062397687185      2.1932770049693      4.1111932795379    =    0.9999999994    @      20405      10346.6    1
 2.1931464735874      2.1934997881909      7.7061848398158    =    0.9999997685    @      20463      10350.1    1
 7.7062881476763      1.1700950202445       2.193276410808    =    0.9999999994    @      20490        10352    1
 4.1112475349671      4.1111416753139      4.1112281022691    =    0.9999999937    @      20518        10354    1
 2.1932887632737      4.1111788628608      1.1701000060431    =    0.9999999974    @      20547      10356.1    1
 4.1112974583696      4.1111525655217       7.706135202358    =    0.9999999834    @      26342      13856.3    1
 2.1932758601894      7.7062191589925      4.1111427460005    =    0.9999999949    @      26384      13859.1    1
 7.7062729756776      4.1112067246871     0.62423029348222    =    0.9999999998    @      26437      13862.5    1
 7.7062712085126      4.1112052855352      1.1700866600985    =    0.9999999999    @      26470      13864.9    1
 4.1113209876304     0.62422941034971      2.1932986607179    =     0.999999986    @      26504      13867.3    1
   4.11111800307     0.33302621218407      7.7058182168642    =    0.9999999239    @      26539      13869.9    1
 4.1112037440692      1.1700879547914      7.7062546711437    =    0.9999999998    @      31711      17474.2    1
 4.1112765072623      7.7062986405262      1.1700844022752    =    0.9999999949    @      31748      17476.8    1
 4.1112160488058      1.1700844019025      4.1112391631073    =    0.9999999987    @      31786      17479.6    1
 7.7062677314408      7.7063117847747      1.1700880676302    =    0.9999999996    @      31825      17482.4    1
 1.1700883599856      4.1112353045906       7.706321100809    =    0.9999999987    @      31876      17485.8    1
 7.7063610792898      1.1700836198311     0.33301921779291    =    0.9999999976    @      31938      17489.8    1
 1.1700768973353      1.1700885489422      1.1700878260957    =    0.9999999983    @      37803      22109.8    1
 1.1700988582395       2.193310725766       7.706199868868    =    0.9999999938    @      37889      22115.1    1
 1.1700877966599      7.7059877566505      7.7061564984192    =    0.9999999724    @      37933      22118.3    1
 4.1112061087366      2.1933242404411      0.3330124489463    =    0.9999999878    @      37978      22121.5    1
 2.1932825620439      1.1700927840018      4.1112039341069    =    0.9999999998    @      38024      22124.8    1
 1.1700923580759     0.33302315933757      7.7064064322681    =    0.9999999918    @      38071      22128.2    1
 7.7062899120482      1.1700804349639      4.1111519322931    =    0.9999999961    @      43685      26223.1    1
 7.7062753667634     0.62422365500627       1.170086561174    =     0.999999999    @      43744      26227.2    1
 2.1932744171711     0.62422253044438       7.706234969565    =    0.9999999979    @      43794      26230.8    1
0.62422766352757      7.7063218782942      7.7063127178891    =    0.9999999991    @      43845      26234.4    1
 2.1932814750769       4.111205223091      4.1111383098078    =    0.9999999953    @      43897      26238.2    1
 4.1119709435262      7.7088731490916     0.62419615469636    =    0.9999974897    @      43950        26242    1
 2.1932837750462      1.1700843850988     0.62422941032426    =    0.9999999997    @      53516      32463.8    1
  1.170095488329      1.1700826654649      4.1111319204909    =    0.9999999934    @      53571      32467.8    1
 1.1700756560391      7.7063387934641      1.1700822423186    =    0.9999999963    @      53649        32473    1
 7.7063556247636     0.33302037453843      7.7062375931263    =    0.9999999973    @      53706      32477.1    1
 2.1932195230685      1.1701054630297      7.7064181980253    =    0.9999999783    @      53764      32481.3    1
 7.7062840259798     0.33301861945875      4.1112024050442    =               1    @      58184      36291.7    1
 2.1932772073595      7.7062837082112      2.1932884128322    =    0.9999999997    @      63678      41022.6    1
 1.1701134153783      2.1932614452959     0.33301517918672    =    0.9999999898    @      63790      41029.7    1
 1.1700823013263      4.1112162504748       2.193292516423    =    0.9999999989    @      68764      45659.6    1
0.33301697003318      4.1111822756527      7.7062503758352    =    0.9999999989    @      68827      45664.1    1
 2.1932806137594      4.1112005015991       2.193278600412    =    0.9999999999    @      68891      45668.7    1
 4.1112059610243      2.1932799760235      2.1932815294039    =               1    @      68956      45673.3    1
 2.1932855174949      7.7061134127721     0.62423929905189    =    0.9999999873    @      69022      45678.1    1
 2.1932175844348      4.1111873911452     0.62421741278463    =    0.9999999809    @      69100      45683.4    1
 2.1932288085391      2.1933652635174      4.1111908812008    =    0.9999999655    @      74787      50935.9    1
 2.1932760808082      2.1932746409378      2.1932825874412    =    0.9999999998    @      74888      50942.8    1
 4.1112101609806      2.1932321674048      4.1112600981746    =    0.9999999893    @      74958      50947.8    1
 4.1112183133057       1.170081200776     0.62422678358816    =    0.9999999991    @      75040      50953.5    1
 7.7062756661464     0.62423700436349      2.1932624529039    =    0.9999999958    @      75112      50958.7    1
 2.1932773601352      7.7062667140786      1.1700890871376    =    0.9999999999    @      75185      50963.9    1
 2.1932426199721     0.62422640594866      4.1111919700738    =    0.9999999947    @      79925        56162    1
0.62423211167077      7.7063056617072      2.1932838030081    =    0.9999999991    @      80011        56168    1
0.62423058384792      7.7063221849324      1.1700801981619    =    0.9999999983    @      80108      56174.6    1
 7.7062794616228      1.1700944820914      1.1700674455768    =    0.9999999941    @      85175      61267.8    1
 1.1700927277331       7.706363088234      4.1112147295346    =    0.9999999977    @      85274      61274.6    1
 1.1700897948909      4.1111961858438        1.17009364587    =    0.9999999996    @      85363      61280.9    1
0.33302250385503      7.7061354790406      4.1111846573061    =    0.9999999914    @      85443      61286.6    1
  1.170085650198      1.1700980996298      7.7062246158124    =     0.999999998    @      85535        61293    1
 4.1112073633446     0.62422885234879      7.7062950554538    =    0.9999999999    @      85617      61298.9    1
 4.1112191641376     0.62422874411345      4.1112179742802    =    0.9999999997    @      91669      67072.1    1
0.62422774562469      1.1700833742928      7.7063174398719    =    0.9999999992    @      91753      67078.1    1
 7.7062762192195       7.706286105438     0.33301842323543    =               1    @      91838      67084.2    1
 4.1112159110108      1.1700895300782      2.1932731096902    =    0.9999999998    @      96334      71838.2    1
 1.1700908473458       2.193286657518      2.1932772116664    =    0.9999999998    @      96453      71846.5    1
0.62422684352605      0.6242271151545      7.7062706425358    =    0.9999999998    @     101398      77248.9    1
 4.1112426306556      4.1112412783778      1.1700776887039    =    0.9999999961    @     106112      82138.7    1
 2.1932687161769     0.33301818580523      4.1112070985739    =    0.9999999995    @     106243      82147.7    1
0.62422037204319      1.1700688205602      4.1112184681016    =    0.9999999922    @     106344      82154.9    1
 7.7062579823265     0.62422846613494       7.706282144039    =    0.9999999999    @     111169      87801.5    1
0.62422916904023      4.1112173688705     0.62422943522115    =    0.9999999998    @     111272      87808.9    1
0.62422796793847      1.1700876985403      2.1932807524031    =               1    @     116616      93464.2    1
 4.1111346954085      1.1700797048971      1.1701039451541    =     0.999999991    @     121506      99081.1    1
  7.706343899455      2.1932990187744      1.1700854226308    =    0.9999999974    @     121602      99088.1    1
 1.1700916463313     0.62422863889873      7.7062655349895    =    0.9999999999    @     121743      99097.9    1
0.62422841093771      4.1112070214041       2.193283989284    =    0.9999999999    @     121841      99105.1    1
 4.1112209125289      2.1932869687202      1.1700871423552    =    0.9999999996    @     128932       106310    1
   0.62422687218      7.7063329410271      4.1112013639151    =     0.999999999    @     129042       106318    1
 2.1932863737675      1.1700889631012      1.1700837246716    =    0.9999999995    @     129153       106326    1
 2.1932747891978     0.62422683524902      1.1700852133778    =    0.9999999996    @     129255       106334    1
 7.7062811382727      2.1932754104317     0.62422874850569    =    0.9999999999    @     135130       112705    1
0.62422959553722      2.1933121828442      2.1932834544592    =    0.9999999963    @     140761       117844    1
 4.1112016892651      4.1111997077736     0.33301830749944    =    0.9999999999    @     140866       117852    1
  4.111209160831     0.62422929358804      1.1700906292813    =    0.9999999999    @     146352       124152    1
 2.1932815781138      7.7062645752685     0.33301869721863    =    0.9999999999    @     146491       124161    1
0.33301846342826      4.1111991351085       4.111230131712    =    0.9999999994    @     146610       124170    1
 0.3330164434276      7.7061823841846      2.1932888145169    =    0.9999999966    @     152597       130830    1
 7.7062830186873     0.33301698624291      1.1700855405141    =    0.9999999995    @     152728       130840    1
 7.7062808179075      1.1700893218625     0.62422883463478    =               1    @     158649       137072    1
  1.170089938243      2.1932817645337      1.1700748399924    =    0.9999999976    @     164133       143738    1
 1.1700823124471      4.1111719748791     0.62422808475055    =    0.9999999983    @     164246       143747    1
 7.7062693503088     0.62422650504965     0.62422258099872    =    0.9999999984    @     164381       143756    1
 0.6242245883171      4.1111890226974      1.1700733759513    =    0.9999999962    @     164507       143766    1
 2.1932833514266      4.1111971482051     0.33302165329001    =    0.9999999983    @     164623       143774    1
0.62425688232831      4.1110932755119     0.33302343698132    =    0.9999999488    @     169806       149559    1
  2.193315824512      1.1701040897617      2.1932498121043    =    0.9999999895    @     175274       159426    1
 4.1110971899347      4.1112303333711     0.62423148095551    =    0.9999999872    @     187308       174106    1
 4.1112013424418     0.33301781520994      4.1112064371539    =    0.9999999999    @     187461       174117    1
 2.1932775780025     0.62422981678467      2.1932811942489    =    0.9999999999    @     193454       181762    1
 2.1932758234978     0.62422737190844     0.62422839018037    =    0.9999999999    @     199110       188524    1
0.62422599548413      2.1932711899739      4.1112295711316    =     0.999999999    @     222393       220943    1
0.33301693425312     0.62422925287851      7.7062681575571    =    0.9999999996    @     222538       220954    1
 4.1112052432865     0.62422816053409     0.62422809050712    =               1    @     222674       220964    1
 4.1112103003988      1.1701040208119     0.33301912378542    =    0.9999999971    @     228686       229791    1
 2.1933058273961      2.1932818609087     0.62423088283488    =    0.9999999974    @     234641       239943    1
 4.1111954157953     0.33301932499372     0.62422899493991    =    0.9999999997    @     234780       239953    1
0.33301936506874      2.1932805349349      4.1112111878395    =    0.9999999999    @     234909       239963    1
 7.7062410291496      4.1111997095952     0.33301796486303    =    0.9999999995    @     235039       239972    1
0.62422728448173      4.1112079965491      7.7062601126497    =    0.9999999999    @     240513       250258    1
0.62423386141578      2.1932594139591       1.170091554737    =    0.9999999972    @     240709       250272    1
 4.1111946734776      2.1932816595441     0.62423055473624    =    0.9999999996    @     264443       293310    1
 1.1700807614814     0.62423857096981      4.1112208532612    =    0.9999999946    @     270061       302362    1
 1.1700913883903      1.1701038573917      2.1932713849094    =    0.9999999969    @     270196       302371    1
0.62422841947273      4.1112089071616      4.1112076363298    =               1    @     277647       313973    1
 1.1700795452094       7.706135195369     0.62422339159343    =    0.9999999922    @     284311       323290    1
 0.3330221107291      4.1112006207311     0.62422602532627    =    0.9999999977    @     284537       323306    1
 4.1112318108838     0.62423031446465     0.33301796338863    =    0.9999999992    @     290951       332873    1
0.62422864711852      1.1700882680615      1.1700902408773    =               1    @     291113       332884    1
 4.1112076706616      7.7062726255645     0.33301872097756    =               1    @     303653       352813    1
 0.3330232464126      4.1111922387375     0.33301489832341    =    0.9999999944    @     316200       374051    1
 1.1700958793734      4.1112030654223     0.33301905407296    =    0.9999999993    @     316343       374061    1
 1.1700826218297     0.33301725522741      2.1932802419258    =    0.9999999993    @     328983       394827    1
0.33301942802541       7.706267349795      7.7062796315314    =    0.9999999998    @     336952       404742    1
 4.1112123668283     0.33301780909585      2.1932876275787    =    0.9999999997    @     337098       404752    1
 1.1700927149998      2.1932848069219     0.62423092254731    =    0.9999999995    @     343449       415249    1
 4.1112052924477     0.33301794463986      1.1700898003709    =    0.9999999999    @     356517       441523    1
0.62422790305315      2.1932965471858     0.62421979751646    =    0.9999999959    @     362743       452932    1
0.62423046513615     0.62422424337858     0.62422647879349    =    0.9999999989    @     370465       464807    1
0.33301970802807      7.7062869407443      1.1700901671859    =    0.9999999997    @     377314       474494    1
 2.1932579290793      1.1700922134387     0.33302055069219    =    0.9999999975    @     377466       474505    1
0.33301802044032      1.1700895709504      4.1112113486662    =    0.9999999999    @     385422       487794    1
